5.914949178695678711e-01
7.180219888687133789e-02
5.883076190948486328e-01
5.907513499259948730e-01
1.579062342643737793e-01
6.802310049533843994e-02
1.279600411653518677e-01
1.151023805141448975e-01
1.228893250226974487e-01
5.671308189630508423e-02
7.242467999458312988e-02
2.399929016828536987e-01
3.117712400853633881e-02
6.546676903963088989e-02
6.419583410024642944e-02
5.277828872203826904e-02
6.724084168672561646e-02
1.646686345338821411e-01
1.238266229629516602e-01
7.218412309885025024e-02
1.877679675817489624e-01
4.610844328999519348e-02
8.356075733900070190e-02
6.200906261801719666e-02
4.546792060136795044e-02
9.702733904123306274e-02
8.624190092086791992e-02
1.238020956516265869e-01
3.789699822664260864e-02
3.757016733288764954e-02
4.150479137897491455e-01
5.721230804920196533e-02
4.398985207080841064e-02
5.609191209077835083e-02
8.993738144636154175e-02
7.411106675863265991e-02
8.545054197311401367e-01
4.414959251880645752e-01
9.817554056644439697e-02
6.398251652717590332e-01
1.371678858995437622e-01
2.102206349372863770e-01
3.035620041191577911e-02
3.842765390872955322e-01
1.912884563207626343e-01
7.111395895481109619e-02
2.818049117922782898e-02
3.800571337342262268e-02
8.072389662265777588e-02
5.617297068238258362e-02
8.760386705398559570e-02
6.007600203156471252e-02
4.727606102824211121e-02
1.274511516094207764e-01
6.070153415203094482e-02
5.067474842071533203e-01
6.519365310668945312e-02
2.957439124584197998e-01
5.387045145034790039e-01
3.296670317649841309e-02
5.497671663761138916e-02
5.680323392152786255e-02
4.944796860218048096e-02
1.348283886909484863e-01
6.167137995362281799e-02
7.002366334199905396e-02
5.351369455456733704e-02
1.377435922622680664e-01
9.640267491340637207e-02
9.999561309814453125e-01
9.973763227462768555e-01
1.716229468584060669e-01
8.222000300884246826e-02
4.394216090440750122e-02
7.711505144834518433e-02
8.877044171094894409e-02
5.712722241878509521e-02
2.285512983798980713e-01
1.196277141571044922e-02
7.751274853944778442e-02
7.364350557327270508e-01
8.709970861673355103e-02
7.713989168405532837e-02
7.705302536487579346e-02
1.785447895526885986e-01
6.775846332311630249e-02
1.054929420351982117e-01
8.182750642299652100e-02
9.413873404264450073e-02
1.331635117530822754e-01
4.910767450928688049e-02
8.481474965810775757e-02
1.162012368440628052e-01
3.472969532012939453e-01
2.940888330340385437e-02
5.522549152374267578e-02
9.964652061462402344e-01
5.214557647705078125e-01
2.622171640396118164e-01
6.457366049289703369e-02
3.878773748874664307e-02
7.534462213516235352e-02
2.022000588476657867e-02
4.362273216247558594e-01
9.843633770942687988e-01
1.253762692213058472e-01
7.646169513463973999e-02
2.750292606651782990e-02
6.776020675897598267e-02
2.043813653290271759e-02
1.254207640886306763e-01
1.518214493989944458e-01
3.319814801216125488e-02
1.109464764595031738e-01
6.378574669361114502e-02
1.601112484931945801e-01
1.096099615097045898e-01
1.194212064146995544e-01
3.599552214145660400e-01
2.952112257480621338e-01
5.949162319302558899e-02
7.124458253383636475e-02
3.918333724141120911e-02
7.943096011877059937e-02
8.432785421609878540e-02
4.711110889911651611e-02
5.877140909433364868e-02
4.451262578368186951e-02
1.404348909854888916e-01
3.737013041973114014e-01
7.674924284219741821e-02
6.198467314243316650e-02
1.230672001838684082e-01
9.982679784297943115e-02
9.241765737533569336e-02
1.609017550945281982e-01
8.293961733579635620e-02
4.707331955432891846e-02
1.233095154166221619e-01
8.715526759624481201e-02
3.588275611400604248e-02
1.966114193201065063e-01
7.426486164331436157e-02
7.288986444473266602e-02
2.997174486517906189e-02
1.191791445016860962e-01
1.655293628573417664e-02
1.069552674889564514e-01
8.218951523303985596e-02
7.328072935342788696e-02
7.558948993682861328e-01
4.073599278926849365e-01
5.131899192929267883e-02
6.210291385650634766e-02
9.633475542068481445e-02
1.595657914876937866e-01
7.325766235589981079e-02
8.673647046089172363e-02
6.120277568697929382e-02
7.403261214494705200e-02
2.576437033712863922e-02
3.326394408941268921e-02
1.595550030469894409e-01
5.576822906732559204e-02
5.877145007252693176e-02
1.562520116567611694e-01
1.044083312153816223e-01
6.606267392635345459e-02
7.143240422010421753e-02
8.668003231287002563e-02
1.140348538756370544e-01
9.027466922998428345e-02
6.574761271476745605e-01
7.387652993202209473e-02
1.022626757621765137e-01
1.043724343180656433e-01
1.454749405384063721e-01
3.259890899062156677e-02
8.715839684009552002e-02
7.783454656600952148e-02
1.167630106210708618e-01
1.970450580120086670e-02
1.053495705127716064e-01
6.991837918758392334e-02
5.720212310552597046e-02
1.919656246900558472e-01
1.493026316165924072e-01
5.375613644719123840e-02
5.929632186889648438e-01
5.719546079635620117e-01
8.238887041807174683e-02
2.491779625415802002e-01
1.067412719130516052e-01
1.009914726018905640e-01
1.378834992647171021e-01
1.167246997356414795e-01
4.324887320399284363e-02
5.648189038038253784e-02
5.988859385251998901e-02
5.673170834779739380e-02
5.719792097806930542e-02
1.585073322057723999e-01
7.984358072280883789e-02
7.386340200901031494e-02
8.223387598991394043e-02
5.382047221064567566e-02
3.519698977470397949e-02
1.393196582794189453e-01
3.136102855205535889e-01
3.119013011455535889e-01
9.909756779670715332e-01
9.781526923179626465e-01
7.736662030220031738e-02
6.134961172938346863e-02
7.112618535757064819e-02
1.006722003221511841e-01
1.508374661207199097e-01
1.975906044244766235e-01
5.167267844080924988e-02
4.767099767923355103e-02
8.588062971830368042e-02
3.906266391277313232e-02
8.502680808305740356e-02
5.025435984134674072e-02
3.510095551609992981e-02
1.186794042587280273e-01
4.903165251016616821e-02
6.925448775291442871e-02
9.122217446565628052e-02
1.744837462902069092e-01
6.820222735404968262e-02
6.121926754713058472e-02
1.092145368456840515e-01
1.499149054288864136e-01
5.096758902072906494e-02
6.113154813647270203e-02
4.071936756372451782e-02
1.570963859558105469e-01
1.064013317227363586e-01
3.466106951236724854e-02
9.694174677133560181e-02
1.952890306711196899e-01
2.352023310959339142e-02
3.826614841818809509e-02
1.608333140611648560e-01
1.295926868915557861e-01
1.216937154531478882e-01
9.047709405422210693e-02
2.716848067939281464e-02
1.277033984661102295e-02
3.139107674360275269e-02
1.133126020431518555e-01
6.342267990112304688e-01
1.682421378791332245e-02
5.270121246576309204e-02
5.610485002398490906e-02
7.330580800771713257e-02
5.903040617704391479e-02
6.935523450374603271e-02
1.029113233089447021e-01
7.164812833070755005e-02
8.476862311363220215e-02
7.671307772397994995e-02
5.830668807029724121e-01
1.558315847069025040e-02
1.290701627731323242e-01
1.108757108449935913e-01
6.118739768862724304e-02
8.326700329780578613e-02
6.210774555802345276e-02
2.620179057121276855e-01
3.142176568508148193e-02
6.228328347206115723e-01
6.084830686450004578e-02
3.556257858872413635e-02
4.433836638927459717e-01
5.659740790724754333e-02
1.196252927184104919e-01
2.823297679424285889e-02
3.504666686058044434e-02
1.013227105140686035e-01
8.022790402173995972e-02
1.134757921099662781e-01
6.257060915231704712e-02
5.168382823467254639e-02
7.691610604524612427e-02
4.054890200495719910e-02
5.884982645511627197e-02
8.885979652404785156e-02
9.412956982851028442e-02
1.200846284627914429e-01
7.849868386983871460e-02
2.749103680253028870e-02
3.617455065250396729e-02
1.160206943750381470e-01
8.298052102327346802e-02
3.677566349506378174e-02
3.820700198411941528e-02
1.148383095860481262e-01
4.450460523366928101e-02
5.475236475467681885e-02
9.557753801345825195e-02
7.952318340539932251e-02
5.959558486938476562e-02
8.930498361587524414e-02
6.311972439289093018e-02
5.722729116678237915e-02
3.189157247543334961e-01
2.385928295552730560e-02
7.956077903509140015e-02
1.255480647087097168e-01
6.859159469604492188e-02
2.139697037637233734e-02
6.266869604587554932e-02
5.223842337727546692e-02
1.443632245063781738e-01
5.829131007194519043e-01
6.897191405296325684e-01
5.809955298900604248e-02
1.024239435791969299e-01
8.941394686698913574e-01
3.200040385127067566e-02
2.596205770969390869e-01
3.687629699707031250e-01
1.785332560539245605e-01
9.395321607589721680e-01
4.524535685777664185e-02
3.695512935519218445e-02
4.976289719343185425e-02
7.286945730447769165e-02
1.342222541570663452e-01
6.235279515385627747e-02
8.497455716133117676e-02
1.264512687921524048e-01
4.718997702002525330e-02
3.712411969900131226e-02
6.788676232099533081e-02
4.670030772686004639e-01
1.246489062905311584e-01
4.106293246150016785e-02
2.642346322536468506e-01
1.379058063030242920e-01
6.628743559122085571e-02
6.570488959550857544e-02
4.588287696242332458e-02
5.287440493702888489e-02
8.909720182418823242e-02
8.083081990480422974e-02
4.827373847365379333e-02
7.564016580581665039e-01
5.583431199193000793e-02
6.909000128507614136e-02
1.041820868849754333e-01
3.806124255061149597e-02
4.820076376199722290e-02
1.664523333311080933e-01
3.718447387218475342e-01
1.162657588720321655e-01
2.671212144196033478e-02
3.339366242289543152e-02
2.439016848802566528e-01
2.024041414260864258e-01
1.419880241155624390e-01
7.225701957941055298e-02
2.084450982511043549e-02
7.960316538810729980e-02
8.092572689056396484e-01
2.183057069778442383e-01
2.427140995860099792e-02
8.033886551856994629e-02
4.218077361583709717e-01
6.810668706893920898e-01
1.492480337619781494e-01
1.240516677498817444e-01
2.942574620246887207e-01
1.052560880780220032e-01
7.747814804315567017e-02
7.309830188751220703e-02
5.886349827051162720e-02
6.560533493757247925e-02
1.257072538137435913e-01
4.710461199283599854e-02
1.072911024093627930e-01
5.368889495730400085e-02
5.491788685321807861e-02
8.564734458923339844e-02
7.139573991298675537e-02
4.194211214780807495e-02
1.006664410233497620e-01
6.543512642383575439e-02
1.777667850255966187e-01
4.588077962398529053e-02
7.137750089168548584e-02
2.828414440155029297e-01
9.140305221080780029e-02
5.314642563462257385e-02
1.205225288867950439e-01
6.463467329740524292e-02
7.071274518966674805e-02
6.976041942834854126e-02
1.148635968565940857e-01
9.465048462152481079e-02
5.828887224197387695e-02
7.614198327064514160e-02
2.907845005393028259e-02
2.464232444763183594e-01
4.856931790709495544e-02
6.414868682622909546e-02
1.752200871706008911e-01
4.632966816425323486e-01
5.178254842758178711e-01
9.303127229213714600e-02
7.333315908908843994e-02
3.418605402112007141e-02
7.626224309206008911e-02
5.321336910128593445e-02
1.220099255442619324e-01
1.375303417444229126e-01
1.090168654918670654e-01
7.131903618574142456e-02
4.152817651629447937e-02
6.117771565914154053e-02
4.573154747486114502e-01
2.354603409767150879e-01
1.135520786046981812e-01
3.839327394962310791e-01
9.739631414413452148e-02
1.375686973333358765e-01
1.939627230167388916e-01
3.185514211654663086e-01
4.749521240592002869e-02
1.791853457689285278e-01
3.985293805599212646e-01
4.082662612199783325e-02
1.483674347400665283e-01
6.015740707516670227e-02
6.036137044429779053e-02
9.103915840387344360e-02
7.304529845714569092e-02
5.576197057962417603e-02
1.447817534208297729e-01
5.862654745578765869e-02
1.003836914896965027e-01
4.660592228174209595e-02
4.918404668569564819e-02
7.421457767486572266e-02
4.666942730545997620e-02
1.215798333287239075e-01
5.675160884857177734e-02
8.200720697641372681e-02
7.168759405612945557e-02
4.072921350598335266e-02
2.824286185204982758e-02
9.744019061326980591e-02
2.484784089028835297e-02
4.751805216073989868e-02
5.176838114857673645e-02
6.263470649719238281e-02
6.823018938302993774e-02
9.802886843681335449e-02
2.248965203762054443e-01
3.337422311305999756e-01
4.656943678855895996e-02
1.002247482538223267e-01
7.345718145370483398e-02
1.079853549599647522e-01
4.150985181331634521e-01
8.146320283412933350e-02
1.142785251140594482e-01
4.834031462669372559e-01
6.441519856452941895e-01
2.016744017601013184e-02
3.034547902643680573e-02
9.774540066719055176e-01
3.168890252709388733e-02
2.875297144055366516e-02
1.334142591804265976e-02
6.811311841011047363e-02
6.389139592647552490e-02
8.687608689069747925e-02
2.028160095214843750e-01
6.526969373226165771e-02
1.246082261204719543e-01
6.699068844318389893e-02
8.474135398864746094e-02
5.441353470087051392e-02
9.398831427097320557e-02
1.003984808921813965e-01
4.986210912466049194e-02
1.812846809625625610e-01
4.773599505424499512e-01
1.261309087276458740e-01
1.635286062955856323e-01
7.459095865488052368e-02
5.546445772051811218e-02
4.708547145128250122e-02
4.750885814428329468e-02
3.210330009460449219e-02
3.090721555054187775e-02
1.715162545442581177e-01
8.269278705120086670e-02
5.406055971980094910e-02
1.031486913561820984e-01
1.926161944866180420e-01
1.714791506528854370e-01
4.439087584614753723e-02
1.416024714708328247e-01
9.607733488082885742e-01
4.681696295738220215e-01
9.405746310949325562e-02
2.726148366928100586e-01
3.499903157353401184e-02
1.296809464693069458e-01
1.034923195838928223e-01
8.653650432825088501e-02
1.154733672738075256e-01
5.376999080181121826e-02
7.402653098106384277e-01
1.739758253097534180e-01
9.014937877655029297e-01
3.709492459893226624e-02
1.166576594114303589e-01
1.009211540222167969e-01
9.048708528280258179e-02
6.253143399953842163e-02
1.387418508529663086e-01
2.663573324680328369e-01
5.845105275511741638e-02
5.398711189627647400e-02
3.101040795445442200e-02
2.244591116905212402e-01
4.056731611490249634e-02
8.764672279357910156e-02
6.262804567813873291e-02
1.025490164756774902e-01
1.368538383394479752e-02
5.801544338464736938e-02
3.855539858341217041e-02
1.069467291235923767e-01
2.934023924171924591e-02
1.032292023301124573e-01
3.371263295412063599e-02
7.788382470607757568e-02
1.002276316285133362e-01
1.551312655210494995e-01
6.577884405851364136e-02
5.361790582537651062e-02
3.262132406234741211e-02
6.875474750995635986e-02
5.539064854383468628e-02
3.011993169784545898e-01
1.508913636207580566e-01
6.605335325002670288e-02
5.728140473365783691e-02
1.587231159210205078e-01
2.868304252624511719e-01
1.353320479393005371e-01
5.625673383474349976e-02
8.163128793239593506e-02
7.183929532766342163e-02
5.105968564748764038e-02
6.472316384315490723e-02
9.326986223459243774e-02
9.962657094001770020e-01
9.542328119277954102e-01
3.857177123427391052e-02
4.879064857959747314e-02
1.262960731983184814e-01
3.786964341998100281e-02
5.112811923027038574e-01
3.602921664714813232e-01
4.632740467786788940e-02
9.164442867040634155e-02
4.821749776601791382e-02
7.498095929622650146e-02
6.960407644510269165e-02
6.818356364965438843e-02
6.550387293100357056e-02
2.681992761790752411e-02
5.105931684374809265e-02
5.391072109341621399e-02
1.964733377099037170e-02
1.608202010393142700e-01
9.573849290609359741e-02
8.961354941129684448e-02
8.657383173704147339e-02
7.327038049697875977e-02
5.447685718536376953e-02
6.472476571798324585e-02
1.034395471215248108e-01
3.906988352537155151e-02
6.605794280767440796e-02
2.770558595657348633e-01
7.197294384241104126e-02
7.676067948341369629e-02
8.248601853847503662e-02
4.433776065707206726e-02
1.576273739337921143e-01
7.233409285545349121e-01
1.025163903832435608e-01
7.696437835693359375e-02
1.318268179893493652e-01
8.514478057622909546e-02
2.384511381387710571e-01
5.493947863578796387e-02
3.050323128700256348e-01
9.512677192687988281e-01
5.881002917885780334e-02
6.017198562622070312e-01
1.499115377664566040e-01
4.627859592437744141e-02
2.201053798198699951e-01
3.336503356695175171e-02
6.749860942363739014e-02
1.079039648175239563e-01
7.349096983671188354e-02
6.480368226766586304e-02
1.596351154148578644e-02
1.064242497086524963e-01
1.018211618065834045e-01
5.070629343390464783e-02
1.324846893548965454e-01
1.040801927447319031e-01
1.782249659299850464e-01
3.693058341741561890e-02
4.147463291883468628e-02
9.185849875211715698e-02
5.812990665435791016e-02
1.603360474109649658e-01
2.403926849365234375e-02
9.584509581327438354e-02
8.110510557889938354e-02
8.841221034526824951e-02
1.450639963150024414e-01
5.842227116227149963e-02
1.995837688446044922e-01
1.057277843356132507e-01
4.871256649494171143e-02
5.976421013474464417e-02
4.104262217879295349e-02
5.519697070121765137e-02
8.656109869480133057e-02
8.371224999427795410e-02
3.139113485813140869e-01
1.774858087301254272e-01
5.170341581106185913e-02
7.622677832841873169e-02
2.266795933246612549e-02
4.321649968624114990e-01
7.233587503433227539e-01
1.408442109823226929e-01
8.116340637207031250e-02
7.911121100187301636e-02
1.205067783594131470e-01
8.075708895921707153e-02
1.974367499351501465e-01
8.743547648191452026e-02
1.407057344913482666e-01
5.930030718445777893e-02
5.354350805282592773e-02
7.866553217172622681e-02
5.438897609710693359e-01
2.170408964157104492e-01
5.273757502436637878e-02
9.898421168327331543e-01
9.479363262653350830e-02
8.370596170425415039e-02
9.288810938596725464e-02
7.753325998783111572e-02
5.648723989725112915e-02
1.130244657397270203e-01
1.932086497545242310e-01
8.361332118511199951e-02
3.409996256232261658e-02
3.881024196743965149e-02
1.181869357824325562e-01
3.815821111202239990e-01
6.111807227134704590e-01
3.435131534934043884e-02
1.141532212495803833e-01
2.587419748306274414e-02
1.924280077219009399e-01
4.383089840412139893e-01
3.774207532405853271e-01
1.491660475730895996e-01
9.918229281902313232e-02
2.137605547904968262e-01
1.873990148305892944e-01
6.515811383724212646e-02
5.324508547782897949e-01
1.758577376604080200e-01
1.627529971301555634e-02
3.117802441120147705e-01
6.352681666612625122e-02
1.157737970352172852e-01
6.691000610589981079e-02
2.887038514018058777e-02
5.247742682695388794e-02
8.898798376321792603e-02
7.541920244693756104e-02
7.215925306081771851e-02
9.508811682462692261e-02
1.625554561614990234e-01
1.094069033861160278e-01
6.643888354301452637e-01
8.261591941118240356e-02
4.717866703867912292e-02
7.554763555526733398e-02
1.317271888256072998e-01
4.587747156620025635e-02
3.329419344663619995e-02
8.280431479215621948e-02
1.747243255376815796e-01
2.729789726436138153e-02
5.126116797327995300e-02
9.797614067792892456e-02
1.785226762294769287e-01
1.081913411617279053e-01
4.334701225161552429e-02
6.844440102577209473e-02
1.096544116735458374e-01
5.605001747608184814e-02
1.012855321168899536e-01
1.028508394956588745e-01
2.916769683361053467e-02
2.119901925325393677e-01
2.699980437755584717e-01
2.657852768898010254e-01
8.715729415416717529e-02
1.547551304101943970e-01
2.745010517537593842e-02
3.146329522132873535e-02
4.757708013057708740e-01
7.616452872753143311e-02
9.535659849643707275e-02
4.083100706338882446e-02
2.411305010318756104e-01
9.053756296634674072e-02
1.317567527294158936e-01
4.100910574197769165e-02
4.932292178273200989e-02
3.090045452117919922e-01
3.417119756340980530e-02
7.895102351903915405e-02
4.877541661262512207e-01
8.325679898262023926e-01
4.715851694345474243e-02
2.255562506616115570e-02
9.366918355226516724e-02
6.152241677045822144e-02
1.193339154124259949e-01
6.430814415216445923e-02
1.690245233476161957e-02
1.908732205629348755e-01
1.950037628412246704e-01
1.514309942722320557e-01
2.000080645084381104e-01
5.593682080507278442e-02
7.889233529567718506e-02
5.980835482478141785e-02
7.772587239742279053e-02
4.747685417532920837e-02
7.613951712846755981e-02
7.822495698928833008e-02
3.849624469876289368e-02
4.044513031840324402e-02
1.066921204328536987e-01
1.296337544918060303e-01
9.238672256469726562e-01
2.530669979751110077e-02
9.415397047996520996e-02
5.873120948672294617e-02
1.981696784496307373e-01
9.140159487724304199e-01
6.395050883293151855e-01
5.205792933702468872e-02
3.980393335223197937e-02
5.745094269514083862e-02
2.859445214271545410e-01
1.034993976354598999e-01
1.421754807233810425e-01
9.601298719644546509e-02
7.372410595417022705e-02
6.212271377444267273e-02
8.442331105470657349e-02
4.718513041734695435e-02
5.959514528512954712e-02
2.230023778975009918e-02
6.677956879138946533e-02
6.089028343558311462e-02
7.408966869115829468e-02
1.998999714851379395e-01
4.683074727654457092e-02
1.636656373739242554e-01
9.697515368461608887e-01
6.498854160308837891e-01
3.859504759311676025e-01
3.557224571704864502e-02
2.076785415410995483e-01
2.246276885271072388e-01
6.416927278041839600e-02
4.861034825444221497e-02
1.480911523103713989e-01
9.047430753707885742e-02
1.960056424140930176e-01
6.048144698143005371e-01
1.510485112667083740e-01
6.145098432898521423e-02
8.064868301153182983e-02
1.603466421365737915e-01
4.695361107587814331e-02
8.247853070497512817e-02
9.792245924472808838e-02
1.260383129119873047e-01
4.768500477075576782e-02
2.592585384845733643e-01
1.011729538440704346e-01
4.260448738932609558e-02
1.077426448464393616e-01
6.007817015051841736e-02
1.059813722968101501e-01
1.171968877315521240e-01
9.978059679269790649e-02
8.883070945739746094e-01
9.878200292587280273e-01
3.838635981082916260e-02
3.086902499198913574e-01
8.635225147008895874e-02
6.122195720672607422e-02
7.103591412305831909e-02
4.554658383131027222e-02
8.580055087804794312e-02
9.162116050720214844e-01
8.979551494121551514e-02
4.309404268860816956e-02
6.109532713890075684e-01
1.838038712739944458e-01
2.324547916650772095e-01
7.134353369474411011e-02
1.071490347385406494e-01
1.012671366333961487e-01
6.458829343318939209e-02
3.736182302236557007e-02
1.128631159663200378e-01
1.101319640874862671e-01
9.118799120187759399e-02
2.331450730562210083e-01
2.295415550470352173e-01
1.392842084169387817e-01
2.630269229412078857e-01
2.607013843953609467e-02
4.747173562645912170e-02
4.990705102682113647e-02
1.435253173112869263e-01
8.962588012218475342e-02
6.881909072399139404e-02
5.622917413711547852e-02
1.924369111657142639e-02
1.132400482892990112e-01
5.604093521833419800e-02
7.539197057485580444e-02
8.231715112924575806e-02
4.072237387299537659e-02
7.391511648893356323e-02
1.052740737795829773e-01
5.075249448418617249e-02
1.274691522121429443e-01
6.339441984891891479e-02
9.698881953954696655e-02
4.841395094990730286e-02
9.897704422473907471e-02
5.967281013727188110e-02
7.894393056631088257e-02
7.039896249771118164e-01
1.272863745689392090e-01
4.207383096218109131e-02
4.791774600744247437e-02
4.578630253672599792e-02
9.316877275705337524e-02
5.245495587587356567e-02
2.051164507865905762e-01
1.276485621929168701e-01
5.708525702357292175e-02
6.019354611635208130e-02
6.864868998527526855e-01
9.969173371791839600e-02
3.088715672492980957e-02
1.391056329011917114e-01
4.997358843684196472e-02
2.052168548107147217e-02
3.266426920890808105e-01
3.147446215152740479e-01
3.668592572212219238e-01
5.111436918377876282e-02
1.118004918098449707e-01
6.850349903106689453e-02
5.242942273616790771e-02
4.469799995422363281e-02
4.731502383947372437e-02
4.890112578868865967e-02
1.698239296674728394e-01
7.921104133129119873e-02
1.289316564798355103e-01
1.746239215135574341e-01
7.497391104698181152e-02
9.868310391902923584e-02
8.550646901130676270e-02
5.130093097686767578e-01
1.309811919927597046e-01
2.407786808907985687e-02
8.291836827993392944e-02
6.489335745573043823e-02
1.271492093801498413e-01
4.101135581731796265e-02
4.199556633830070496e-02
2.036736346781253815e-02
3.676353394985198975e-01
9.676723182201385498e-02
4.815194755792617798e-02
6.351988762617111206e-02
3.128971159458160400e-02
7.706034928560256958e-02
6.035500392317771912e-02
5.174537375569343567e-02
7.043007016181945801e-02
6.847505271434783936e-02
3.051045909523963928e-02
1.319543570280075073e-01
8.850958943367004395e-02
6.963562965393066406e-02
1.249914467334747314e-01
9.189040958881378174e-02
4.093845561146736145e-02
7.889521121978759766e-01
7.248244285583496094e-01
1.244162619113922119e-01
1.251544803380966187e-01
8.370389789342880249e-02
1.075233370065689087e-01
1.101022213697433472e-01
9.430157393217086792e-02
2.253391221165657043e-02
1.105202287435531616e-01
4.212354868650436401e-02
4.234926030039787292e-02
2.450034208595752716e-02
7.401231676340103149e-02
5.619705468416213989e-02
1.020802110433578491e-01
8.453176915645599365e-02
1.229698508977890015e-01
5.766063928604125977e-01
1.423898339271545410e-01
1.974198520183563232e-01
6.276181340217590332e-02
7.054349780082702637e-02
6.073903664946556091e-02
4.762403368949890137e-01
8.423292040824890137e-01
6.711188703775405884e-02
4.859092459082603455e-02
4.914090409874916077e-02
9.085530787706375122e-02
6.455745548009872437e-02
5.585862398147583008e-01
6.952099204063415527e-01
1.909152790904045105e-02
1.283945981413125992e-02
1.004965677857398987e-01
8.994217962026596069e-02
1.959195435047149658e-01
1.055629923939704895e-01
1.262713968753814697e-01
6.745293736457824707e-02
6.115643307566642761e-02
1.531364172697067261e-01
5.368718504905700684e-02
4.743522405624389648e-02
4.374561458826065063e-02
5.595273375511169434e-01
1.696357131004333496e-02
4.506353661417961121e-02
4.741427674889564514e-02
3.787993639707565308e-02
8.053995668888092041e-03
7.306120544672012329e-02
6.360626220703125000e-02
6.223651394248008728e-02
1.994397863745689392e-02
7.492212951183319092e-02
4.239835590124130249e-02
4.454229399561882019e-02
6.254599988460540771e-02
1.350755244493484497e-01
2.445745617151260376e-01
3.403898477554321289e-01
5.542638525366783142e-02
1.322909146547317505e-01
4.207385182380676270e-01
4.661403596401214600e-02
6.887318193912506104e-02
5.326614901423454285e-02
3.842091932892799377e-02
1.634833030402660370e-02
9.854060411453247070e-02
8.527920395135879517e-02
2.451005391776561737e-02
1.612085998058319092e-01
5.756300687789916992e-02
4.577680304646492004e-02
5.170064792037010193e-02
6.008253246545791626e-02
5.453653261065483093e-02
3.407539054751396179e-02
1.121470183134078979e-01
9.270658344030380249e-02
5.147640779614448547e-02
8.547032624483108521e-02
6.679750978946685791e-02
5.523190647363662720e-02
5.535513162612915039e-02
1.211251169443130493e-01
8.966987580060958862e-02
5.670167878270149231e-02
4.506826400756835938e-02
1.115410178899765015e-01
8.725963532924652100e-02
5.109049007296562195e-02
3.164730966091156006e-02
1.876895874738693237e-01
8.248700946569442749e-02
8.994593471288681030e-02
8.922881633043289185e-02
2.406762726604938507e-02
1.175390630960464478e-01
6.138439849019050598e-02
1.419983357191085815e-01
3.189484402537345886e-02
5.263087525963783264e-02
6.018260493874549866e-02
1.378928124904632568e-02
7.594154030084609985e-02
6.836647540330886841e-02
2.403152361512184143e-02
8.894034624099731445e-01
7.834549993276596069e-02
1.170331314206123352e-01
8.965661376714706421e-02
1.003038361668586731e-01
2.601059712469577789e-02
1.782206147909164429e-01
1.228960603475570679e-01
2.054958790540695190e-01
7.459235191345214844e-02
8.041051775217056274e-02
9.994148015975952148e-01
9.999532699584960938e-01
5.078814923763275146e-02
7.375340163707733154e-02
7.036577165126800537e-02
7.407326996326446533e-02
2.688465267419815063e-02
4.813552647829055786e-02
1.651883125305175781e-01
7.037080824375152588e-02
7.307066768407821655e-02
6.557033956050872803e-02
3.885111212730407715e-02
6.466538459062576294e-02
4.589981958270072937e-02
7.323019951581954956e-02
6.124609336256980896e-02
4.557948186993598938e-02
5.114956572651863098e-02
4.240868613123893738e-02
5.648958683013916016e-02
5.208640918135643005e-02
1.325461268424987793e-01
8.101408183574676514e-02
2.730829715728759766e-01
1.373724490404129028e-01
2.197405546903610229e-01
3.107580244541168213e-01
3.765969723463058472e-02
5.339039862155914307e-02
1.075195148587226868e-01
1.747358590364456177e-01
2.669019699096679688e-01
2.343567907810211182e-01
1.434612870216369629e-01
4.908654466271400452e-02
1.219464540481567383e-01
5.659164115786552429e-02
9.887931942939758301e-01
2.434520274400711060e-01
2.536704950034618378e-02
2.176350541412830353e-02
2.555640339851379395e-01
6.245449557900428772e-02
1.470254510641098022e-01
3.787438571453094482e-02
4.947438836097717285e-02
7.399009168148040771e-02
6.819634884595870972e-02
9.995539486408233643e-02
1.122826039791107178e-01
2.583125233650207520e-02
1.129858493804931641e-01
1.588216871023178101e-01
6.387483328580856323e-02
2.496981322765350342e-01
6.772123575210571289e-01
8.823295831680297852e-01
7.332761585712432861e-02
4.025023803114891052e-02
1.640885919332504272e-01
1.295215338468551636e-01
1.195716038346290588e-01
7.782009989023208618e-02
9.301017224788665771e-02
6.459787487983703613e-02
4.415531083941459656e-02
1.058729216456413269e-01
1.650279462337493896e-01
8.226436376571655273e-02
6.538341194391250610e-02
3.672204911708831787e-02
3.592449054121971130e-02
6.394175440073013306e-02
3.344038501381874084e-02
5.860923230648040771e-02
5.833008512854576111e-02
1.010889410972595215e-01
1.096886172890663147e-01
6.184087991714477539e-01
2.085122466087341309e-01
3.683623299002647400e-02
2.671927586197853088e-02
7.642735540866851807e-02
6.953955441713333130e-02
1.090056374669075012e-01
8.007899671792984009e-02
1.362942457199096680e-01
1.479318179190158844e-02
6.919030845165252686e-02
5.834800004959106445e-02
2.650036849081516266e-02
1.507488042116165161e-01
7.989875227212905884e-02
1.443290710449218750e-01
3.803641200065612793e-01
1.100888550281524658e-01
3.743518143892288208e-02
7.522100210189819336e-02
9.106278419494628906e-02
5.946433544158935547e-02
6.013168022036552429e-02
2.857753038406372070e-01
1.406990438699722290e-01
7.809401303529739380e-02
1.371178328990936279e-01
5.147618800401687622e-02
1.277051270008087158e-01
2.597520649433135986e-01
1.407371610403060913e-01
1.534021943807601929e-01
5.775130540132522583e-02
8.778156340122222900e-02
5.217230916023254395e-01
3.164401948451995850e-01
9.301352500915527344e-01
1.580743938684463501e-01
5.441905558109283447e-02
1.043131723999977112e-01
1.187272276729345322e-02
1.193644255399703979e-01
7.697535306215286255e-02
1.704975962638854980e-02
6.438505649566650391e-02
1.025419756770133972e-01
7.311282306909561157e-02
5.703505873680114746e-02
1.342086642980575562e-01
1.163340732455253601e-01
4.550972208380699158e-02
9.574121832847595215e-01
1.201494559645652771e-01
1.037371680140495300e-01
4.668832570314407349e-02
3.301269561052322388e-02
1.499857902526855469e-01
4.259118437767028809e-02
8.864331990480422974e-02
1.108573526144027710e-01
8.289893157780170441e-03
9.267857670783996582e-02
8.284342885017395020e-01
6.626303195953369141e-01
1.886152848601341248e-02
1.271137744188308716e-01
1.342737525701522827e-01
1.557612884789705276e-02
1.870536804199218750e-01
7.605725526809692383e-02
4.801657050848007202e-02
1.214361041784286499e-01
1.791581064462661743e-01
2.623776793479919434e-01
5.146312713623046875e-02
4.234667867422103882e-02
5.775509029626846313e-02
1.428802907466888428e-01
1.095437854528427124e-01
1.077730655670166016e-01
6.362520903348922729e-02
9.704469889402389526e-02
3.629392385482788086e-02
5.905768275260925293e-02
8.709731698036193848e-02
4.945426806807518005e-02
1.761959195137023926e-01
2.124221809208393097e-02
7.111664116382598877e-02
1.342022866010665894e-01
1.167810782790184021e-01
1.683011054992675781e-01
5.742866545915603638e-02
1.169976517558097839e-01
3.300398588180541992e-02
7.713089883327484131e-02
9.674720466136932373e-02
8.050146698951721191e-02
8.850179314613342285e-01
9.781609773635864258e-01
9.762052893638610840e-01
6.589961051940917969e-02
9.778140187263488770e-01
3.791565820574760437e-02
6.523571908473968506e-02
3.844092041254043579e-02
7.460179924964904785e-02
6.866291165351867676e-02
1.039354205131530762e-01
6.592471152544021606e-02
8.626144379377365112e-02
3.129692375659942627e-02
8.443187177181243896e-02
9.662451595067977905e-02
2.735867351293563843e-02
9.611045718193054199e-01
5.424802750349044800e-02
1.896542161703109741e-01
1.107040122151374817e-01
3.600504621863365173e-02
9.021530300378799438e-02
4.097283259034156799e-02
4.633073508739471436e-02
1.752468049526214600e-01
1.882291436195373535e-01
6.550111621618270874e-02
9.023016691207885742e-02
5.748537555336952209e-02
4.717086628079414368e-02
4.849404469132423401e-02
6.888043135404586792e-02
8.949217200279235840e-01
9.172269105911254883e-01
4.353909939527511597e-02
1.819128692150115967e-01
1.121903732419013977e-01
1.154144555330276489e-01
1.064535528421401978e-01
4.511974006891250610e-02
7.527532428503036499e-02
5.548118799924850464e-02
5.939208716154098511e-02
6.701485067605972290e-02
4.207692667841911316e-02
4.603961855173110962e-02
6.840098649263381958e-02
2.809063531458377838e-02
4.559860005974769592e-02
6.674399226903915405e-02
9.253074973821640015e-02
4.406260699033737183e-02
8.420624583959579468e-02
7.103182375431060791e-02
8.375035971403121948e-02
1.098177134990692139e-01
5.477596074342727661e-02
1.791679114103317261e-02
7.197949290275573730e-02
7.442557811737060547e-02
9.167017042636871338e-02
5.938844755291938782e-02
6.383652240037918091e-02
5.831679701805114746e-02
2.873035520315170288e-02
9.996936321258544922e-01
5.078888311982154846e-02
9.935411810874938965e-02
6.560248136520385742e-02
9.202525019645690918e-02
9.312865883111953735e-02
4.292307049036026001e-02
1.461606174707412720e-01
2.641983032226562500e-01
1.776599586009979248e-01
9.933912754058837891e-01
4.642077162861824036e-02
5.010592937469482422e-01
3.092142194509506226e-02
5.353721976280212402e-01
6.073077023029327393e-02
1.162966713309288025e-01
4.552256315946578979e-02
3.542486950755119324e-02
1.320162266492843628e-01
5.733216926455497742e-02
1.683371812105178833e-01
3.423720225691795349e-02
2.996157109737396240e-01
1.728182286024093628e-01
7.420970201492309570e-01
7.360336929559707642e-02
8.198633790016174316e-02
6.280463188886642456e-02
4.924286156892776489e-02
5.747694894671440125e-02
1.004437804222106934e-01
7.647909969091415405e-02
2.996254712343215942e-02
6.638159602880477905e-02
8.393014222383499146e-02
3.869437798857688904e-02
7.042971253395080566e-02
7.726909220218658447e-02
4.051849842071533203e-01
1.508997082710266113e-01
3.481764718890190125e-02
6.132427230477333069e-02
5.213465094566345215e-01
9.503549337387084961e-01
8.195784687995910645e-02
2.177729308605194092e-01
7.470144331455230713e-02
3.928545862436294556e-02
5.812077596783638000e-02
7.030740380287170410e-02
5.758168548345565796e-02
2.335328459739685059e-01
6.957578659057617188e-02
6.079741194844245911e-02
2.022015452384948730e-01
6.872471421957015991e-02
8.313900977373123169e-02
6.672323346138000488e-01
3.811704218387603760e-01
7.480257749557495117e-02
5.218942463397979736e-02
9.310819953680038452e-02
5.109485983848571777e-02
1.414793636649847031e-02
7.597589492797851562e-02
9.433268010616302490e-02
9.627161920070648193e-02
1.196497008204460144e-01
9.424822926521301270e-01
2.842668630182743073e-02
5.402940511703491211e-02
8.558552712202072144e-02
4.369368031620979309e-02
6.286435574293136597e-02
1.483734883368015289e-02
3.432631120085716248e-02
1.072472408413887024e-01
9.685101360082626343e-02
1.757609397172927856e-01
8.036756515502929688e-02
4.801879823207855225e-02
2.032193541526794434e-01
7.811692357063293457e-01
6.388571113348007202e-02
1.050182059407234192e-01
3.040975704789161682e-02
1.797218769788742065e-01
3.324214369058609009e-02
9.988156557083129883e-01
8.710410445928573608e-02
7.297980040311813354e-02
5.279465764760971069e-02
5.705937743186950684e-01
1.770249307155609131e-01
1.663796976208686829e-02
9.898082911968231201e-02
2.770308852195739746e-01
5.343890935182571411e-02
2.076092921197414398e-02
9.447682648897171021e-02
5.476680770516395569e-02
9.979091584682464600e-02
2.769359573721885681e-02
6.867735981941223145e-01
9.952918291091918945e-01
7.550264894962310791e-02
5.259538069367408752e-02
6.675525009632110596e-02
1.489358991384506226e-01
7.090105861425399780e-02
4.619333148002624512e-02
9.229961782693862915e-02
1.014373153448104858e-01
6.714453548192977905e-02
6.024195551872253418e-01
1.583552360534667969e-01
7.059302181005477905e-02
4.689837619662284851e-02
3.269585222005844116e-02
5.245506018400192261e-02
2.900992333889007568e-02
1.714788973331451416e-01
2.109326124191284180e-01
5.546646565198898315e-02
9.699325263500213623e-02
9.796308279037475586e-01
7.996135354042053223e-01
4.761168360710144043e-02
9.850814938545227051e-02
7.115301489830017090e-02
7.549925893545150757e-02
4.169437661767005920e-02
5.626473203301429749e-02
1.152740642428398132e-01
4.528526216745376587e-02
4.650586843490600586e-02
1.048851013183593750e-01
2.928585372865200043e-02
8.896699547767639160e-02
6.251119822263717651e-02
1.257995218038558960e-01
6.359626054763793945e-01
7.032395154237747192e-02
3.715242743492126465e-01
8.260387182235717773e-02
5.168348923325538635e-02
9.449031203985214233e-02
1.066483557224273682e-01
7.313050329685211182e-02
6.188020706176757812e-01
8.451099693775177002e-02
6.997868418693542480e-02
4.810400307178497314e-01
1.397873163223266602e-01
4.396556317806243896e-02
9.674640297889709473e-01
6.904585361480712891e-01
2.317619770765304565e-01
2.901765108108520508e-01
3.513779491186141968e-02
8.263048529624938965e-02
6.838773190975189209e-02
1.232180465012788773e-02
4.427024349570274353e-02
7.122687250375747681e-02
1.390851438045501709e-01
4.267321527004241943e-02
5.549576878547668457e-01
5.919519066810607910e-02
1.083497479557991028e-01
8.838325738906860352e-02
3.597434982657432556e-02
6.678093969821929932e-02
1.212442144751548767e-01
1.038644239306449890e-01
6.831008195877075195e-02
1.689402461051940918e-01
4.412720352411270142e-02
5.433219671249389648e-02
8.059313893318176270e-02
8.508484065532684326e-02
7.373480498790740967e-02
2.530865930020809174e-02
1.040727272629737854e-01
5.790387094020843506e-02
6.478543579578399658e-02
8.623265475034713745e-02
5.735585838556289673e-02
8.330103009939193726e-02
4.904767498373985291e-02
1.238058954477310181e-01
9.374788403511047363e-02
1.380286067724227905e-01
3.368031233549118042e-02
5.200335010886192322e-02
7.861764729022979736e-02
7.554025948047637939e-02
6.839726120233535767e-02
8.839572221040725708e-02
7.153694331645965576e-02
6.584536284208297729e-02
1.248951852321624756e-01
5.017096549272537231e-02
1.868841201066970825e-01
5.250735580921173096e-02
5.372231081128120422e-02
1.913928426802158356e-02
2.811182104051113129e-02
5.633928254246711731e-02
2.206058949232101440e-01
2.852666378021240234e-01
6.100687384605407715e-02
6.205879896879196167e-02
8.890007436275482178e-02
7.798804342746734619e-02
5.863915011286735535e-02
5.266968905925750732e-02
2.309599071741104126e-01
6.481336802244186401e-02
1.968501508235931396e-01
3.997811675071716309e-01
5.390933528542518616e-02
1.133295744657516479e-01
7.665831595659255981e-02
9.610699862241744995e-02
9.961012005805969238e-02
9.056420624256134033e-02
6.395318359136581421e-02
1.077351495623588562e-01
8.288262039422988892e-02
6.948787719011306763e-02
8.616967201232910156e-01
9.742056131362915039e-01
5.465030670166015625e-02
7.176597416400909424e-02
4.341090470552444458e-02
3.845429793000221252e-02
5.082198977470397949e-01
2.577211707830429077e-02
9.977368116378784180e-01
6.170751154422760010e-02
2.912799715995788574e-01
4.181417822837829590e-01
4.644968733191490173e-02
5.389396101236343384e-02
1.064036265015602112e-01
1.044601947069168091e-01
8.957048505544662476e-02
2.454833872616291046e-02
1.482931524515151978e-02
3.572324290871620178e-02
9.276800602674484253e-02
3.112765774130821228e-02
1.015671193599700928e-01
2.360687591135501862e-02
1.194460764527320862e-01
6.237734481692314148e-02
2.087128534913063049e-02
5.324818938970565796e-02
9.944343566894531250e-02
3.513573482632637024e-02
8.317114412784576416e-02
3.622751310467720032e-02
5.374354720115661621e-01
1.024389639496803284e-01
1.442804485559463501e-01
9.971094876527786255e-02
6.787824630737304688e-02
7.853452861309051514e-02
4.389048740267753601e-02
6.090658158063888550e-02
6.170845031738281250e-02
1.032793745398521423e-01
7.707923650741577148e-02
6.108669564127922058e-02
1.427484303712844849e-01
2.597476728260517120e-02
5.043716356158256531e-02
2.592141628265380859e-01
4.932285472750663757e-02
1.138003244996070862e-01
1.675650924444198608e-01
3.493114933371543884e-02
9.259667247533798218e-02
4.305227845907211304e-02
1.867539435625076294e-02
6.649631857872009277e-01
7.559773325920104980e-01
1.011271923780441284e-01
3.277610242366790771e-02
6.733216345310211182e-02
5.520929694175720215e-01
8.937713503837585449e-01
6.093420460820198059e-02
3.469358384609222412e-02
4.317989572882652283e-02
7.597506046295166016e-02
3.726608306169509888e-02
3.273250535130500793e-02
9.131725132465362549e-02
6.279826164245605469e-02
1.240021437406539917e-01
1.907911449670791626e-01
9.366760253906250000e-01
1.138624697923660278e-01
9.468571096658706665e-02
8.946588635444641113e-02
5.858181044459342957e-02
3.695130348205566406e-02
7.902633398771286011e-02
2.009841352701187134e-01
6.300377845764160156e-02
3.099831379950046539e-02
2.446003407239913940e-01
1.489462107419967651e-01
2.859980985522270203e-02
1.042693629860877991e-01
4.032390937209129333e-02
4.563010856509208679e-02
1.195262596011161804e-01
7.810611277818679810e-02
2.186050415039062500e-01
1.340914368629455566e-01
7.790060341358184814e-02
2.686946690082550049e-01
6.556605547666549683e-02
1.528933178633451462e-02
1.233209669589996338e-01
6.039721518754959106e-02
8.848346769809722900e-02
4.579318687319755554e-02
5.195728316903114319e-02
8.073432445526123047e-01
8.000002503395080566e-01
6.745039224624633789e-01
9.744697809219360352e-02
7.933697104454040527e-02
3.241892158985137939e-02
7.436536997556686401e-02
5.556844547390937805e-02
4.573015868663787842e-02
1.559715121984481812e-01
3.696923330426216125e-02
1.168729290366172791e-01
8.320556581020355225e-02
1.636728048324584961e-01
5.958786606788635254e-02
3.373799100518226624e-02
1.669277548789978027e-01
6.889779120683670044e-02
1.130479723215103149e-01
4.941637814044952393e-02
1.080809310078620911e-01
6.893607974052429199e-02
3.172003850340843201e-02
6.578789651393890381e-02
8.907914906740188599e-02
7.409259676933288574e-02
3.345591947436332703e-02
2.376324981451034546e-01
9.580546617507934570e-01
9.997081160545349121e-01
8.330247998237609863e-01
1.398560404777526855e-01
1.436135023832321167e-01
3.850501775741577148e-01
4.487890005111694336e-02
3.898450359702110291e-02
6.760733574628829956e-02
6.975159794092178345e-02
3.815100342035293579e-02
5.805872008204460144e-02
2.383233159780502319e-01
4.010256379842758179e-02
1.236134171485900879e-01
2.693169005215167999e-02
5.390105396509170532e-02
5.704920366406440735e-02
9.275610744953155518e-02
3.755228966474533081e-02
2.012495249509811401e-01
8.569816499948501587e-02
2.722794413566589355e-01
7.294513285160064697e-02
6.698967516422271729e-02
9.390573203563690186e-02
7.950866222381591797e-02
6.442970782518386841e-02
1.793967634439468384e-01
3.518271148204803467e-01
1.349293142557144165e-01
2.303731627762317657e-02
1.724569052457809448e-01
4.011822119355201721e-02
1.290612667798995972e-01
2.977885119616985321e-02
3.070853650569915771e-02
9.186608344316482544e-02
4.317285493016242981e-02
2.034315653145313263e-02
4.599796235561370850e-02
5.065938830375671387e-02
1.055323109030723572e-01
7.648001611232757568e-02
4.927224218845367432e-01
5.854622721672058105e-01
7.349861264228820801e-01
9.738639593124389648e-01
8.194442838430404663e-02
4.654000326991081238e-02
6.661800295114517212e-02
1.032711863517761230e-01
4.702425375580787659e-02
3.504811227321624756e-02
4.877519235014915466e-02
4.885693639516830444e-02
5.892991274595260620e-02
1.963844448328018188e-01
7.671368867158889771e-02
9.290825128555297852e-01
8.011514693498611450e-02
9.262925386428833008e-02
6.723984330892562866e-02
5.207265913486480713e-02
9.817948192358016968e-02
2.248222231864929199e-01
7.425718009471893311e-02
4.373119398951530457e-02
1.495538800954818726e-01
1.025099456310272217e-01
5.487593635916709900e-02
1.478255242109298706e-01
7.796040773391723633e-01
6.011221408843994141e-01
2.914923243224620819e-02
6.917455792427062988e-02
6.124848499894142151e-02
6.392671912908554077e-02
8.157954365015029907e-02
3.201225027441978455e-02
4.584642127156257629e-02
2.245306968688964844e-02
6.108304485678672791e-02
2.324168980121612549e-01
2.138025462627410889e-01
1.494113504886627197e-01
1.309569627046585083e-01
2.343823015689849854e-01
9.485922753810882568e-02
7.559790462255477905e-02
3.675536811351776123e-02
3.830928727984428406e-02
5.174942314624786377e-02
3.279887139797210693e-01
6.371959298849105835e-02
1.002295687794685364e-01
2.624114751815795898e-01
2.860484719276428223e-01
6.266644597053527832e-02
4.686445370316505432e-02
5.423759669065475464e-02
9.476234018802642822e-02
8.257108181715011597e-02
7.985612004995346069e-02
1.580145061016082764e-01
5.145722627639770508e-02
6.712902337312698364e-02
6.242348626255989075e-02
3.012054972350597382e-02
4.714738205075263977e-02
5.736316367983818054e-02
4.682672768831253052e-02
4.166570305824279785e-02
4.135917127132415771e-02
1.501058936119079590e-01
5.337596684694290161e-02
8.227028250694274902e-01
8.912960290908813477e-01
8.028228580951690674e-02
1.292009353637695312e-01
7.539425045251846313e-02
6.528669595718383789e-02
1.342849135398864746e-01
1.093164533376693726e-01
8.427637815475463867e-02
1.035267189145088196e-01
8.288599550724029541e-02
7.726636528968811035e-02
7.837101817131042480e-02
6.866527348756790161e-02
7.849006354808807373e-02
5.012502893805503845e-02
5.319574475288391113e-01
1.290859580039978027e-01
1.827872842550277710e-01
5.676334723830223083e-02
1.030962318181991577e-01
2.580941021442413330e-01
1.219503581523895264e-01
6.364008039236068726e-02
4.481812193989753723e-02
1.421134322881698608e-01
1.351569294929504395e-01
3.560215979814529419e-02
7.199002057313919067e-02
4.625251516699790955e-02
1.188318729400634766e-01
1.782509088516235352e-01
4.693922773003578186e-02
4.114419594407081604e-02
1.981492042541503906e-01
8.421643823385238647e-02
4.278859123587608337e-02
6.284547597169876099e-02
7.435121387243270874e-02
8.382476121187210083e-02
7.633039355278015137e-02
2.684407122433185577e-02
9.999994039535522461e-01
3.475079238414764404e-01
9.111522883176803589e-02
8.400714397430419922e-02
3.736639395356178284e-02
9.142639487981796265e-02
7.042820006608963013e-02
6.245649605989456177e-02
7.483810186386108398e-02
8.866653591394424438e-02
9.970533847808837891e-02
7.865551114082336426e-02
5.981760099530220032e-02
1.738499999046325684e-01
5.895276740193367004e-02
8.226368576288223267e-02
1.552739143371582031e-01
2.589168399572372437e-02
5.326630547642707825e-02
1.686471700668334961e-01
4.687634408473968506e-01
5.574110150337219238e-01
5.061899870634078979e-02
4.753651842474937439e-02
8.375066518783569336e-02
2.869069017469882965e-02
1.544683724641799927e-01
8.185101747512817383e-01
8.235498517751693726e-02
7.676652818918228149e-02
6.426914781332015991e-02
5.883550271391868591e-02
1.010380312800407410e-01
6.853847950696945190e-02
6.027114391326904297e-02
2.848150134086608887e-01
1.911681294441223145e-01
2.428463399410247803e-01
9.877866506576538086e-02
3.433067351579666138e-02
4.322001338005065918e-02
3.413684293627738953e-02
1.357663869857788086e-01
5.049201101064682007e-02
1.297556310892105103e-01
2.190760709345340729e-02
4.035193845629692078e-02
5.844233557581901550e-02
1.598910391330718994e-01
1.341124176979064941e-01
1.642294228076934814e-01
1.211764886975288391e-01
1.978377848863601685e-01
2.939444035291671753e-02
1.005032062530517578e-01
9.583101421594619751e-02
4.482556506991386414e-02
1.778590083122253418e-01
3.703048452734947205e-02
7.191915810108184814e-02
4.997433722019195557e-02
2.435876987874507904e-02
1.558665279299020767e-02
1.290999352931976318e-01
5.097924917936325073e-02
5.589535087347030640e-02
5.355411022901535034e-02
5.610466375946998596e-02
7.789491862058639526e-02
1.532428562641143799e-01
6.523570418357849121e-02
9.904883056879043579e-02
5.061747506260871887e-02
9.065619111061096191e-02
8.936971426010131836e-02
2.346858568489551544e-02
4.950375109910964966e-02
1.438065916299819946e-01
9.225194156169891357e-02
1.013708561658859253e-01
6.961876899003982544e-02
7.171601802110671997e-02
2.099149525165557861e-01
1.181064099073410034e-01
1.241437569260597229e-01
3.027424216270446777e-01
7.766118049621582031e-01
8.203600347042083740e-02
8.929939270019531250e-01
4.836202785372734070e-02
8.886706084012985229e-02
1.041057184338569641e-01
2.701279893517494202e-02
1.908093877136707306e-02
2.447672933340072632e-01
5.974188819527626038e-02
1.014685928821563721e-01
8.427820354700088501e-02
1.278887540102005005e-01
9.222765266895294189e-02
3.418201953172683716e-02
4.535443708300590515e-02
5.889154598116874695e-02
1.419285535812377930e-01
6.957662105560302734e-02
6.433480232954025269e-02
1.842609941959381104e-01
3.686290234327316284e-02
5.587087571620941162e-02
8.009380847215652466e-02
2.391442358493804932e-01
2.824245989322662354e-01
4.153678417205810547e-01
7.372442632913589478e-02
1.808850169181823730e-01
2.553101815283298492e-02
9.098265320062637329e-02
6.708363443613052368e-02
1.548480540513992310e-01
6.480392813682556152e-02
2.562529444694519043e-01
6.240873783826828003e-02
5.935584008693695068e-02
6.785456836223602295e-02
4.202878847718238831e-02
1.733879148960113525e-01
7.451391965150833130e-02
6.079692393541336060e-02
4.265982657670974731e-02
5.501601099967956543e-02
4.744211584329605103e-02
6.501199305057525635e-02
5.489320307970046997e-02
5.889944732189178467e-02
1.848661303520202637e-01
2.621390223503112793e-01
9.145282506942749023e-01
9.691129922866821289e-01
6.425416469573974609e-02
1.158015280961990356e-01
9.874128550291061401e-02
9.987929463386535645e-02
4.990063980221748352e-02
8.602855354547500610e-02
1.441805064678192139e-01
7.313483208417892456e-02
8.520641922950744629e-02
5.606476962566375732e-02
3.604082763195037842e-02
1.575024724006652832e-01
1.163858026266098022e-01
2.750500664114952087e-02
2.943928539752960205e-01
4.358677938580513000e-02
2.578853368759155273e-01
1.661268472671508789e-01
6.183025836944580078e-01
1.962868869304656982e-02
6.093025207519531250e-02
6.378815323114395142e-02
9.278761595487594604e-02
6.579424440860748291e-02
1.130505874752998352e-01
4.794991016387939453e-02
5.769068002700805664e-02
3.372753039002418518e-02
4.276420548558235168e-02
3.535367175936698914e-02
6.158771738409996033e-02
6.206927448511123657e-02
2.715652994811534882e-02
1.004279851913452148e-01
3.141859918832778931e-02
1.831630766391754150e-01
3.684346973896026611e-01
2.633989751338958740e-01
9.429243206977844238e-02
1.431374549865722656e-01
1.491478383541107178e-01
1.281982660293579102e-01
7.279268652200698853e-02
6.336370110511779785e-02
1.744394153356552124e-01
1.753093600273132324e-01
8.011116832494735718e-02
2.339365333318710327e-02
3.555697202682495117e-02
1.666026562452316284e-01
7.223902642726898193e-02
9.950596839189529419e-02
1.026570424437522888e-01
4.116130247712135315e-02
1.716627031564712524e-01
1.330002695322036743e-01
7.831963151693344116e-02
7.626018673181533813e-02
7.305166125297546387e-02
1.768745929002761841e-01
4.360580742359161377e-01
8.625715374946594238e-01
2.440259791910648346e-02
5.539658293128013611e-02
5.193450674414634705e-02
9.578611701726913452e-02
1.102876588702201843e-01
1.564214676618576050e-01
1.063845157623291016e-01
4.561525881290435791e-01
1.833839267492294312e-01
1.097100302577018738e-01
5.044710263609886169e-02
9.613415598869323730e-02
5.624168738722801208e-02
8.622215688228607178e-02
7.679750770330429077e-02
1.574691385030746460e-02
7.607186585664749146e-02
3.378685191273689270e-02
9.799709916114807129e-02
6.166200712323188782e-02
3.346170857548713684e-02
3.151702880859375000e-02
3.545798361301422119e-02
5.548856779932975769e-02
9.410243481397628784e-02
9.876409918069839478e-02
5.113774910569190979e-02
8.646827191114425659e-02
1.715458482503890991e-01
1.068606600165367126e-01
9.428750723600387573e-02
7.882733643054962158e-02
4.837687313556671143e-02
1.044011265039443970e-01
1.987076252698898315e-01
2.226877361536026001e-01
4.719703271985054016e-02
1.208634525537490845e-01
9.257834404706954956e-02
9.549280256032943726e-02
5.080287531018257141e-02
9.964329749345779419e-02
1.144667267799377441e-01
2.494579106569290161e-01
2.473733425140380859e-01
1.096654161810874939e-01
1.554381698369979858e-01
4.907109215855598450e-02
2.437504082918167114e-01
2.153672724962234497e-01
2.004488110542297363e-01
5.413345694541931152e-01
4.155835509300231934e-02
1.778515577316284180e-01
4.165295884013175964e-02
1.647823303937911987e-01
6.316377222537994385e-02
1.060029715299606323e-01
9.325193613767623901e-02
8.073031902313232422e-02
1.279904693365097046e-01
5.858536064624786377e-02
3.862566128373146057e-02
6.104609742760658264e-02
1.174332424998283386e-01
3.977254405617713928e-02
4.072583839297294617e-02
4.740438982844352722e-02
9.481642246246337891e-01
9.977709054946899414e-01
3.741695731878280640e-02
4.394464567303657532e-02
7.044573128223419189e-02
7.362085580825805664e-02
9.838145226240158081e-02
3.428959101438522339e-02
4.266012087464332581e-02
7.142975181341171265e-02
6.439568847417831421e-02
4.574176296591758728e-02
6.057995557785034180e-02
6.405342370271682739e-02
4.832829535007476807e-02
1.327292174100875854e-01
7.436326146125793457e-02
3.631138429045677185e-02
3.411797434091567993e-02
9.308772534132003784e-02
1.480208039283752441e-01
1.685812622308731079e-01
8.655465394258499146e-02
4.831935837864875793e-02
5.687203630805015564e-02
8.003148436546325684e-02
1.332226544618606567e-01
9.899093210697174072e-02
4.558581858873367310e-02
8.087114989757537842e-02
5.453517287969589233e-02
4.635101929306983948e-02
3.979761153459548950e-02
3.472425788640975952e-02
9.007212519645690918e-02
1.659124940633773804e-01
7.697081565856933594e-02
2.863394841551780701e-02
3.584175184369087219e-02
5.913114920258522034e-02
6.898511201143264771e-02
5.702435225248336792e-02
5.335650593042373657e-02
1.376851797103881836e-01
1.830695383250713348e-02
6.816434115171432495e-02
6.369774043560028076e-02
1.073788478970527649e-01
1.943598687648773193e-01
4.334636777639389038e-02
7.697229087352752686e-02
2.412416785955429077e-02
2.610693313181400299e-02
9.657820463180541992e-01
1.760534346103668213e-01
1.114643588662147522e-01
1.805520504713058472e-01
2.607237994670867920e-01
2.620773911476135254e-01
9.005898982286453247e-02
2.431053221225738525e-01
4.284723848104476929e-02
3.508297726511955261e-02
7.138480246067047119e-02
5.887990444898605347e-02
1.835458576679229736e-01
5.858204886317253113e-02
9.725657850503921509e-02
4.508264362812042236e-02
5.244125425815582275e-02
7.866396009922027588e-02
3.724483773112297058e-02
6.897560507059097290e-02
8.885985612869262695e-02
6.471985578536987305e-02
5.207011848688125610e-02
7.643201202154159546e-02
9.566120058298110962e-02
7.056772708892822266e-02
5.254330858588218689e-02
1.450441032648086548e-01
4.536635056138038635e-02
7.093071192502975464e-02
2.085969299077987671e-01
4.022058099508285522e-02
8.462496846914291382e-02
2.469944022595882416e-02
7.901085913181304932e-02
6.192211806774139404e-02
9.748525917530059814e-02
4.077880457043647766e-02
4.392424970865249634e-02
7.502511888742446899e-02
7.964535057544708252e-02
4.439923539757728577e-02
2.541225850582122803e-01
1.097737848758697510e-01
1.065251901745796204e-01
2.627682983875274658e-01
6.802102178335189819e-02
6.050138548016548157e-02
4.137182608246803284e-02
1.019899025559425354e-01
4.746295139193534851e-02
6.618646532297134399e-02
8.463001251220703125e-02
1.230050548911094666e-01
1.208979263901710510e-01
1.485895067453384399e-01
3.229519352316856384e-02
7.246916741132736206e-02
4.645821750164031982e-01
4.144608229398727417e-02
8.492603898048400879e-02
7.935692369937896729e-02
7.277249544858932495e-02
2.465885132551193237e-02
5.302369222044944763e-02
5.614871904253959656e-02
9.445329010486602783e-02
1.493845582008361816e-01
7.714047282934188843e-02
4.207194969058036804e-02
4.074130579829216003e-02
1.044003888964653015e-01
1.087914928793907166e-01
2.632663846015930176e-01
3.168177008628845215e-01
1.503193974494934082e-01
1.045903787016868591e-01
1.967721879482269287e-01
6.454305648803710938e-01
7.220622301101684570e-01
8.539715409278869629e-02
1.094542294740676880e-01
4.208847880363464355e-02
4.380782544612884521e-01
5.700183659791946411e-02
5.998785793781280518e-02
7.649835199117660522e-02
1.439211070537567139e-01
8.786623179912567139e-02
6.971967220306396484e-02
5.466869100928306580e-02
8.514360338449478149e-02
1.443543285131454468e-01
4.931974783539772034e-02
8.453942835330963135e-02
8.559526503086090088e-02
1.835676431655883789e-01
1.221454888582229614e-01
4.916124939918518066e-01
9.640461206436157227e-01
7.335919141769409180e-02
5.673410743474960327e-02
2.309612743556499481e-02
7.832040637731552124e-02
6.698390841484069824e-02
7.922856509685516357e-02
1.382192373275756836e-01
7.213331013917922974e-02
6.814838051795959473e-01
6.210619211196899414e-01
5.898914858698844910e-02
4.721146449446678162e-02
7.043709605932235718e-02
8.560930192470550537e-02
7.098072767257690430e-02
9.360191971063613892e-02
4.828024655580520630e-02
6.272781640291213989e-02
4.809814691543579102e-02
8.718530535697937012e-01
6.418138742446899414e-02
1.144652143120765686e-01
9.601344466209411621e-01
8.088252693414688110e-02
1.006535813212394714e-01
7.992666214704513550e-02
4.609983786940574646e-02
8.164875209331512451e-02
7.082280516624450684e-02
7.280601561069488525e-02
5.817003548145294189e-02
2.051670104265213013e-01
8.737091720104217529e-02
1.069224998354911804e-01
6.195490434765815735e-02
1.226339265704154968e-01
3.922254592180252075e-02
1.366949826478958130e-01
4.901990666985511780e-02
6.551931798458099365e-02
7.251870632171630859e-02
9.201975166797637939e-02
9.316480904817581177e-02
1.286827623844146729e-01
9.971591085195541382e-02
7.296098023653030396e-02
1.070198193192481995e-01
5.053505301475524902e-02
1.173467040061950684e-01
8.515651524066925049e-02
4.343733564019203186e-02
7.740607857704162598e-02
1.043458804488182068e-01
7.774218171834945679e-02
1.622289791703224182e-02
4.023242741823196411e-02
8.275622874498367310e-02
6.757898628711700439e-02
1.647307276725769043e-01
3.493636548519134521e-01
2.926253974437713623e-01
7.185824215412139893e-02
6.339514255523681641e-02
1.443717032670974731e-01
2.886305749416351318e-01
7.101054489612579346e-02
1.698004603385925293e-01
2.730766534805297852e-01
4.307586699724197388e-02
6.384899020195007324e-01
2.833902835845947266e-01
1.088521555066108704e-01
1.424219012260437012e-01
1.979314088821411133e-01
2.718009352684020996e-01
9.482963681221008301e-01
9.541688561439514160e-01
6.079681217670440674e-02
1.156782880425453186e-01
6.223804503679275513e-02
3.984992206096649170e-02
7.949520647525787354e-02
5.545354261994361877e-02
1.324408203363418579e-01
6.585799157619476318e-02
1.269753873348236084e-01
4.584391042590141296e-02
8.370546996593475342e-02
9.676310420036315918e-02
1.650410592555999756e-01
8.244712948799133301e-01
9.178627282381057739e-02
1.043317914009094238e-01
3.024667501449584961e-02
4.511515796184539795e-02
8.325255662202835083e-02
4.604689776897430420e-02
1.488410085439682007e-01
1.571075618267059326e-02
4.316339790821075439e-01
1.189400553703308105e-01
1.936608850955963135e-01
8.110488951206207275e-02
1.729661971330642700e-01
5.965418741106987000e-02
7.802922278642654419e-02
5.414824932813644409e-02
7.386527210474014282e-02
9.593243896961212158e-02
5.185172706842422485e-02
5.889204889535903931e-02
4.877749085426330566e-02
4.786261543631553650e-02
1.349223256111145020e-01
4.004543274641036987e-02
8.862459659576416016e-02
9.290135651826858521e-02
6.395729631185531616e-02
9.347765892744064331e-02
1.184098422527313232e-01
1.243696436285972595e-01
2.987512946128845215e-01
1.614253371953964233e-01
8.666089922189712524e-02
8.590717315673828125e-01
6.976716518402099609e-01
1.124751120805740356e-01
3.649970889091491699e-02
6.814134865999221802e-02
2.306079119443893433e-01
5.670937299728393555e-01
7.223159074783325195e-02
1.315185278654098511e-01
2.419826984405517578e-01
8.997512608766555786e-02
6.950089335441589355e-02
9.458518773317337036e-02
2.564232945442199707e-01
7.889661192893981934e-02
8.388710767030715942e-02
1.937476545572280884e-01
7.353348284959793091e-02
1.065560057759284973e-01
1.024907305836677551e-01
9.865858554840087891e-01
3.471663594245910645e-02
5.051196366548538208e-02
3.436407446861267090e-02
3.891321271657943726e-02
6.215160340070724487e-02
2.458254247903823853e-01
9.889390319585800171e-02
8.822195231914520264e-02
6.421126425266265869e-02
7.644226402044296265e-02
2.414639145135879517e-01
8.085181564092636108e-02
5.568349361419677734e-02
1.016506031155586243e-01
1.125319376587867737e-01
4.430351778864860535e-02
2.628575265407562256e-01
1.872207522392272949e-01
6.331794857978820801e-01
1.110426560044288635e-01
6.415007263422012329e-02
4.588482901453971863e-02
1.065279766917228699e-01
5.628354847431182861e-02
1.640331596136093140e-01
1.027513742446899414e-01
5.869999527931213379e-02
5.567039176821708679e-02
8.942658454179763794e-02
7.058881968259811401e-02
1.084478944540023804e-01
1.214271932840347290e-01
5.248912423849105835e-02
8.199653029441833496e-02
3.489981964230537415e-02
8.764369040727615356e-02
1.100090518593788147e-01
1.499370783567428589e-01
3.719522058963775635e-02
4.927072674036026001e-02
1.163104325532913208e-01
1.251039057970046997e-01
8.756890892982482910e-02
1.086711045354604721e-02
3.631372153759002686e-01
7.891136407852172852e-02
4.768566414713859558e-02
1.291361153125762939e-01
1.676173508167266846e-01
9.507299214601516724e-02
3.862665966153144836e-02
8.003327995538711548e-02
1.451362520456314087e-01
7.154212146997451782e-02
9.920794516801834106e-02
3.927618265151977539e-02
4.749780893325805664e-02
6.583347171545028687e-02
1.162678748369216919e-01
2.761339768767356873e-02
1.089585572481155396e-01
1.140133887529373169e-01
6.324931979179382324e-02
7.358698546886444092e-02
5.949178338050842285e-02
1.785491108894348145e-01
4.325343668460845947e-01
5.586218833923339844e-01
5.240977555513381958e-02
9.777128696441650391e-01
9.999994039535522461e-01
1.128518655896186829e-01
6.416957080364227295e-02
4.168461263179779053e-01
1.201174408197402954e-01
4.920442774891853333e-02
2.657934837043285370e-02
3.578559681773185730e-02
9.999717473983764648e-01
8.034488558769226074e-02
3.264168500900268555e-01
2.198483347892761230e-01
5.401092171669006348e-01
3.889743387699127197e-01
1.235189139842987061e-01
2.211468070745468140e-01
1.010071635246276855e-01
1.005177721381187439e-01
9.417798370122909546e-02
7.915420830249786377e-02
9.182596951723098755e-02
5.012995377182960510e-02
4.154728353023529053e-02
8.875910192728042603e-02
8.538684993982315063e-02
8.365543186664581299e-02
6.028295680880546570e-02
6.365123391151428223e-02
6.757403165102005005e-02
3.981441631913185120e-02
7.378376275300979614e-02
1.538957208395004272e-01
6.612435728311538696e-02
5.506543815135955811e-02
7.275789231061935425e-02
1.041862443089485168e-01
2.190195024013519287e-01
4.519848823547363281e-01
1.487502902746200562e-01
6.699918210506439209e-02
7.809309661388397217e-02
2.036513201892375946e-02
9.620260447263717651e-02
6.931461393833160400e-02
3.368540480732917786e-02
1.348205953836441040e-01
1.339999437332153320e-01
4.447348043322563171e-02
1.020329296588897705e-01
6.855949014425277710e-02
1.146274581551551819e-01
6.931973993778228760e-02
7.470915466547012329e-02
2.088464982807636261e-02
3.409830927848815918e-01
5.230755731463432312e-02
7.072581350803375244e-02
6.533461064100265503e-02
1.734047979116439819e-01
9.856218844652175903e-02
6.931943446397781372e-02
2.347108423709869385e-01
9.681420326232910156e-01
5.630262196063995361e-03
3.052582032978534698e-02
5.923294648528099060e-02
9.270887076854705811e-02
9.282063692808151245e-02
5.763776898384094238e-01
2.863965332508087158e-01
5.917156487703323364e-02
6.320106983184814453e-02
5.749604105949401855e-02
6.088846176862716675e-02
4.598269984126091003e-02
6.711949408054351807e-02
7.680638134479522705e-02
9.590971469879150391e-02
9.906017780303955078e-01
3.428117632865905762e-01
2.053676731884479523e-02
1.136225312948226929e-01
1.680525541305541992e-01
1.449490189552307129e-01
7.468985766172409058e-02
7.082580029964447021e-02
5.452493950724601746e-02
1.872764825820922852e-01
1.871473044157028198e-01
1.115974485874176025e-01
9.086523205041885376e-02
4.694535955786705017e-02
8.020684868097305298e-02
4.597341269254684448e-02
3.744333609938621521e-02
8.174367994070053101e-02
5.471940338611602783e-02
7.850699871778488159e-02
1.096091195940971375e-01
3.423747047781944275e-02
1.157371476292610168e-01
1.348430663347244263e-01
4.718786478042602539e-02
6.026437506079673767e-02
9.310103207826614380e-02
6.747990101575851440e-02
6.381559371948242188e-02
2.467336654663085938e-01
5.259933471679687500e-01
4.493847787380218506e-01
1.003625690937042236e-01
1.826033294200897217e-01
1.190392747521400452e-01
1.132094189524650574e-01
6.563286483287811279e-02
3.440063819289207458e-02
3.282152116298675537e-01
6.287202239036560059e-02
6.651520729064941406e-02
6.208626925945281982e-02
7.905059307813644409e-02
7.522098720073699951e-02
1.608823835849761963e-01
3.478718176484107971e-02
4.269772022962570190e-02
6.694571673870086670e-02
3.603979945182800293e-02
2.110635302960872650e-02
7.762953639030456543e-02
5.740562081336975098e-02
6.702300161123275757e-02
1.847456954419612885e-02
1.091551259160041809e-01
1.381087005138397217e-01
9.958586096763610840e-01
9.107737541198730469e-01
8.058799803256988525e-02
6.500540673732757568e-02
1.835647672414779663e-01
8.557353168725967407e-02
4.398626461625099182e-02
4.810876026749610901e-02
1.181843131780624390e-01
6.717547029256820679e-02
7.341977208852767944e-02
8.458628505468368530e-02
1.824207045137882233e-02
4.081468656659126282e-02
6.876470148563385010e-02
3.686591237783432007e-02
9.074634313583374023e-02
7.384341955184936523e-02
8.543643355369567871e-02
5.643220245838165283e-02
1.029271483421325684e-01
6.136519089341163635e-02
1.104760020971298218e-01
9.977684170007705688e-02
3.471034765243530273e-01
1.303232759237289429e-01
4.951355606317520142e-02
4.696657508611679077e-02
3.855873271822929382e-02
3.183024823665618896e-01
2.108456343412399292e-01
2.633813209831714630e-02
9.278687089681625366e-02
4.044308513402938843e-02
7.182973623275756836e-02
7.560646533966064453e-02
2.810130454599857330e-02
3.149574995040893555e-02
2.845244668424129486e-02
5.555634573101997375e-02
3.804642707109451294e-02
2.466557733714580536e-02
6.395488977432250977e-02
8.619321137666702271e-02
7.048343867063522339e-02
9.791093319654464722e-02
5.609409213066101074e-01
4.748419821262359619e-01
7.054412961006164551e-01
4.057784974575042725e-01
4.637723416090011597e-02
5.747288465499877930e-02
8.871980011463165283e-02
8.419992923736572266e-01
6.443390250205993652e-02
9.614012390375137329e-02
8.885831385850906372e-02
4.481029137969017029e-02
8.882858604192733765e-02
9.082959592342376709e-02
1.413775831460952759e-01
7.660306245088577271e-02
8.045965433120727539e-02
4.694785922765731812e-02
7.660615444183349609e-02
1.792238838970661163e-02
1.424542665481567383e-01
2.700361795723438263e-02
5.086994171142578125e-02
7.193141430616378784e-02
7.625024765729904175e-02
2.834675014019012451e-01
3.980942815542221069e-02
9.129841625690460205e-02
4.204177856445312500e-02
8.554271608591079712e-02
1.394769549369812012e-01
1.080791801214218140e-01
5.037865415215492249e-02
3.569051250815391541e-02
1.095617339015007019e-01
3.201575204730033875e-02
6.085919961333274841e-02
1.677934974431991577e-01
1.146800890564918518e-01
9.878500550985336304e-02
2.206061333417892456e-01
5.171921104192733765e-02
6.480085104703903198e-02
1.058201938867568970e-01
8.273545652627944946e-02
9.006373584270477295e-02
9.636628627777099609e-02
9.426274895668029785e-02
4.114379361271858215e-02
1.826906055212020874e-01
1.761066317558288574e-01
1.502859294414520264e-01
5.961045995354652405e-02
6.021658703684806824e-02
1.093719154596328735e-01
5.349249839782714844e-01
4.909186065196990967e-01
7.711912691593170166e-02
5.635152012109756470e-02
7.725836336612701416e-02
1.010193601250648499e-01
7.971433550119400024e-02
1.107257753610610962e-01
5.174506902694702148e-01
8.781992793083190918e-01
4.652844369411468506e-02
8.174709975719451904e-02
1.796275377273559570e-01
1.142915710806846619e-01
1.937890052795410156e-01
1.291062384843826294e-01
7.253905385732650757e-02
1.673258095979690552e-01
4.876624643802642822e-01
2.331420965492725372e-02
1.428555697202682495e-01
3.742257356643676758e-01
8.693613111972808838e-02
3.309816867113113403e-02
1.026928573846817017e-01
7.914984971284866333e-02
7.733697444200515747e-02
1.463965475559234619e-01
7.665036320686340332e-01
5.358915328979492188e-01
7.570028305053710938e-02
9.516363739967346191e-01
9.123547077178955078e-01
3.621323779225349426e-02
1.136722713708877563e-01
2.821754105389118195e-02
1.052488535642623901e-01
5.278947949409484863e-02
4.407124966382980347e-02
4.602488875389099121e-02
1.811802536249160767e-01
1.380331069231033325e-01
1.012267991900444031e-01
4.346515238285064697e-02
6.445374339818954468e-02
5.795053020119667053e-02
4.274108409881591797e-01
4.721339643001556396e-01
1.581568419933319092e-01
8.663797378540039062e-02
6.353980302810668945e-02
3.286352753639221191e-02
9.949052333831787109e-02
1.092545911669731140e-01
4.748538509011268616e-02
7.129369676113128662e-02
6.863655149936676025e-02
4.908992722630500793e-02
1.088370978832244873e-01
7.379189878702163696e-02
1.277920901775360107e-01
3.020719625055789948e-02
9.913015365600585938e-02
4.965148121118545532e-02
8.988691866397857666e-02
1.964333653450012207e-01
5.707709491252899170e-02
4.662337154150009155e-02
6.459169089794158936e-02
1.158765926957130432e-01
7.410374283790588379e-02
5.636001378297805786e-02
1.044410988688468933e-01
9.391407668590545654e-02
3.498376160860061646e-02
6.958696246147155762e-02
6.145003437995910645e-02
5.946817249059677124e-02
2.126054465770721436e-01
1.065888553857803345e-01
9.960234165191650391e-02
9.882006645202636719e-01
1.418330520391464233e-01
7.102850824594497681e-02
9.943152219057083130e-02
5.635979399085044861e-02
5.028285831212997437e-02
1.219193637371063232e-01
4.975409060716629028e-02
7.383169978857040405e-02
9.442431479692459106e-02
3.340868279337882996e-02
1.151462644338607788e-01
1.682665199041366577e-01
2.313136681914329529e-02
4.324458166956901550e-02
1.523663848638534546e-01
4.916298761963844299e-02
2.657455764710903168e-02
1.535767503082752228e-02
9.972094744443893433e-02
5.666161179542541504e-01
2.635557353496551514e-01
3.136431425809860229e-02
4.651486873626708984e-02
5.748751759529113770e-02
7.864668220281600952e-02
2.944042347371578217e-02
1.316278874874114990e-01
4.050666838884353638e-02
6.932431459426879883e-01
2.265714406967163086e-01
9.837875366210937500e-01
9.635971784591674805e-01
9.534847736358642578e-02
1.140294671058654785e-01
4.595767706632614136e-02
7.330355793237686157e-02
5.924547836184501648e-02
3.067977428436279297e-01
3.682107105851173401e-02
5.155732482671737671e-02
3.897377476096153259e-02
1.043368950486183167e-01
3.454245328903198242e-01
4.815131425857543945e-01
3.391585499048233032e-02
1.102375090122222900e-01
7.843281328678131104e-02
5.750709027051925659e-02
6.796316057443618774e-02
4.766707867383956909e-02
6.591527163982391357e-02
6.326662749052047729e-02
9.631323814392089844e-02
1.904845535755157471e-01
4.283869266510009766e-02
9.348129481077194214e-02
5.182923376560211182e-02
1.442669779062271118e-01
8.384928107261657715e-02
4.497400671243667603e-02
6.855574250221252441e-02
1.004948690533638000e-01
6.760092079639434814e-02
5.852377042174339294e-02
4.592412412166595459e-01
2.068264223635196686e-02
1.102895215153694153e-01
6.690003722906112671e-02
6.166169419884681702e-02
8.285398036241531372e-02
5.993023142218589783e-02
7.939081639051437378e-02
9.999905824661254883e-01
7.030017375946044922e-01
4.332440793514251709e-01
5.635059475898742676e-01
7.564088702201843262e-02
9.804010391235351562e-02
9.520104527473449707e-02
1.290301084518432617e-01
5.342721939086914062e-02
1.809215173125267029e-02
6.196717172861099243e-02
3.219477832317352295e-02
8.002151548862457275e-02
5.443691834807395935e-02
5.161884799599647522e-02
8.670384883880615234e-01
1.629720777273178101e-01
5.308140441775321960e-02
3.860469907522201538e-02
4.385635256767272949e-02
1.167759895324707031e-01
1.556728631258010864e-01
6.025091931223869324e-02
7.615841180086135864e-02
4.796375334262847900e-02
1.612359583377838135e-01
3.877077251672744751e-02
1.043502390384674072e-01
5.129527300596237183e-02
7.348572462797164917e-02
8.339959383010864258e-02
2.363600209355354309e-02
3.032253384590148926e-01
5.418686568737030029e-02
8.063028007745742798e-02
1.101642549037933350e-01
5.396149680018424988e-02
6.881222873926162720e-02
1.113856434822082520e-01
8.101156353950500488e-02
2.047336846590042114e-02
8.693877607583999634e-02
8.588021993637084961e-02
7.455747574567794800e-02
8.349131047725677490e-02
8.270643949508666992e-01
1.995795071125030518e-01
8.724873512983322144e-02
7.253068685531616211e-02
4.837625846266746521e-02
1.332592964172363281e-01
4.128016531467437744e-02
2.642584405839443207e-02
3.098197840154170990e-02
5.546491593122482300e-02
3.589397668838500977e-02
5.419965833425521851e-02
2.641713917255401611e-01
5.671340227127075195e-02
6.211124733090400696e-02
8.134149014949798584e-02
7.875765115022659302e-02
3.177268058061599731e-02
6.364094465970993042e-02
1.013688072562217712e-01
8.239537477493286133e-02
1.546715795993804932e-01
7.526060193777084351e-02
3.320387750864028931e-02
1.259305775165557861e-01
1.185396611690521240e-01
2.749549783766269684e-02
6.861308962106704712e-02
2.688880637288093567e-02
1.553777009248733521e-01
4.638924822211265564e-02
4.252856969833374023e-02
9.739939123392105103e-02
6.374850869178771973e-02
6.522925198078155518e-02
5.660765618085861206e-02
4.707738757133483887e-02
1.255230009555816650e-01
8.691671490669250488e-02
1.453404575586318970e-01
7.721827924251556396e-02
6.387506425380706787e-02
8.087315410375595093e-02
7.105959951877593994e-02
6.552517414093017578e-02
6.824370026588439941e-01
5.311312675476074219e-01
1.881011724472045898e-01
2.097838222980499268e-01
1.143680363893508911e-01
2.517809905111789703e-02
9.470384567975997925e-02
7.844923436641693115e-02
5.885066092014312744e-02
2.184395492076873779e-02
9.486494958400726318e-02
1.216045990586280823e-01
2.525461614131927490e-01
1.038386002182960510e-01
1.353559195995330811e-01
2.370073497295379639e-01
7.704815268516540527e-02
7.174292206764221191e-02
5.996811017394065857e-02
2.486223876476287842e-01
2.751175314188003540e-02
2.082508802413940430e-02
7.071711868047714233e-02
1.043926551938056946e-01
1.391371935606002808e-01
4.756571650505065918e-01
4.463810026645660400e-01
8.044642210006713867e-02
5.024830624461174011e-02
9.206844866275787354e-02
4.691086709499359131e-02
1.104375571012496948e-01
2.797995507717132568e-02
5.060028657317161560e-02
3.185920044779777527e-02
9.061495959758758545e-02
3.253743052482604980e-02
4.715373367071151733e-02
6.175746396183967590e-02
1.365136206150054932e-01
7.667180150747299194e-02
5.773646011948585510e-02
7.888898998498916626e-02
1.051129847764968872e-01
7.156925648450851440e-02
2.651569433510303497e-02
1.902265995740890503e-01
1.084123849868774414e-01
9.588050842285156250e-02
1.021276861429214478e-01
3.370319008827209473e-01
2.521634399890899658e-01
3.158466517925262451e-02
5.449511855840682983e-02
9.991598129272460938e-01
8.991264700889587402e-01
1.091525778174400330e-01
1.152364164590835571e-01
5.308889746665954590e-01
2.029140144586563110e-01
2.438897937536239624e-01
1.328035444021224976e-01
3.189620375633239746e-01
1.298745870590209961e-01
3.069893084466457367e-02
5.603422597050666809e-02
2.894183434545993805e-02
1.544852256774902344e-01
1.309917420148849487e-01
2.648778855800628662e-01
1.378682255744934082e-01
1.954742968082427979e-01
3.287226855754852295e-01
6.742451339960098267e-02
7.673028856515884399e-02
2.527447976171970367e-02
6.177345663309097290e-02
7.428281754255294800e-02
4.631935060024261475e-02
9.578174352645874023e-02
1.396069526672363281e-01
7.394355535507202148e-01
6.817141175270080566e-01
8.843454718589782715e-02
7.258924841880798340e-02
3.870725631713867188e-02
1.556933969259262085e-01
8.758582174777984619e-02
8.914902061223983765e-02
1.088119670748710632e-01
1.364441514015197754e-01
8.318430930376052856e-02
1.692032516002655029e-01
5.090321302413940430e-01
6.380270421504974365e-02
8.672826737165451050e-02
9.940665960311889648e-02
5.920656025409698486e-02
2.627548277378082275e-01
1.247197464108467102e-01
5.635171756148338318e-02
7.561118155717849731e-02
9.489067643880844116e-02
4.870599135756492615e-02
5.643997341394424438e-02
4.214048385620117188e-01
1.874226331710815430e-01
4.631298780441284180e-02
1.208754032850265503e-01
8.780460804700851440e-02
7.864573597908020020e-02
4.122810438275337219e-02
1.473000198602676392e-01
7.165151834487915039e-02
3.849826753139495850e-02
8.161452412605285645e-02
7.078848779201507568e-02
9.915541112422943115e-02
9.042329341173171997e-02
5.413250252604484558e-02
9.251534938812255859e-02
8.094103634357452393e-02
1.281327456235885620e-01
4.016660898923873901e-02
7.811048626899719238e-02
5.403679981827735901e-02
5.720139294862747192e-02
3.833000361919403076e-02
6.798021495342254639e-02
1.396452337503433228e-01
3.508651256561279297e-02
1.228929236531257629e-01
9.766907989978790283e-02
7.670997083187103271e-02
5.490052700042724609e-02
5.763538926839828491e-02
1.039102375507354736e-01
4.996104910969734192e-02
1.142228692770004272e-01
6.650853157043457031e-02
1.087482869625091553e-01
4.723160713911056519e-02
3.125661239027976990e-02
6.117163226008415222e-02
5.144998803734779358e-02
9.838752448558807373e-02
9.288220107555389404e-02
9.998949766159057617e-01
9.992805123329162598e-01
7.946851849555969238e-02
8.132394403219223022e-02
4.790835827589035034e-02
6.376298516988754272e-02
1.573817580938339233e-01
1.190989017486572266e-01
1.317091882228851318e-01
4.776638448238372803e-01
5.373565480113029480e-02
3.961687907576560974e-02
1.389097869396209717e-01
1.340198516845703125e-01
2.569298446178436279e-01
1.470751613378524780e-01
7.987500727176666260e-02
6.241697072982788086e-02
8.548072725534439087e-02
1.685540378093719482e-01
1.289875656366348267e-01
5.149454623460769653e-02
3.855525702238082886e-02
2.189707159996032715e-01
3.065305650234222412e-01
5.623209103941917419e-02
9.738090634346008301e-02
5.951775610446929932e-02
8.418939262628555298e-02
1.400631666183471680e-01
1.676469668745994568e-02
9.777358174324035645e-02
1.069388017058372498e-01
4.628872871398925781e-01
5.626595392823219299e-02
2.312747985124588013e-01
9.448920190334320068e-02
8.592655509710311890e-02
4.610845446586608887e-02
8.247210830450057983e-02
3.236577659845352173e-02
2.827388606965541840e-02
1.038026809692382812e-01
3.373587131500244141e-01
5.199656635522842407e-02
5.550406500697135925e-02
7.778061926364898682e-02
3.592303991317749023e-01
8.100758194923400879e-01
1.141189932823181152e-01
2.793243229389190674e-01
8.307029306888580322e-02
2.188241034746170044e-01
1.074457988142967224e-01
4.637024551630020142e-02
2.377085946500301361e-02
5.980259180068969727e-02
4.209651425480842590e-02
4.685872420668601990e-02
6.297195702791213989e-02
1.082699522376060486e-01
4.061688855290412903e-02
5.306946486234664917e-02
7.682609558105468750e-02
4.629094526171684265e-02
1.120167076587677002e-01
5.915985256433486938e-02
2.132250927388668060e-02
4.922617599368095398e-02
3.610632196068763733e-02
3.462948650121688843e-02
6.235669553279876709e-02
8.097022026777267456e-02
3.522145748138427734e-02
6.383915990591049194e-02
5.222949758172035217e-02
5.080242455005645752e-02
9.193278104066848755e-02
1.680124364793300629e-02
4.092695564031600952e-02
5.805523321032524109e-02
1.667323894798755646e-02
1.097096204757690430e-01
6.402004510164260864e-02
7.455869019031524658e-02
8.475596457719802856e-02
8.169852197170257568e-02
1.547093838453292847e-01
1.371925622224807739e-01
4.437139257788658142e-02
2.970218472182750702e-02
6.676132977008819580e-02
7.707102596759796143e-02
1.376181542873382568e-01
3.253199905157089233e-02
9.258347004652023315e-02
3.593121469020843506e-02
4.555420204997062683e-02
4.536144807934761047e-02
5.008750408887863159e-02
2.537434734404087067e-02
7.562931627035140991e-02
1.532278954982757568e-01
7.742838561534881592e-02
6.434687972068786621e-02
1.069275364279747009e-01
1.393924504518508911e-01
5.458742752671241760e-02
5.596694722771644592e-02
8.120868355035781860e-02
8.099638670682907104e-02
2.388141602277755737e-01
1.629095077514648438e-01
1.307222098112106323e-01
1.373173594474792480e-01
9.298339486122131348e-02
1.025376766920089722e-01
1.089426204562187195e-01
7.428314536809921265e-02
6.753804534673690796e-02
6.222287937998771667e-02
5.711466446518898010e-02
6.547750532627105713e-02
6.568207591772079468e-02
7.440974563360214233e-02
1.158388853073120117e-01
4.149181768298149109e-02
5.580705776810646057e-02
7.131261378526687622e-02
6.914932280778884888e-02
2.545225024223327637e-01
9.255799651145935059e-02
4.865985214710235596e-01
3.991529718041419983e-02
1.431944221258163452e-01
1.226800531148910522e-01
8.735410869121551514e-02
1.537729352712631226e-01
5.016455799341201782e-02
9.538841992616653442e-02
1.121427044272422791e-01
6.795763224363327026e-02
2.949593402445316315e-02
8.863741904497146606e-02
8.367919921875000000e-02
5.697643756866455078e-02
4.987606406211853027e-02
6.958242505788803101e-02
1.833304017782211304e-01
7.883773446083068848e-01
7.837923169136047363e-01
2.975588291883468628e-02
4.404541477560997009e-02
5.729808285832405090e-02
3.262978792190551758e-02
4.813532903790473938e-02
1.484251022338867188e-01
4.476451501250267029e-02
8.564689755439758301e-02
4.883913323283195496e-02
1.460164599120616913e-02
9.112012386322021484e-01
1.015970632433891296e-01
9.999992847442626953e-01
9.635799527168273926e-01
3.642452508211135864e-02
4.310857504606246948e-02
1.723221987485885620e-01
1.800595819950103760e-01
9.981812238693237305e-01
9.830931425094604492e-01
1.568232476711273193e-01
5.221214145421981812e-02
5.892510339617729187e-02
9.841250181198120117e-01
8.515502810478210449e-01
8.373667299747467041e-02
8.942923694849014282e-02
3.058533929288387299e-02
1.692528277635574341e-01
2.589127719402313232e-01
5.881666764616966248e-02
4.992475733160972595e-02
1.584851294755935669e-01
1.080618798732757568e-01
9.940422326326370239e-02
9.999977350234985352e-01
8.943806290626525879e-01
5.389928445219993591e-02
1.026613041758537292e-01
7.738362252712249756e-02
1.502202078700065613e-02
9.716898947954177856e-02
1.172093003988265991e-01
1.364975422620773315e-01
7.713139057159423828e-02
1.784908622503280640e-01
7.780567556619644165e-02
6.034370884299278259e-02
1.423857808113098145e-01
7.114613652229309082e-01
1.970596611499786377e-01
2.146936655044555664e-01
2.794020473957061768e-01
3.761446103453636169e-02
2.961132116615772247e-02
5.377936735749244690e-02
4.894005507230758667e-02
4.792795702815055847e-02
1.069029197096824646e-01
9.866754710674285889e-02
1.679269373416900635e-01
7.199034094810485840e-02
7.597398757934570312e-02
7.434391230344772339e-02
8.693153411149978638e-02
8.866599202156066895e-02
1.378815919160842896e-01
4.445686563849449158e-02
6.306730955839157104e-02
1.040242537856101990e-01
6.218129396438598633e-02
1.694803684949874878e-01
8.736141026020050049e-02
1.024546176195144653e-01
8.599404990673065186e-02
7.555820792913436890e-02
7.756126672029495239e-02
8.408598601818084717e-02
1.109961569309234619e-01
7.289656996726989746e-02
4.135620221495628357e-02
4.038694500923156738e-02
5.212195962667465210e-02
4.910812899470329285e-02
5.302781239151954651e-02
1.930067241191864014e-01
1.918401122093200684e-01
1.470731645822525024e-01
6.402911245822906494e-02
4.012728855013847351e-02
5.929767712950706482e-02
7.835138589143753052e-02
5.330432206392288208e-02
9.835410863161087036e-02
3.960601612925529480e-02
5.238086730241775513e-02
8.463864028453826904e-02
2.190493792295455933e-01
3.708367422223091125e-02
5.961497873067855835e-02
8.848750591278076172e-02
9.458945691585540771e-02
2.744879387319087982e-02
9.867800027132034302e-02
6.898737698793411255e-02
8.978653699159622192e-02
4.925235733389854431e-02
5.889087170362472534e-02
4.875791817903518677e-02
3.733521327376365662e-02
5.720147863030433655e-02
1.418174207210540771e-01
6.475418806076049805e-02
2.541761398315429688e-01
2.200942784547805786e-01
1.345707923173904419e-01
2.998815774917602539e-01
1.326759159564971924e-01
2.566198706626892090e-01
2.577123641967773438e-01
2.387741655111312866e-01
1.127850115299224854e-01
5.717115849256515503e-02
5.743476748466491699e-02
4.755724593997001648e-02
5.854452028870582581e-02
1.514793783426284790e-01
1.921762675046920776e-01
1.510499566793441772e-01
4.601542651653289795e-02
9.666737914085388184e-02
9.680964052677154541e-02
4.261625930666923523e-02
1.559654027223587036e-01
2.927151322364807129e-02
3.840519115328788757e-02
3.910390734672546387e-01
6.127840876579284668e-01
1.051391214132308960e-01
5.879801884293556213e-02
8.922815322875976562e-02
3.535117581486701965e-02
1.400464177131652832e-01
9.522324800491333008e-02
4.950569197535514832e-02
1.455507874488830566e-01
1.822609305381774902e-01
1.103845462203025818e-01
8.164555579423904419e-02
1.902722269296646118e-01
1.135188490152359009e-01
3.868760913610458374e-02
1.049309968948364258e-01
1.486644446849822998e-01
2.168715894222259521e-01
1.791681200265884399e-01
4.270659014582633972e-02
5.405893549323081970e-02
1.023358032107353210e-01
4.502857103943824768e-02
4.274033010005950928e-02
1.359361708164215088e-01
7.868158817291259766e-02
2.466852813959121704e-01
1.215172186493873596e-01
6.724078208208084106e-02
3.059583902359008789e-01
5.335774272680282593e-02
1.117442026734352112e-01
3.739020526409149170e-01
4.628853201866149902e-01
6.984096020460128784e-02
9.999918937683105469e-01
1.406495124101638794e-01
8.657324314117431641e-02
