3.602008521556854248e-01
7.600118517875671387e-01
9.855921268463134766e-01
9.176912158727645874e-02
9.462159872055053711e-02
1.003093421459197998e-01
1.376729309558868408e-01
3.693947941064834595e-02
2.800096012651920319e-02
9.680051356554031372e-02
6.552147865295410156e-02
2.017121016979217529e-02
1.260298341512680054e-01
1.017838194966316223e-01
9.394997358322143555e-02
4.950701445341110229e-02
9.839545935392379761e-02
3.182191029191017151e-02
1.020390689373016357e-01
3.240792453289031982e-02
1.581878960132598877e-01
1.147873252630233765e-01
2.384505420923233032e-01
3.676621317863464355e-01
7.918164134025573730e-02
1.480610761791467667e-02
1.938401721417903900e-02
4.115786775946617126e-02
3.756953030824661255e-02
1.950126886367797852e-01
8.451434969902038574e-01
1.963071823120117188e-01
1.837236434221267700e-02
1.291611343622207642e-01
1.288121342658996582e-01
1.034210026264190674e-01
1.084869131445884705e-01
8.987673372030258179e-02
3.927929103374481201e-01
2.185628861188888550e-01
5.720562487840652466e-02
3.740151971578598022e-02
7.445426285266876221e-02
2.774314582347869873e-01
8.716953545808792114e-02
1.117638424038887024e-01
2.488010823726654053e-01
1.267064660787582397e-01
6.642632186412811279e-02
1.581281870603561401e-01
7.823246717453002930e-02
7.490205019712448120e-02
6.296955049037933350e-02
1.168480291962623596e-01
1.558432579040527344e-01
5.314264819025993347e-02
2.921714447438716888e-02
6.441605091094970703e-02
2.834196016192436218e-02
3.140505775809288025e-02
7.846637070178985596e-02
5.219421386718750000e-01
6.021530181169509888e-02
6.032753363251686096e-02
5.385772138833999634e-02
1.185818612575531006e-01
1.215832121670246124e-02
4.137887433171272278e-02
4.118176922202110291e-02
5.468479916453361511e-02
1.909244358539581299e-01
1.097803562879562378e-01
6.755670905113220215e-02
8.315305411815643311e-02
1.159838363528251648e-01
6.726321578025817871e-02
1.196700483560562134e-01
9.623502939939498901e-02
2.906225919723510742e-01
8.415126800537109375e-02
6.958847492933273315e-02
7.900292426347732544e-02
1.721028089523315430e-01
1.189597994089126587e-01
5.463172495365142822e-02
3.674065694212913513e-02
1.970265656709671021e-01
8.650229126214981079e-02
2.273797839879989624e-01
8.154125511646270752e-02
8.734789490699768066e-02
5.831950157880783081e-02
2.866632863879203796e-02
9.954201430082321167e-02
1.279141101986169815e-02
7.308048754930496216e-02
1.596665568649768829e-02
3.684804961085319519e-02
2.901532948017120361e-01
4.952066764235496521e-02
7.890550792217254639e-02
6.799657642841339111e-02
7.564286887645721436e-02
6.732141226530075073e-02
1.285190880298614502e-01
8.077530562877655029e-02
4.728817194700241089e-02
2.135707288980484009e-01
7.553113251924514771e-02
5.293532833456993103e-02
8.479116857051849365e-02
2.271055988967418671e-02
1.308658421039581299e-01
1.216159090399742126e-01
5.988017469644546509e-02
4.307945445179939270e-02
1.538850218057632446e-01
8.634594827890396118e-02
6.147314310073852539e-01
7.735003232955932617e-01
4.693924486637115479e-01
4.850558564066886902e-02
2.392657697200775146e-01
4.870998859405517578e-01
9.034772962331771851e-02
8.571447432041168213e-02
5.053308606147766113e-02
2.019643597304821014e-02
1.257834136486053467e-01
7.324004918336868286e-02
1.341010779142379761e-01
1.010284498333930969e-01
4.037084057927131653e-02
1.164056956768035889e-01
8.262432217597961426e-01
2.951941490173339844e-01
3.561669588088989258e-02
1.333775818347930908e-01
9.687452018260955811e-02
1.385425478219985962e-01
1.812272965908050537e-01
1.915427148342132568e-01
5.750598907470703125e-01
2.158104181289672852e-01
7.787963747978210449e-01
2.566973268985748291e-01
1.199213787913322449e-01
1.443131119012832642e-01
9.222609549760818481e-02
4.876748472452163696e-02
4.893531501293182373e-01
3.054242432117462158e-01
1.443827003240585327e-01
1.630514860153198242e-01
1.705496758222579956e-01
6.176405400037765503e-02
1.227406114339828491e-01
1.290953904390335083e-01
6.942828744649887085e-02
7.005194574594497681e-02
6.362161040306091309e-02
1.471230983734130859e-01
3.278877437114715576e-01
2.993392758071422577e-02
1.516406387090682983e-01
4.410068318247795105e-02
9.851617366075515747e-02
8.279920369386672974e-02
4.237333312630653381e-02
7.605872303247451782e-02
3.509932756423950195e-02
6.593368202447891235e-02
2.099542170763015747e-01
3.324849531054496765e-02
1.555575281381607056e-01
6.779583543539047241e-02
1.250635981559753418e-01
1.016709506511688232e-01
9.523057937622070312e-02
4.536455497145652771e-02
8.268681913614273071e-02
4.902543872594833374e-02
1.625576168298721313e-01
2.263267934322357178e-01
4.079055786132812500e-02
6.235497817397117615e-02
1.664108037948608398e-01
5.789328366518020630e-02
8.976005762815475464e-02
1.205413267016410828e-01
3.418404981493949890e-02
7.889091223478317261e-02
1.008941531181335449e-01
1.106851249933242798e-01
4.231638833880424500e-02
5.190267786383628845e-02
4.243504256010055542e-02
6.523018330335617065e-02
1.601918786764144897e-01
1.324994713068008423e-01
6.848362833261489868e-02
7.336457818746566772e-02
9.546241164207458496e-02
6.027482822537422180e-02
9.948945045471191406e-01
9.998774528503417969e-01
1.013015881180763245e-01
1.072611287236213684e-01
6.799045205116271973e-02
3.080941922962665558e-02
8.448358625173568726e-02
1.159060299396514893e-01
1.224339231848716736e-01
7.151807546615600586e-01
3.282092809677124023e-01
4.298643767833709717e-02
1.065788716077804565e-01
1.555436551570892334e-01
7.824753224849700928e-02
9.680447727441787720e-02
6.564105302095413208e-02
2.816952951252460480e-02
4.080159589648246765e-02
6.652783602476119995e-02
9.492057561874389648e-02
6.711625307798385620e-02
3.773579746484756470e-02
1.431404650211334229e-01
1.234709993004798889e-01
1.869414001703262329e-01
3.903932124376296997e-02
7.250182628631591797e-01
5.752675533294677734e-01
2.304932922124862671e-01
1.020875945687294006e-01
6.835456937551498413e-02
3.055821731686592102e-02
1.586145907640457153e-01
2.654470801353454590e-01
1.643216609954833984e-01
1.015921235084533691e-01
7.377498596906661987e-02
6.868619471788406372e-02
1.103948503732681274e-01
7.720244675874710083e-02
4.961716830730438232e-01
3.467351943254470825e-02
1.178609356284141541e-01
1.706214994192123413e-01
7.869342714548110962e-02
6.973476707935333252e-02
6.250300258398056030e-02
6.327961385250091553e-02
8.612218499183654785e-02
3.094319812953472137e-02
1.048534363508224487e-01
1.008670255541801453e-01
5.911461636424064636e-02
9.383686631917953491e-02
3.473666310310363770e-02
8.442234992980957031e-02
9.335512667894363403e-02
4.596177488565444946e-02
1.751713454723358154e-01
1.115958690643310547e-01
8.674910664558410645e-02
6.449677050113677979e-02
7.233729213476181030e-02
4.144397750496864319e-02
7.920639216899871826e-02
8.749711513519287109e-02
3.405250608921051025e-02
1.205778941512107849e-01
3.081317059695720673e-02
1.686374843120574951e-01
8.943999558687210083e-02
4.610513448715209961e-01
3.374587595462799072e-01
5.546355620026588440e-02
1.887254267930984497e-01
5.151543021202087402e-02
1.419769823551177979e-01
5.116522312164306641e-02
5.620379373431205750e-02
9.954006075859069824e-01
9.873637557029724121e-01
3.200266137719154358e-02
6.699085235595703125e-02
7.791592180728912354e-02
4.059630632400512695e-02
7.551617026329040527e-01
2.913080155849456787e-01
2.032873965799808502e-02
9.707344323396682739e-02
5.855020508170127869e-02
9.911840409040451050e-02
1.021568700671195984e-01
4.177150502800941467e-02
1.428101211786270142e-01
4.788421094417572021e-02
3.231545910239219666e-02
4.737836495041847229e-02
1.111777871847152710e-01
5.707597732543945312e-02
3.834183514118194580e-02
1.668814569711685181e-01
5.918338894844055176e-02
4.140136763453483582e-02
1.387922912836074829e-01
9.043970704078674316e-02
1.235849186778068542e-01
8.274476975202560425e-03
1.666977629065513611e-02
2.100610882043838501e-01
8.429601788520812988e-02
5.677339062094688416e-02
8.472806960344314575e-02
1.234203949570655823e-01
1.423444598913192749e-01
6.065498664975166321e-02
3.199704736471176147e-02
4.103435575962066650e-02
1.083758398890495300e-01
3.323602378368377686e-01
2.656807005405426025e-01
3.044793307781219482e-01
6.486393511295318604e-02
1.931508183479309082e-01
2.047839760780334473e-02
8.859542757272720337e-02
4.791103303432464600e-02
7.192074507474899292e-02
4.105817899107933044e-02
2.715501785278320312e-01
1.017404720187187195e-01
3.750496730208396912e-02
7.405874878168106079e-02
7.051733136177062988e-02
1.712812297046184540e-02
2.648440599441528320e-01
3.132870197296142578e-01
7.535741478204727173e-02
7.563891261816024780e-02
5.772003158926963806e-02
1.291130632162094116e-01
5.694365501403808594e-01
6.550029665231704712e-02
1.367613524198532104e-01
4.570674523711204529e-02
1.567642539739608765e-01
5.274866148829460144e-02
3.642336279153823853e-02
2.742842398583889008e-02
4.192479699850082397e-02
8.224170655012130737e-02
9.597597271203994751e-02
1.294383853673934937e-01
2.168013751506805420e-01
2.368251383304595947e-01
7.818470001220703125e-01
8.556690812110900879e-02
4.220524802803993225e-02
6.655982881784439087e-02
5.360575020313262939e-02
2.391545027494430542e-01
2.534365057945251465e-01
4.115440323948860168e-02
1.065882518887519836e-01
5.137485265731811523e-01
1.422083079814910889e-01
1.276767700910568237e-01
1.042058020830154419e-01
6.004149094223976135e-02
1.069452464580535889e-01
9.367699176073074341e-02
7.307995110750198364e-02
8.795946836471557617e-02
1.033992245793342590e-01
7.526554912328720093e-02
1.160002201795578003e-01
5.334452167153358459e-02
2.565980851650238037e-01
2.830992937088012695e-01
5.043518915772438049e-02
7.669685781002044678e-02
5.382613092660903931e-02
8.760914951562881470e-02
3.692385926842689514e-02
1.104425489902496338e-01
7.656344026327133179e-02
5.133197829127311707e-02
1.637352705001831055e-01
6.781634688377380371e-02
1.243244633078575134e-01
6.592641770839691162e-02
3.641726076602935791e-02
3.770131990313529968e-02
6.124474853277206421e-02
1.320344507694244385e-01
6.232477724552154541e-02
5.835004523396492004e-02
1.799873560667037964e-01
2.891498990356922150e-02
6.012995243072509766e-01
3.928133547306060791e-01
7.874782383441925049e-02
3.000001236796379089e-02
1.965429633855819702e-01
7.904241979122161865e-02
1.321429014205932617e-01
1.012197360396385193e-01
9.670627862215042114e-02
6.512275338172912598e-01
8.323817849159240723e-01
1.587168276309967041e-01
1.916470192372798920e-02
7.006440311670303345e-02
9.489440172910690308e-02
9.040709137916564941e-01
5.481480062007904053e-02
7.647629082202911377e-02
5.471242591738700867e-02
4.812255203723907471e-01
1.345448344945907593e-01
6.167651340365409851e-02
2.459132969379425049e-01
9.790068864822387695e-02
3.908282145857810974e-02
1.214912757277488708e-01
3.519170358777046204e-02
8.170937746763229370e-02
4.129265993833541870e-02
5.622910708189010620e-02
6.371402740478515625e-02
1.079628467559814453e-01
1.274388730525970459e-01
2.775341644883155823e-02
1.383108347654342651e-01
8.967968225479125977e-01
2.283801436424255371e-01
6.727764010429382324e-02
7.229754328727722168e-02
9.404228627681732178e-02
8.693478256464004517e-02
1.311412304639816284e-01
3.127440810203552246e-02
7.791115343570709229e-02
8.944123983383178711e-02
7.924079149961471558e-02
1.366207748651504517e-01
2.110470086336135864e-01
1.851640194654464722e-01
1.745740920305252075e-01
6.639704108238220215e-02
7.366857677698135376e-02
1.175700202584266663e-01
1.398241668939590454e-01
4.114336073398590088e-01
3.328984379768371582e-01
5.445037409663200378e-02
3.518994525074958801e-02
9.366797804832458496e-01
1.221628487110137939e-01
7.810406386852264404e-02
7.586576789617538452e-02
8.789806813001632690e-02
4.507328942418098450e-02
5.719393491744995117e-02
7.772965729236602783e-02
1.302388161420822144e-01
1.395876258611679077e-01
1.042228937149047852e-01
5.845532417297363281e-01
9.954574108123779297e-01
6.730446815490722656e-01
1.228015869855880737e-01
5.282685533165931702e-02
7.499711215496063232e-02
8.491621911525726318e-02
1.002495512366294861e-01
1.170572340488433838e-01
2.018247544765472412e-02
3.441188484430313110e-02
1.075733080506324768e-01
1.942049264907836914e-01
1.209106668829917908e-01
8.021207153797149658e-02
2.193817943334579468e-01
1.188405081629753113e-01
8.637514710426330566e-02
2.946287095546722412e-01
2.530281841754913330e-01
4.395693913102149963e-02
1.877265423536300659e-01
3.115941770374774933e-02
1.378585249185562134e-01
5.039984732866287231e-02
8.981214463710784912e-02
6.341003626585006714e-02
4.765999689698219299e-02
8.054164052009582520e-02
9.572942554950714111e-02
1.908982843160629272e-01
5.476472899317741394e-02
8.081065118312835693e-02
5.380979180335998535e-01
6.610696762800216675e-02
1.198247373104095459e-01
1.680815517902374268e-01
1.152443140745162964e-01
7.213130593299865723e-02
5.621707811951637268e-02
1.309459507465362549e-01
1.134882420301437378e-01
5.266324058175086975e-02
5.352108553051948547e-02
2.773945778608322144e-02
9.246737509965896606e-02
1.818628907203674316e-01
9.632996469736099243e-02
5.703588947653770447e-02
7.414586097002029419e-02
5.806890502572059631e-02
5.076131597161293030e-02
5.665739625692367554e-02
6.148061528801918030e-02
3.476895391941070557e-01
4.095775485038757324e-01
6.668837368488311768e-02
7.943090796470642090e-02
8.379075676202774048e-02
4.194586724042892456e-02
6.294980645179748535e-02
1.334218531847000122e-01
1.588094234466552734e-01
4.414033889770507812e-02
5.259393900632858276e-02
3.857454657554626465e-02
5.809419229626655579e-02
2.534703910350799561e-02
6.740894168615341187e-02
5.164804682135581970e-02
5.780696496367454529e-02
3.648694232106208801e-02
5.614420026540756226e-02
7.005894929170608521e-02
7.864858210086822510e-02
5.495474487543106079e-02
6.625415086746215820e-01
8.879794925451278687e-02
8.349718898534774780e-02
1.305627971887588501e-01
1.186083629727363586e-01
5.608591437339782715e-02
2.920849621295928955e-02
3.437180817127227783e-02
7.349405437707901001e-02
1.139409840106964111e-01
1.107979640364646912e-01
6.863296031951904297e-02
6.149412319064140320e-02
1.130747869610786438e-01
1.030632108449935913e-01
8.466156572103500366e-02
8.825972676277160645e-02
1.481769084930419922e-01
5.400681495666503906e-02
7.199038565158843994e-02
7.053842395544052124e-02
6.887386739253997803e-02
9.486200660467147827e-02
1.292288154363632202e-01
1.594111509621143341e-02
1.547047793865203857e-01
2.002534084022045135e-02
7.733709812164306641e-01
4.481257870793342590e-02
1.604902595281600952e-01
4.597436264157295227e-02
3.561777621507644653e-02
7.779017835855484009e-02
2.627446651458740234e-01
7.065833359956741333e-02
1.323491930961608887e-01
6.195604056119918823e-02
2.681531310081481934e-01
1.276187151670455933e-01
6.702245026826858521e-02
9.981031417846679688e-01
9.877259135246276855e-01
3.932621330022811890e-02
5.430095642805099487e-02
5.317664518952369690e-02
3.933317586779594421e-02
1.971246153116226196e-01
2.947056852281093597e-02
7.403885722160339355e-01
8.747484534978866577e-02
1.072958782315254211e-01
6.466179341077804565e-02
3.725749552249908447e-01
2.015510499477386475e-01
1.232808679342269897e-01
5.715216323733329773e-02
6.705106794834136963e-02
3.717412427067756653e-02
2.993949353694915771e-01
3.714962676167488098e-02
3.596390783786773682e-02
2.691520154476165771e-01
4.833462834358215332e-01
2.533294260501861572e-02
1.034772321581840515e-01
6.685098260641098022e-02
4.600148648023605347e-02
8.260545879602432251e-02
4.296711087226867676e-01
7.761019468307495117e-02
6.185978278517723083e-02
8.279846608638763428e-02
6.737954020500183105e-01
8.207554370164871216e-02
9.365342557430267334e-02
4.489667341113090515e-02
1.695515215396881104e-01
3.803714364767074585e-02
6.201129406690597534e-02
9.170487523078918457e-02
8.908323943614959717e-02
2.973538823425769806e-02
5.806282907724380493e-02
7.941496372222900391e-02
8.173549920320510864e-02
4.241730645298957825e-02
2.453791499137878418e-01
9.995742440223693848e-01
7.570253312587738037e-02
9.147294610738754272e-02
1.658743023872375488e-01
4.319737479090690613e-02
1.847471892833709717e-01
6.529808640480041504e-01
1.867383569478988647e-01
1.938315331935882568e-01
4.564141854643821716e-02
1.154442802071571350e-01
1.153939813375473022e-01
4.849981889128684998e-02
1.367832273244857788e-01
1.317666172981262207e-01
9.584374725818634033e-02
4.014403000473976135e-02
2.269814312458038330e-01
8.529037237167358398e-02
1.507775187492370605e-01
3.732115402817726135e-02
8.735083788633346558e-02
9.996749162673950195e-01
9.431825280189514160e-01
9.877669811248779297e-01
6.893442571163177490e-02
3.092618584632873535e-01
8.388113975524902344e-01
4.283907115459442139e-01
6.451842188835144043e-02
7.640470564365386963e-02
6.364832073450088501e-02
3.721989318728446960e-02
3.268103897571563721e-01
5.671954751014709473e-01
1.198338866233825684e-01
1.049949824810028076e-01
5.847743153572082520e-02
1.831605434417724609e-01
2.896507456898689270e-02
1.070676371455192566e-01
4.063791036605834961e-02
5.581827163696289062e-01
3.682358264923095703e-01
2.247600108385086060e-01
1.186781972646713257e-01
1.361704021692276001e-01
4.175262153148651123e-01
8.732926249504089355e-01
7.337140291929244995e-02
1.140409633517265320e-01
7.941893488168716431e-02
4.680499434471130371e-01
5.433984398841857910e-01
7.420498132705688477e-02
4.520264640450477600e-02
1.222338527441024780e-01
3.750291466712951660e-02
9.497050195932388306e-02
5.036554858088493347e-02
2.986605279147624969e-02
7.068492472171783447e-02
7.900471240282058716e-02
5.337289571762084961e-01
1.229787841439247131e-01
2.240483649075031281e-02
7.613861560821533203e-02
1.047429367899894714e-01
3.951005041599273682e-01
9.295911341905593872e-02
4.998551681637763977e-02
9.074083715677261353e-02
7.995285838842391968e-02
4.253415390849113464e-02
1.084765866398811340e-01
6.018807739019393921e-02
8.107110112905502319e-02
3.626053407788276672e-02
2.174311578273773193e-01
1.209740787744522095e-01
1.892321929335594177e-02
3.211947530508041382e-02
4.463088512420654297e-02
2.765029668807983398e-02
6.350467354059219360e-02
2.836059033870697021e-02
5.867126956582069397e-02
3.335756063461303711e-02
5.370462685823440552e-02
4.942632913589477539e-01
1.298186928033828735e-01
2.269174009561538696e-01
6.028274893760681152e-01
1.529749482870101929e-01
3.645369783043861389e-02
1.014354228973388672e-01
1.790528595447540283e-01
3.334587514400482178e-01
3.136488795280456543e-01
2.769128419458866119e-02
4.636095836758613586e-02
1.719218045473098755e-01
9.364290535449981689e-02
5.156650394201278687e-02
3.577538728713989258e-01
1.262903362512588501e-01
4.831608012318611145e-02
5.253297463059425354e-02
1.047781780362129211e-01
1.159551441669464111e-01
7.442424446344375610e-02
5.400903522968292236e-02
5.857812613248825073e-02
6.242421641945838928e-02
1.074400842189788818e-01
5.070745572447776794e-02
8.958349227905273438e-01
9.225580096244812012e-01
9.938703775405883789e-01
9.816282391548156738e-01
9.029433131217956543e-02
6.937990337610244751e-02
6.466430425643920898e-02
3.845593705773353577e-02
5.185189098119735718e-02
1.436499506235122681e-01
7.573008537292480469e-02
4.881766438484191895e-02
1.495627164840698242e-01
1.018173545598983765e-01
2.815771996974945068e-01
1.648409962654113770e-01
9.708753824234008789e-01
5.438664555549621582e-01
1.328942626714706421e-01
2.006234973669052124e-02
3.938107937574386597e-02
3.197759687900543213e-01
2.368686161935329437e-02
5.333038792014122009e-02
1.532427072525024414e-01
8.042024821043014526e-02
7.699502259492874146e-02
9.284090995788574219e-02
5.126359313726425171e-02
6.237435340881347656e-02
7.381465286016464233e-02
5.564795061945915222e-02
5.594092980027198792e-02
5.686808004975318909e-02
1.722190678119659424e-01
6.017072498798370361e-02
9.050828218460083008e-02
5.829007551074028015e-02
4.786788672208786011e-02
4.944426938891410828e-02
3.212676942348480225e-02
4.297059029340744019e-02
4.032503440976142883e-02
1.111575514078140259e-01
1.715655922889709473e-01
5.543845891952514648e-02
1.433399319648742676e-01
6.997799873352050781e-02
7.051227986812591553e-02
9.682835936546325684e-01
9.933421015739440918e-01
6.687150895595550537e-02
6.103366240859031677e-02
7.559090107679367065e-02
8.045151829719543457e-02
5.656376853585243225e-02
3.551306575536727905e-02
7.339614033699035645e-01
5.645735934376716614e-02
8.535814285278320312e-02
1.859116181731224060e-02
8.890855312347412109e-02
6.241944432258605957e-02
4.519074037671089172e-02
4.106141999363899231e-02
1.847345232963562012e-01
1.105609908699989319e-01
9.167477488517761230e-02
4.615911096334457397e-02
9.759867191314697266e-02
4.240517318248748779e-02
2.390678077936172485e-01
1.304668188095092773e-02
1.141256913542747498e-01
9.635441005229949951e-02
8.004903793334960938e-02
4.184186458587646484e-02
2.222788892686367035e-02
1.109924912452697754e-01
6.688720732927322388e-02
1.026802211999893188e-01
5.357702076435089111e-02
2.010158598423004150e-01
4.690947830677032471e-01
1.948005706071853638e-01
5.481316894292831421e-02
8.297570049762725830e-02
4.313451796770095825e-02
1.970200389623641968e-01
6.740793585777282715e-01
1.518296152353286743e-01
3.339887261390686035e-01
8.492206335067749023e-01
5.067320540547370911e-02
5.690976232290267944e-02
8.156585693359375000e-02
1.475970260798931122e-02
1.911973506212234497e-01
9.690198302268981934e-01
7.824440598487854004e-01
2.845193631947040558e-02
2.560085952281951904e-01
3.142412304878234863e-01
1.171664744615554810e-01
9.998842477798461914e-01
9.997072815895080566e-01
3.666008114814758301e-01
9.890284389257431030e-02
2.843957208096981049e-02
6.414464861154556274e-02
1.155786365270614624e-01
6.021267175674438477e-02
6.872605532407760620e-02
1.140583232045173645e-01
1.649457961320877075e-01
9.994540810585021973e-01
9.524976462125778198e-02
1.187631785869598389e-01
1.374403238296508789e-01
9.895969033241271973e-01
1.538030356168746948e-01
2.701861411333084106e-02
5.805689096450805664e-01
9.646827727556228638e-02
5.197997018694877625e-02
3.089316375553607941e-02
8.393286913633346558e-02
5.090550333261489868e-02
8.421027660369873047e-02
4.380822777748107910e-01
2.009930312633514404e-01
1.172209009528160095e-01
1.202449351549148560e-01
6.086824089288711548e-02
5.249245762825012207e-01
2.381341755390167236e-01
6.676483154296875000e-02
5.030448734760284424e-02
3.292286023497581482e-02
7.875284552574157715e-02
4.948994517326354980e-02
2.425036951899528503e-02
8.070413768291473389e-02
9.426849335432052612e-02
1.166488379240036011e-01
6.037306785583496094e-02
3.657459095120429993e-02
2.928433418273925781e-01
5.268549323081970215e-01
9.291540086269378662e-02
9.720190763473510742e-01
9.086924791336059570e-02
9.930906444787979126e-02
6.425664573907852173e-02
7.321558147668838501e-02
4.542403668165206909e-02
4.047793522477149963e-02
1.586193144321441650e-01
6.418894231319427490e-02
7.748810201883316040e-02
7.615818828344345093e-02
3.246463239192962646e-01
3.656325116753578186e-02
8.905924856662750244e-02
8.548853546380996704e-02
7.504932582378387451e-02
2.526756376028060913e-02
5.519638061523437500e-01
6.260248422622680664e-01
5.249805375933647156e-02
4.878853633999824524e-02
4.241408035159111023e-02
5.895001441240310669e-02
7.642568647861480713e-02
4.707299172878265381e-02
8.879023790359497070e-02
1.306232959032058716e-01
1.089267879724502563e-01
1.043590232729911804e-01
2.580419778823852539e-01
1.568231582641601562e-01
4.233430922031402588e-01
3.801079988479614258e-01
3.818362578749656677e-02
3.277721628546714783e-02
7.114294171333312988e-02
6.294627487659454346e-02
3.580100089311599731e-02
1.212747991085052490e-01
2.078732289373874664e-02
5.164327844977378845e-02
2.283839434385299683e-01
9.059410095214843750e-01
7.145263254642486572e-02
8.902230858802795410e-02
2.947727404534816742e-02
6.444883942604064941e-01
6.473578214645385742e-01
1.163544431328773499e-01
4.998353868722915649e-02
1.372582614421844482e-01
9.800688177347183228e-02
5.620789155364036560e-02
1.951505094766616821e-01
1.150342822074890137e-01
6.840784847736358643e-02
3.743711486458778381e-02
5.267113819718360901e-02
6.274259835481643677e-02
2.450592070817947388e-01
6.673277914524078369e-02
6.532473862171173096e-02
7.467553764581680298e-02
8.390861749649047852e-02
7.878616452217102051e-02
1.122693791985511780e-01
3.142151609063148499e-02
6.906428933143615723e-01
7.543405890464782715e-01
2.144548669457435608e-02
5.361058562994003296e-02
1.272028684616088867e-01
6.570449471473693848e-02
7.195272296667098999e-02
6.203973889350891113e-01
9.999983310699462891e-01
6.010892987251281738e-02
5.652064085006713867e-02
2.736201696097850800e-02
2.911378256976604462e-02
1.126282364130020142e-01
5.741810798645019531e-02
9.018640220165252686e-02
5.426226928830146790e-02
3.398974612355232239e-02
9.592208266258239746e-02
8.984462171792984009e-02
6.116265058517456055e-02
3.938709571957588196e-02
2.985456027090549469e-02
4.570101574063301086e-02
9.369776397943496704e-02
4.204893112182617188e-02
4.840696975588798523e-02
1.231586560606956482e-01
6.626886129379272461e-02
9.149258583784103394e-02
1.444792896509170532e-01
1.580615937709808350e-01
2.434067279100418091e-01
1.632268726825714111e-01
1.598109304904937744e-02
9.177377223968505859e-01
8.337917923927307129e-01
1.257932335138320923e-01
7.765028625726699829e-02
4.234415292739868164e-01
4.375791177153587341e-02
7.204900681972503662e-02
3.963983058929443359e-02
8.167553693056106567e-02
1.157076433300971985e-01
4.233340024948120117e-01
9.105472564697265625e-01
6.246953457593917847e-02
3.210118040442466736e-02
8.505579084157943726e-02
4.492044076323509216e-02
9.169812798500061035e-01
6.326103210449218750e-01
7.493466883897781372e-02
6.502906233072280884e-02
7.830399274826049805e-02
7.359625399112701416e-02
7.938787341117858887e-02
9.721748530864715576e-02
6.660086661577224731e-02
9.870436042547225952e-02
6.863943487405776978e-02
1.065289527177810669e-01
3.660661354660987854e-02
1.013856455683708191e-01
3.869786113500595093e-02
9.370148181915283203e-02
1.527325659990310669e-01
1.980133652687072754e-01
4.942979663610458374e-02
3.629621863365173340e-02
5.173313990235328674e-02
5.386928096413612366e-02
7.717639207839965820e-02
1.104976534843444824e-01
3.265846520662307739e-02
1.629952192306518555e-01
2.480245530605316162e-01
1.484824568033218384e-01
6.994908303022384644e-02
1.347064524888992310e-01
2.033666148781776428e-02
1.430993229150772095e-01
5.942137166857719421e-02
9.937804341316223145e-01
3.572432696819305420e-01
8.283586055040359497e-02
8.673540502786636353e-02
1.697414666414260864e-01
6.525290757417678833e-02
6.960074603557586670e-02
5.051301419734954834e-02
7.044219970703125000e-02
4.523823410272598267e-02
3.443083167076110840e-01
3.335476815700531006e-01
6.241222098469734192e-02
8.399046212434768677e-02
2.560997605323791504e-01
6.312316656112670898e-02
1.165492385625839233e-01
2.062212824821472168e-01
6.098715215921401978e-02
8.006647974252700806e-02
3.425899520516395569e-02
4.692025855183601379e-02
1.368823945522308350e-01
7.422664165496826172e-01
2.726635709404945374e-02
6.949891149997711182e-02
2.582843229174613953e-02
3.220734745264053345e-02
1.200771406292915344e-01
8.847872167825698853e-02
9.735362231731414795e-02
1.207765787839889526e-01
5.756086856126785278e-02
1.531864404678344727e-01
1.492863744497299194e-01
7.561221718788146973e-02
1.357889827340841293e-02
2.053844630718231201e-01
9.306032210588455200e-02
1.438358128070831299e-01
6.074549555778503418e-01
9.898878931999206543e-01
4.144709110260009766e-01
1.497359722852706909e-01
2.076246030628681183e-02
3.311928734183311462e-02
3.828305006027221680e-01
4.727601706981658936e-01
1.328642219305038452e-01
1.052247509360313416e-01
9.070136398077011108e-02
6.363951414823532104e-02
6.851535290479660034e-02
3.045144490897655487e-02
7.428684830665588379e-02
5.722442269325256348e-02
2.705586254596710205e-01
7.895208150148391724e-02
1.035349518060684204e-01
4.597418382763862610e-02
1.365687847137451172e-01
9.309405088424682617e-02
6.427229940891265869e-02
4.146841168403625488e-02
8.142340928316116333e-02
5.168705433607101440e-02
7.923669368028640747e-02
6.190715730190277100e-02
1.078397706151008606e-01
7.044722884893417358e-02
4.040243476629257202e-02
3.348562121391296387e-02
6.049207970499992371e-02
9.223593026399612427e-02
5.785916000604629517e-02
7.679304480552673340e-02
9.722294807434082031e-01
9.450120925903320312e-01
7.188095897436141968e-02
5.202818289399147034e-02
1.436017006635665894e-01
5.997931957244873047e-02
1.712237298488616943e-01
3.525668382644653320e-02
4.537054523825645447e-02
1.079181134700775146e-01
1.273439377546310425e-01
3.148875236511230469e-01
1.195430457592010498e-01
1.036840826272964478e-01
9.478490054607391357e-02
1.969577223062515259e-01
1.623907387256622314e-01
9.644923806190490723e-01
2.749031037092208862e-02
3.778920695185661316e-02
9.228947013616561890e-02
1.070470139384269714e-01
6.335349380970001221e-02
1.097580641508102417e-01
9.965742826461791992e-01
9.919434785842895508e-01
1.006384044885635376e-01
5.778354778885841370e-02
1.167464777827262878e-01
1.200351715087890625e-01
2.298781462013721466e-02
1.613922417163848877e-01
1.095220893621444702e-01
1.500333696603775024e-01
4.373078420758247375e-02
1.131119653582572937e-01
4.496252164244651794e-02
1.863763630390167236e-01
6.015324592590332031e-02
7.517310231924057007e-02
9.814220666885375977e-02
9.841642975807189941e-01
6.489151716232299805e-02
5.223815143108367920e-02
7.103224843740463257e-02
5.469552055001258850e-02
6.396643817424774170e-02
1.012523099780082703e-01
4.381163418292999268e-02
8.784010261297225952e-02
2.584222331643104553e-02
8.808071166276931763e-02
4.870712459087371826e-01
6.026325747370719910e-02
8.765596896409988403e-02
1.408034861087799072e-01
1.239596903324127197e-01
8.623716980218887329e-02
3.005846962332725525e-02
4.347491636872291565e-02
3.312941268086433411e-02
2.335686422884464264e-02
1.126894280314445496e-01
3.627482429146766663e-02
4.341971501708030701e-02
7.568661868572235107e-02
7.248990982770919800e-02
7.544857263565063477e-02
5.203002691268920898e-02
5.503755807876586914e-02
7.892555594444274902e-01
9.992865920066833496e-01
5.384858697652816772e-02
2.788367494940757751e-02
1.342989802360534668e-01
8.289953321218490601e-02
7.794689387083053589e-02
4.759760946035385132e-02
4.877852275967597961e-02
1.191717982292175293e-01
4.876471683382987976e-02
1.930387020111083984e-01
6.337758153676986694e-02
6.073142960667610168e-02
6.103656813502311707e-02
7.109852880239486694e-02
5.217559263110160828e-02
5.683593079447746277e-02
7.475288957357406616e-02
4.442229121923446655e-02
7.211944460868835449e-02
9.319675713777542114e-02
6.038974970579147339e-02
1.088840588927268982e-01
9.156078845262527466e-02
2.972629107534885406e-02
1.016663908958435059e-01
9.414258599281311035e-02
6.389841437339782715e-02
5.237463489174842834e-02
6.053450331091880798e-02
1.146850660443305969e-01
1.568408459424972534e-01
1.415126472711563110e-01
8.021125942468643188e-02
2.000733315944671631e-01
2.879143953323364258e-01
3.600075840950012207e-02
6.349754333496093750e-02
1.252081692218780518e-01
5.719208344817161560e-02
1.519744098186492920e-01
5.649879202246665955e-02
9.992048144340515137e-02
9.684409201145172119e-02
1.487336605787277222e-01
5.394368246197700500e-02
9.291136264801025391e-02
7.199598103761672974e-02
5.196719616651535034e-02
6.761080771684646606e-02
4.426139965653419495e-02
1.967646628618240356e-01
2.952080778777599335e-02
4.635685682296752930e-02
3.546680137515068054e-02
1.072538197040557861e-01
6.995829939842224121e-02
4.762742668390274048e-02
8.797790855169296265e-02
7.226328551769256592e-02
9.485459327697753906e-02
9.985460340976715088e-02
5.244421958923339844e-02
8.441948890686035156e-02
9.159004092216491699e-01
5.691538453102111816e-01
1.146395653486251831e-01
3.214125335216522217e-02
7.361725717782974243e-02
4.381975531578063965e-02
1.345974653959274292e-01
1.004385650157928467e-01
1.511126905679702759e-01
5.460333824157714844e-02
7.890642434358596802e-02
5.114533007144927979e-02
1.355998367071151733e-01
1.281177550554275513e-01
8.253646641969680786e-02
4.780839756131172180e-02
7.955422401428222656e-01
8.643130064010620117e-01
1.729401201009750366e-01
1.047512590885162354e-01
9.250436723232269287e-02
1.392031908035278320e-01
1.111349686980247498e-01
6.772904396057128906e-01
8.908332884311676025e-02
7.531697303056716919e-02
6.945375353097915649e-02
5.476803705096244812e-02
1.232708916068077087e-01
1.015783622860908508e-01
5.314941704273223877e-02
1.396806687116622925e-01
7.767432928085327148e-02
2.222059965133666992e-01
5.420545488595962524e-02
3.317216783761978149e-02
2.401120364665985107e-01
8.727112412452697754e-02
5.767146497964859009e-02
3.421163186430931091e-02
7.054436951875686646e-02
6.245366111397743225e-02
9.999992847442626953e-01
9.995051622390747070e-01
1.958465129137039185e-01
1.623628437519073486e-01
1.088969781994819641e-01
9.091401845216751099e-02
1.095579415559768677e-01
1.566415280103683472e-01
1.268427670001983643e-01
1.155815571546554565e-01
1.020806878805160522e-01
5.578854307532310486e-02
4.886274635791778564e-01
8.542530983686447144e-02
2.253773063421249390e-01
8.348830044269561768e-02
3.837172687053680420e-02
3.740877285599708557e-02
3.304304927587509155e-02
1.952682584524154663e-01
7.695709168910980225e-02
6.532330811023712158e-02
5.222801491618156433e-02
1.515626162290573120e-01
7.301056385040283203e-02
9.542236924171447754e-01
1.252562552690505981e-01
5.670384317636489868e-02
5.261458083987236023e-02
4.854605346918106079e-02
5.803316831588745117e-02
1.843023449182510376e-01
7.551246881484985352e-02
6.373098492622375488e-02
9.569246172904968262e-01
8.175635337829589844e-01
5.133921280503273010e-02
1.077439934015274048e-01
7.195074856281280518e-02
1.220642104744911194e-01
6.068122759461402893e-02
2.732688374817371368e-02
8.308061957359313965e-02
3.369025290012359619e-01
4.467951878905296326e-02
1.377256810665130615e-01
1.386522054672241211e-01
2.865998744964599609e-01
7.467163354158401489e-02
4.393384233117103577e-02
2.316940575838088989e-02
8.659341931343078613e-02
5.887436494231224060e-02
4.918606206774711609e-02
1.420295089483261108e-01
7.334402948617935181e-02
4.840016737580299377e-02
7.170417159795761108e-02
2.468752674758434296e-02
5.001416057348251343e-02
6.118551269173622131e-02
6.012088805437088013e-02
5.556793138384819031e-02
5.038571357727050781e-02
1.250928491353988647e-01
1.757515408098697662e-02
5.412959679961204529e-02
6.508137285709381104e-02
7.676730304956436157e-02
4.424934834241867065e-02
5.615888908505439758e-02
1.357992738485336304e-01
3.241369500756263733e-02
5.260950326919555664e-02
8.427224308252334595e-02
1.478788554668426514e-01
4.578387364745140076e-02
1.110631525516510010e-01
2.727751135826110840e-01
6.203399896621704102e-01
9.294781833887100220e-02
5.873277038335800171e-02
4.240918159484863281e-02
5.343004316091537476e-02
6.680618971586227417e-02
9.999994039535522461e-01
9.972249269485473633e-01
7.276128530502319336e-01
1.167093664407730103e-01
7.300351560115814209e-02
7.844685763120651245e-02
1.236428394913673401e-01
6.319016963243484497e-02
8.487040549516677856e-02
5.542536079883575439e-02
1.342159956693649292e-01
1.159564629197120667e-01
9.999518394470214844e-01
9.994426369667053223e-01
8.275017142295837402e-02
5.248608589172363281e-01
3.844213187694549561e-01
8.369424939155578613e-02
3.069470636546611786e-02
8.833008259534835815e-02
1.203338578343391418e-01
4.400343075394630432e-02
3.143760189414024353e-02
5.240372568368911743e-02
7.908802479505538940e-02
4.514606297016143799e-02
6.860443204641342163e-02
4.451479390263557434e-02
6.428851187229156494e-02
4.336575791239738464e-02
4.983289539813995361e-02
4.985176399350166321e-02
5.205411463975906372e-02
9.708750993013381958e-02
6.792462617158889771e-02
2.217988520860671997e-01
9.635790586471557617e-01
2.628482878208160400e-01
1.111370176076889038e-01
4.951189458370208740e-01
1.001914031803607941e-02
6.424002349376678467e-02
7.905333489179611206e-02
4.138153493404388428e-01
2.529307007789611816e-01
7.619769871234893799e-02
6.739428639411926270e-02
4.812662303447723389e-02
5.575722828507423401e-02
1.369035392999649048e-01
9.604725986719131470e-02
3.202699497342109680e-02
1.133162528276443481e-01
4.264939948916435242e-02
6.359701603651046753e-02
1.013639718294143677e-01
2.403130941092967987e-02
7.682800292968750000e-02
1.475938260555267334e-01
8.735095262527465820e-01
8.444356173276901245e-02
1.883348077535629272e-01
2.886759117245674133e-02
1.436327993869781494e-01
2.479269541800022125e-02
4.650218784809112549e-02
7.757475227117538452e-02
1.191940605640411377e-01
4.420591145753860474e-02
9.999694824218750000e-01
9.999173879623413086e-01
5.569780468940734863e-01
1.171266660094261169e-01
2.843614518642425537e-01
3.331310451030731201e-01
1.820617616176605225e-01
8.941817283630371094e-02
4.379128292202949524e-02
3.430657461285591125e-02
1.452777534723281860e-01
7.036177814006805420e-02
2.788939476013183594e-01
3.114323914051055908e-01
5.454070493578910828e-02
8.884821832180023193e-02
5.235506221652030945e-02
7.060177624225616455e-02
5.101682245731353760e-02
3.217789530754089355e-02
9.585901498794555664e-01
7.757146954536437988e-01
5.981710925698280334e-02
4.649163186550140381e-01
4.617966711521148682e-02
9.999648332595825195e-01
9.940754175186157227e-01
7.269774675369262695e-01
8.796831369400024414e-01
8.743116259574890137e-02
9.987868666648864746e-01
1.636922061443328857e-01
1.673177778720855713e-01
7.401182502508163452e-02
3.614073991775512695e-02
9.828935563564300537e-02
2.056949734687805176e-01
1.631207019090652466e-01
2.043800242245197296e-02
5.152913182973861694e-02
4.176774621009826660e-02
6.036969646811485291e-02
4.276751279830932617e-01
9.999991655349731445e-01
9.989657402038574219e-01
2.653505839407444000e-02
3.937903419137001038e-02
7.726746052503585815e-02
1.089124232530593872e-01
9.959395974874496460e-02
1.174262464046478271e-01
8.276853710412979126e-02
6.345965713262557983e-02
3.213253989815711975e-02
8.027499914169311523e-02
2.361790090799331665e-01
5.110680311918258667e-02
8.735676854848861694e-02
6.997078061103820801e-01
9.727050364017486572e-02
6.676695495843887329e-02
9.930153936147689819e-02
9.615033864974975586e-02
4.694550111889839172e-02
6.449419260025024414e-02
3.226337209343910217e-02
2.925413846969604492e-01
9.197288751602172852e-02
1.102474927902221680e-01
6.998471915721893311e-02
1.234172135591506958e-01
9.630232304334640503e-02
1.394310593605041504e-01
1.097744405269622803e-01
1.513892263174057007e-01
1.016953587532043457e-01
2.905132994055747986e-02
1.052884906530380249e-01
9.311905503273010254e-02
8.587609976530075073e-02
9.134726971387863159e-02
4.102520048618316650e-01
2.135045677423477173e-01
3.782315924763679504e-02
8.800145983695983887e-02
3.340549767017364502e-02
3.420553728938102722e-02
3.583658114075660706e-02
4.328026622533798218e-02
4.137183725833892822e-02
1.491442173719406128e-01
5.940540507435798645e-02
9.468990564346313477e-02
1.010356843471527100e-01
2.891604416072368622e-02
7.842072844505310059e-02
8.402292430400848389e-02
1.184302940964698792e-01
7.022690773010253906e-02
7.526011765003204346e-02
8.070264756679534912e-02
4.946132004261016846e-02
4.860963299870491028e-02
1.773888245224952698e-02
5.758766457438468933e-02
8.688245713710784912e-02
5.231411755084991455e-02
3.504521027207374573e-02
6.913767755031585693e-02
5.876519903540611267e-02
2.412230819463729858e-01
5.550649762153625488e-01
5.530828610062599182e-02
7.852017134428024292e-02
8.546646684408187866e-02
3.603382036089897156e-02
1.708167642354965210e-01
1.948055475950241089e-01
7.631721347570419312e-02
9.337850660085678101e-02
5.892609804868698120e-02
5.666995048522949219e-02
7.669638097286224365e-02
7.571364939212799072e-02
1.127138808369636536e-01
1.302155703306198120e-01
3.796086460351943970e-02
1.158469170331954956e-01
2.311321049928665161e-01
3.118683584034442902e-02
1.768640428781509399e-01
6.787582486867904663e-02
4.822067171335220337e-02
4.337001964449882507e-02
3.387375921010971069e-02
1.343583911657333374e-01
2.384295873343944550e-02
1.540766060352325439e-01
6.196497380733489990e-02
2.599979043006896973e-01
1.072690188884735107e-01
5.880309641361236572e-02
4.421749711036682129e-02
5.520786345005035400e-02
9.222382307052612305e-02
1.187448874115943909e-01
1.041784062981605530e-01
5.246840417385101318e-02
4.878025501966476440e-02
5.324857309460639954e-02
4.396679997444152832e-02
2.360856384038925171e-01
8.742465078830718994e-02
1.687155961990356445e-01
1.163370534777641296e-01
7.306131720542907715e-02
7.571666836738586426e-01
3.850550651550292969e-01
1.528768986463546753e-01
1.035007461905479431e-01
8.107163757085800171e-02
6.524907797574996948e-02
6.027393415570259094e-02
6.429910659790039062e-02
7.300403714179992676e-02
4.094363376498222351e-02
2.723532319068908691e-01
4.486171528697013855e-02
1.556528657674789429e-01
6.443467736244201660e-02
2.061748504638671875e-01
7.136192172765731812e-02
5.519272014498710632e-02
4.125827178359031677e-02
1.341930329799652100e-01
8.767046034336090088e-03
5.355658754706382751e-02
2.944036014378070831e-02
6.510759145021438599e-02
2.164681851863861084e-01
5.749196186661720276e-02
1.212020739912986755e-01
6.783651560544967651e-02
1.036393418908119202e-01
1.050602123141288757e-01
7.797196507453918457e-02
4.226944595575332642e-02
6.682588905096054077e-02
2.961322851479053497e-02
5.534243956208229065e-02
7.624351233243942261e-02
1.021136194467544556e-01
1.056051701307296753e-01
9.121478348970413208e-02
8.085141330957412720e-02
5.422708019614219666e-02
1.157586351037025452e-01
1.125889718532562256e-01
6.818006187677383423e-02
8.185000717639923096e-02
2.779768407344818115e-01
3.839791566133499146e-02
1.293812245130538940e-01
3.358409553766250610e-02
5.692017823457717896e-02
1.868483573198318481e-01
3.083053529262542725e-01
1.268706172704696655e-01
5.695753172039985657e-02
1.446225047111511230e-01
2.503647655248641968e-02
8.639409393072128296e-02
1.322337538003921509e-01
7.702709734439849854e-02
1.027109846472740173e-01
2.735451981425285339e-02
4.164921864867210388e-02
1.709016859531402588e-01
4.459567740559577942e-02
9.605192393064498901e-02
7.135177403688430786e-02
2.713396400213241577e-02
9.825821220874786377e-02
7.569435983896255493e-02
2.127981334924697876e-01
1.099710986018180847e-01
6.093941628932952881e-02
7.184650003910064697e-02
1.100654304027557373e-01
7.692055404186248779e-02
6.228831037878990173e-02
2.474527992308139801e-02
5.384190753102302551e-02
4.448148608207702637e-02
2.197518646717071533e-01
1.832001060247421265e-01
5.794702470302581787e-02
3.666075766086578369e-01
1.670999825000762939e-02
1.860281229019165039e-01
9.262131154537200928e-02
4.912669211626052856e-02
3.885384649038314819e-02
9.530337452888488770e-01
1.031840816140174866e-01
1.006694585084915161e-01
4.934901371598243713e-02
5.501103997230529785e-01
7.426873594522476196e-02
1.001043245196342468e-01
1.159490570425987244e-01
3.746647760272026062e-02
7.187280058860778809e-02
5.801283568143844604e-02
1.792416721582412720e-01
1.467061489820480347e-01
6.304467469453811646e-02
2.777066268026828766e-02
9.216106683015823364e-02
2.303780056536197662e-02
3.679543361067771912e-02
5.216494575142860413e-02
6.868039816617965698e-02
5.381465703248977661e-02
1.382840275764465332e-01
6.843909621238708496e-02
8.393762707710266113e-01
7.045746594667434692e-02
3.673494607210159302e-02
1.219026669859886169e-01
4.394135996699333191e-02
1.638737618923187256e-01
1.248406097292900085e-01
3.805166855454444885e-02
7.097101211547851562e-02
4.817531630396842957e-02
2.341194599866867065e-01
1.945954859256744385e-01
3.563951700925827026e-02
9.999961853027343750e-01
4.202940315008163452e-02
2.489469572901725769e-02
3.120373487472534180e-01
6.909803301095962524e-02
9.604647755622863770e-02
9.999877214431762695e-01
1.612634807825088501e-01
6.842962503433227539e-01
5.664696693420410156e-01
3.505686298012733459e-02
1.149972304701805115e-01
1.392374932765960693e-01
2.703813090920448303e-02
3.652480617165565491e-02
1.124425083398818970e-01
4.644787013530731201e-01
1.946186870336532593e-01
3.281476348638534546e-02
2.588392607867717743e-02
8.366356790065765381e-02
4.596439749002456665e-02
1.129759624600410461e-01
3.216028213500976562e-02
2.730567939579486847e-02
7.485481351613998413e-02
2.539135143160820007e-02
5.278777703642845154e-02
9.814567118883132935e-02
3.450054675340652466e-02
9.942541271448135376e-02
7.127209007740020752e-02
6.874072551727294922e-02
9.418569505214691162e-02
1.073406040668487549e-01
9.455097466707229614e-02
6.624286621809005737e-02
5.299473181366920471e-02
3.553764522075653076e-02
2.948228418827056885e-01
2.935553789138793945e-01
5.332788079977035522e-02
8.377414196729660034e-02
2.557889223098754883e-01
1.287470012903213501e-01
3.779174014925956726e-02
5.506363883614540100e-02
9.083415567874908447e-02
1.287917792797088623e-01
4.343849420547485352e-02
9.999212026596069336e-01
2.868094444274902344e-01
9.616517275571823120e-02
1.043395027518272400e-01
7.140130549669265747e-02
1.840398013591766357e-01
7.139964401721954346e-02
1.324944570660591125e-02
9.495263546705245972e-02
4.298259317874908447e-02
5.156324803829193115e-02
4.995385184884071350e-02
6.560146063566207886e-02
9.646224975585937500e-02
3.542859479784965515e-02
6.155557185411453247e-02
5.815421938896179199e-01
9.999915361404418945e-01
7.444746047258377075e-02
7.785170525312423706e-02
6.697481870651245117e-02
1.663946062326431274e-01
5.544647574424743652e-02
7.096628099679946899e-02
1.456632465124130249e-01
4.551213607192039490e-02
5.489335209131240845e-02
5.263154208660125732e-02
9.835899472236633301e-01
9.992669224739074707e-01
9.732647985219955444e-02
4.031984880566596985e-02
1.453389972448348999e-01
1.823714971542358398e-01
4.607958719134330750e-02
9.295338392257690430e-02
7.024714350700378418e-02
1.144827604293823242e-01
8.580837398767471313e-02
5.019309371709823608e-02
4.481298848986625671e-02
5.371307954192161560e-02
9.261476993560791016e-01
8.340228199958801270e-01
1.473662555217742920e-01
6.007745116949081421e-02
7.963356375694274902e-02
9.646796435117721558e-02
5.874213948845863342e-02
3.884730860590934753e-02
3.815454617142677307e-02
7.731656730175018311e-02
4.532992839813232422e-02
6.459701806306838989e-02
6.335109472274780273e-02
1.797031611204147339e-01
5.245938524603843689e-02
2.092204615473747253e-02
6.832546740770339966e-02
2.753686718642711639e-02
8.194155991077423096e-02
1.350222826004028320e-01
6.936166435480117798e-02
4.839427396655082703e-02
1.595016717910766602e-01
9.999978542327880859e-01
8.563736081123352051e-02
7.159797847270965576e-02
7.369913160800933838e-02
5.515784025192260742e-01
2.310007214546203613e-01
6.706921756267547607e-02
1.377977728843688965e-01
2.431874722242355347e-01
7.079899311065673828e-02
1.735836565494537354e-01
3.680681884288787842e-01
4.209270700812339783e-02
5.928582325577735901e-02
6.746569275856018066e-02
8.645917475223541260e-02
6.904658675193786621e-02
4.151806235313415527e-02
1.030444428324699402e-01
2.888580262660980225e-01
8.076670765876770020e-02
6.939708590507507324e-01
4.567282795906066895e-01
5.225078016519546509e-02
5.454654246568679810e-02
1.134602501988410950e-01
1.367458552122116089e-01
2.873485162854194641e-02
1.884431988000869751e-01
7.168922573328018188e-02
1.574687659740447998e-01
5.842626839876174927e-02
1.389404535293579102e-01
1.473505496978759766e-01
9.527952224016189575e-02
1.036149784922599792e-01
7.897847145795822144e-02
5.960179865360260010e-02
3.255406767129898071e-02
4.361352697014808655e-02
8.250265568494796753e-02
1.478036493062973022e-01
4.092776030302047729e-02
1.275545358657836914e-01
1.841593980789184570e-01
1.429038047790527344e-01
1.405617147684097290e-01
7.201764732599258423e-02
4.789035022258758545e-02
1.296121180057525635e-01
4.329917207360267639e-02
4.749364405870437622e-02
2.329039946198463440e-02
5.765779688954353333e-02
2.862435020506381989e-02
8.265065401792526245e-02
1.437910199165344238e-01
3.665011525154113770e-01
6.304274499416351318e-02
5.251930281519889832e-02
1.564029306173324585e-01
2.630035281181335449e-01
7.908203452825546265e-02
1.111018136143684387e-01
6.114983558654785156e-02
7.410874962806701660e-02
2.925967611372470856e-02
3.032746165990829468e-02
1.356137730181217194e-02
2.632518410682678223e-01
4.840339124202728271e-01
6.544320285320281982e-02
9.435407072305679321e-02
3.252473473548889160e-02
4.596989974379539490e-02
3.940309956669807434e-02
4.994873702526092529e-02
7.808386534452438354e-02
1.545789390802383423e-01
7.836341112852096558e-02
6.773321330547332764e-02
5.444544926285743713e-02
5.979192256927490234e-02
1.676709204912185669e-01
3.648167103528976440e-02
5.456707626581192017e-02
1.008200570940971375e-01
4.333506897091865540e-02
8.515820652246475220e-02
7.433575391769409180e-02
3.602506220340728760e-02
3.382685780525207520e-02
3.633142709732055664e-01
6.786067038774490356e-02
9.506523609161376953e-01
9.999843835830688477e-01
9.925527125597000122e-02
4.944465309381484985e-02
6.746042519807815552e-02
8.818282186985015869e-02
6.891465932130813599e-02
1.151067242026329041e-01
2.488924115896224976e-01
9.688115119934082031e-02
1.019923910498619080e-01
6.447217613458633423e-02
1.637646257877349854e-01
8.886497467756271362e-02
2.064801305532455444e-01
1.066020429134368896e-01
1.327281296253204346e-01
7.254826277494430542e-02
2.456004545092582703e-02
1.138984486460685730e-01
5.574098974466323853e-02
3.171064332127571106e-02
4.285220429301261902e-02
9.966468065977096558e-02
6.912685930728912354e-02
2.559838891029357910e-01
8.900179713964462280e-02
3.853416070342063904e-02
1.261121779680252075e-01
4.012262076139450073e-02
4.523436725139617920e-02
1.180742532014846802e-01
6.156589984893798828e-01
1.834117248654365540e-02
8.476349711418151855e-02
4.173700883984565735e-02
7.900742441415786743e-02
8.934330940246582031e-02
9.305319935083389282e-02
4.496388137340545654e-02
1.383477300405502319e-01
9.174668788909912109e-02
9.138059616088867188e-02
1.355868577957153320e-01
5.182006582617759705e-02
1.162434369325637817e-01
1.474546790122985840e-01
6.300581991672515869e-02
6.407732516527175903e-02
1.913475692272186279e-01
4.043596088886260986e-01
6.223425865173339844e-01
1.277220696210861206e-01
1.594433039426803589e-01
3.047261200845241547e-02
5.033856630325317383e-01
5.684024095535278320e-01
1.612666398286819458e-01
6.096992269158363342e-02
1.041254177689552307e-01
1.389889512211084366e-02
5.734635144472122192e-02
8.042240142822265625e-02
7.656005769968032837e-02
6.584352999925613403e-02
1.002738699316978455e-01
6.243217587471008301e-01
2.264788448810577393e-01
7.829674333333969116e-02
2.523120343685150146e-01
5.351680889725685120e-02
1.537002325057983398e-01
1.030810177326202393e-01
1.657770723104476929e-01
1.100278422236442566e-01
9.967912733554840088e-02
3.446385264396667480e-02
3.792091086506843567e-02
1.302095353603363037e-01
7.768681645393371582e-02
2.112441360950469971e-01
3.607180342078208923e-02
1.199877858161926270e-01
1.076374650001525879e-01
7.461585849523544312e-02
1.349087357521057129e-01
2.975733578205108643e-02
1.152522116899490356e-02
5.936781689524650574e-02
1.226458773016929626e-01
1.771244034171104431e-02
3.864502012729644775e-01
9.360285103321075439e-02
5.758235603570938110e-02
1.274083703756332397e-01
1.290131658315658569e-01
5.404905974864959717e-02
9.001213312149047852e-02
1.850026100873947144e-01
4.419997036457061768e-01
9.069155156612396240e-02
4.117950424551963806e-02
1.278346776962280273e-01
9.701317548751831055e-02
1.214817762374877930e-01
7.239025235176086426e-01
1.084594950079917908e-01
8.155716210603713989e-02
1.159440800547599792e-01
6.473440676927566528e-02
5.656540021300315857e-02
5.478648096323013306e-02
2.732092738151550293e-01
8.264995366334915161e-02
9.850473701953887939e-02
7.608285546302795410e-02
1.059710457921028137e-01
1.292901039123535156e-01
8.443375676870346069e-02
9.119086712598800659e-02
2.804168164730072021e-01
2.884315326809883118e-02
9.231022000312805176e-02
4.449389874935150146e-02
1.157747060060501099e-01
7.559768110513687134e-02
3.550246730446815491e-02
6.147189438343048096e-02
6.506113409996032715e-01
9.387602806091308594e-01
1.033352036029100418e-02
3.828745484352111816e-01
7.321906089782714844e-02
8.863208442926406860e-02
7.829548418521881104e-02
6.672897934913635254e-02
1.878111660480499268e-01
1.081486642360687256e-01
1.980432495474815369e-02
5.527910590171813965e-02
6.947854906320571899e-02
8.944514989852905273e-01
6.811444461345672607e-02
1.804261952638626099e-01
6.366285681724548340e-02
8.882314711809158325e-02
6.976646184921264648e-02
5.436372384428977966e-02
1.016976013779640198e-01
5.654631555080413818e-02
5.589607357978820801e-02
1.839236915111541748e-01
1.028047502040863037e-01
4.320782050490379333e-02
1.115062609314918518e-01
4.167428240180015564e-02
7.468384504318237305e-02
4.789754748344421387e-02
9.763905405998229980e-02
7.557256519794464111e-02
5.524757504463195801e-02
7.206388562917709351e-02
3.960083425045013428e-01
1.678028702735900879e-01
1.462591737508773804e-01
8.000510185956954956e-02
8.962330967187881470e-02
1.422473490238189697e-01
3.925923630595207214e-02
2.312432043254375458e-02
2.984066009521484375e-01
1.747568398714065552e-01
5.191166698932647705e-02
4.694920405745506287e-02
2.100535482168197632e-01
3.877873346209526062e-02
8.108053356409072876e-02
9.854761511087417603e-02
6.497450917959213257e-02
3.200374171137809753e-02
2.605571746826171875e-01
2.323481887578964233e-01
6.341380625963211060e-02
6.468061357736587524e-02
3.812446817755699158e-02
8.311649411916732788e-02
8.631255477666854858e-02
2.594730257987976074e-01
5.489724874496459961e-02
8.050864934921264648e-02
2.026614993810653687e-01
1.631689518690109253e-01
6.395140290260314941e-02
4.980350732803344727e-01
4.122786968946456909e-02
4.254741594195365906e-02
1.849585212767124176e-02
4.273365810513496399e-02
1.211566627025604248e-01
9.949687123298645020e-02
3.808337077498435974e-02
1.094580665230751038e-01
7.845085114240646362e-02
5.724130570888519287e-02
7.330208271741867065e-02
6.876605004072189331e-02
3.284540027379989624e-02
2.042587101459503174e-01
1.292246207594871521e-02
1.048164665699005127e-01
5.703326463699340820e-01
1.457040160894393921e-01
1.924282498657703400e-02
1.144540235400199890e-01
6.053557246923446655e-02
4.461959376931190491e-02
7.266256958246231079e-02
9.178516268730163574e-02
8.027617633342742920e-02
5.134854838252067566e-02
7.738525420427322388e-02
1.521643847227096558e-01
5.765253305435180664e-02
7.753907144069671631e-02
4.207079485058784485e-02
7.185544967651367188e-01
9.087163805961608887e-01
8.146573603153228760e-02
3.490906059741973877e-01
6.168206036090850830e-02
6.597760319709777832e-02
9.358432143926620483e-02
4.226701334118843079e-02
1.463653743267059326e-01
2.065545022487640381e-01
4.284258186817169189e-02
8.756612986326217651e-02
1.130312979221343994e-01
1.825777254998683929e-02
7.229877263307571411e-02
6.314925104379653931e-02
1.279017329216003418e-01
8.754191547632217407e-02
2.044741213321685791e-01
5.376567319035530090e-02
2.021673321723937988e-02
2.702856250107288361e-02
3.061749599874019623e-02
6.242990866303443909e-02
5.084135383367538452e-02
1.242284402251243591e-01
2.311201691627502441e-01
2.894061207771301270e-01
1.094256490468978882e-01
2.738631889224052429e-02
3.299625813961029053e-01
1.642322689294815063e-01
2.621312141418457031e-01
5.985983088612556458e-02
1.001441553235054016e-01
9.931919723749160767e-02
1.612727046012878418e-01
7.351998239755630493e-02
1.060233339667320251e-01
2.827208042144775391e-01
2.835515439510345459e-01
2.853498421609401703e-02
2.421040236949920654e-01
2.656245231628417969e-01
4.967643693089485168e-02
1.386973913758993149e-02
1.670724153518676758e-01
9.774448871612548828e-01
9.937666654586791992e-01
4.636872559785842896e-02
2.669038064777851105e-02
1.884034872055053711e-01
1.908829659223556519e-01
1.840260475873947144e-01
3.619200289249420166e-01
3.571752011775970459e-01
8.002732992172241211e-01
8.404171466827392578e-02
1.855646371841430664e-01
4.357286915183067322e-02
1.360591799020767212e-01
1.739816665649414062e-01
2.843862771987915039e-02
1.545081436634063721e-01
2.943247370421886444e-02
1.245689988136291504e-01
7.858974486589431763e-02
3.463485836982727051e-02
7.349478453397750854e-02
5.002205446362495422e-02
2.292975038290023804e-02
3.149985149502754211e-02
1.896707266569137573e-01
8.511331677436828613e-02
3.148895874619483948e-02
5.392930284142494202e-02
7.890628278255462646e-02
1.352861374616622925e-01
5.808433145284652710e-02
4.261817410588264465e-02
8.992154151201248169e-02
7.743117213249206543e-02
2.451323866844177246e-01
5.891251564025878906e-02
5.640631541609764099e-02
2.119236588478088379e-01
4.734275117516517639e-02
4.296164810657501221e-01
4.458658397197723389e-02
1.184409558773040771e-01
1.032190322875976562e-01
5.350010842084884644e-02
4.485790431499481201e-02
3.503643721342086792e-02
1.007653847336769104e-01
9.506363272666931152e-01
3.789755329489707947e-02
9.105600416660308838e-03
2.217989414930343628e-01
8.588781207799911499e-02
8.751240372657775879e-02
3.993765264749526978e-02
8.072661161422729492e-01
2.549867928028106689e-01
2.758244238793849945e-02
2.773294597864151001e-02
1.190921887755393982e-01
7.492275536060333252e-02
1.317759901285171509e-01
1.380419284105300903e-01
3.730892390012741089e-02
1.611207239329814911e-02
3.153196573257446289e-01
2.010695636272430420e-02
6.550843268632888794e-02
7.096339017152786255e-02
3.342939168214797974e-02
8.104712516069412231e-02
5.449737980961799622e-02
5.547222867608070374e-02
9.421074390411376953e-02
1.033628508448600769e-01
1.072035580873489380e-01
1.417684704065322876e-01
1.408720761537551880e-01
8.131851553916931152e-01
9.083302617073059082e-01
1.011219546198844910e-01
3.421958908438682556e-02
1.304173022508621216e-01
1.081489846110343933e-01
3.463817387819290161e-02
4.571172595024108887e-02
9.727842807769775391e-01
9.501844048500061035e-01
3.182381764054298401e-02
1.017032042145729065e-01
3.228037059307098389e-01
2.685692608356475830e-01
2.454546988010406494e-01
1.499893665313720703e-01
1.068254858255386353e-01
5.051795393228530884e-02
9.990717172622680664e-01
1.232306063175201416e-01
2.150905728340148926e-01
4.714846611022949219e-01
8.909420669078826904e-02
3.519228696823120117e-01
8.654790371656417847e-02
8.933981508016586304e-02
9.369964152574539185e-02
1.461144089698791504e-01
1.329383850097656250e-01
4.068771377205848694e-02
5.415720939636230469e-01
8.412617444992065430e-02
3.355052322149276733e-02
3.606726974248886108e-02
7.473517954349517822e-02
6.842651218175888062e-02
1.218430176377296448e-01
3.988583385944366455e-02
8.875781297683715820e-02
9.585438668727874756e-02
4.182591289281845093e-02
6.951493769884109497e-02
6.613548845052719116e-02
1.577746123075485229e-01
5.119212865829467773e-01
1.661523878574371338e-01
7.104000449180603027e-02
2.740666642785072327e-02
5.977480858564376831e-02
5.949799343943595886e-02
9.670206308364868164e-01
9.999949932098388672e-01
9.361089468002319336e-01
3.673307970166206360e-02
1.687661260366439819e-01
1.346812695264816284e-01
1.096313223242759705e-01
5.005939677357673645e-02
1.269056797027587891e-01
7.633791863918304443e-02
5.658707395195960999e-02
9.862281382083892822e-02
8.434823900461196899e-02
2.553873136639595032e-02
6.442539393901824951e-02
4.196960851550102234e-02
2.333624958992004395e-01
1.230208948254585266e-01
7.396808266639709473e-02
5.584611743688583374e-02
4.388538748025894165e-02
9.454358369112014771e-02
6.439864635467529297e-02
8.879073709249496460e-02
1.646604537963867188e-01
3.762104734778404236e-02
2.274767868220806122e-02
6.174368783831596375e-02
1.189245432615280151e-01
7.403277605772018433e-02
1.062301471829414368e-01
8.123964071273803711e-02
7.585801184177398682e-02
5.961615219712257385e-02
7.844845950603485107e-02
1.268446147441864014e-01
5.966631323099136353e-02
3.995285555720329285e-02
2.152493037283420563e-02
3.271155804395675659e-02
3.708496689796447754e-02
2.585295028984546661e-02
8.187779784202575684e-01
2.473912015557289124e-02
1.314313411712646484e-01
5.766266584396362305e-02
4.767694696784019470e-02
9.998341798782348633e-01
9.967291355133056641e-01
9.999837875366210938e-01
6.330059468746185303e-02
3.034515120089054108e-02
1.765951514244079590e-01
7.059985399246215820e-02
1.181111633777618408e-01
9.019283950328826904e-02
6.268172711133956909e-02
9.171821922063827515e-02
9.767153114080429077e-02
5.628151074051856995e-02
6.702778488397598267e-02
6.441008299589157104e-02
9.276666492223739624e-02
5.505505204200744629e-02
2.762323804199695587e-02
8.332653343677520752e-02
2.235253304243087769e-01
1.539493054151535034e-01
1.061101704835891724e-01
9.999982118606567383e-01
9.763820767402648926e-01
6.824069023132324219e-01
6.723931990563869476e-03
9.064815193414688110e-02
5.672243237495422363e-02
1.316322982311248779e-01
1.142290905117988586e-01
9.994488358497619629e-01
9.999755620956420898e-01
4.626057669520378113e-02
4.287305846810340881e-02
5.523258447647094727e-02
9.101887792348861694e-02
2.019152045249938965e-02
5.268512293696403503e-02
9.095993638038635254e-02
1.928415298461914062e-01
1.879878491163253784e-01
1.000732406973838806e-01
3.364423289895057678e-02
5.648365616798400879e-01
1.176687628030776978e-01
4.879305884242057800e-02
7.397864758968353271e-02
1.081452593207359314e-01
6.387127190828323364e-02
6.125978380441665649e-02
1.040700301527976990e-01
1.810485310852527618e-02
1.464924812316894531e-01
4.596369564533233643e-01
8.596326410770416260e-02
1.018010228872299194e-01
2.840709872543811798e-02
7.571724802255630493e-02
6.752800941467285156e-02
9.559482336044311523e-02
1.149263158440589905e-01
2.622396312654018402e-02
1.782062649726867676e-01
9.685508012771606445e-01
9.999680519104003906e-01
6.902893632650375366e-02
9.049078077077865601e-02
3.695489838719367981e-02
8.378379046916961670e-02
5.845864489674568176e-02
7.264860719442367554e-02
1.526624411344528198e-01
1.046454086899757385e-01
1.035291552543640137e-01
4.354762658476829529e-02
8.079189062118530273e-01
7.505222558975219727e-01
5.867711901664733887e-01
1.250668764114379883e-01
7.410345971584320068e-02
9.659646451473236084e-02
1.007440015673637390e-01
4.574428126215934753e-02
2.047539651393890381e-01
1.153256669640541077e-01
3.356835246086120605e-02
1.340533196926116943e-01
2.082627713680267334e-01
7.979414612054824829e-02
4.157460108399391174e-02
5.723368749022483826e-02
7.047034054994583130e-02
3.345634043216705322e-02
4.364558681845664978e-02
8.571959286928176880e-02
9.242837876081466675e-02
6.675009429454803467e-02
6.862078607082366943e-02
9.021992236375808716e-02
9.262413531541824341e-02
7.022916525602340698e-02
8.113666623830795288e-02
1.922511160373687744e-01
6.116873398423194885e-02
6.288277357816696167e-02
1.064402163028717041e-01
4.988164454698562622e-02
6.298150122165679932e-02
9.097023308277130127e-02
9.999822378158569336e-01
6.497900187969207764e-02
8.703508228063583374e-02
7.457153499126434326e-02
3.641033545136451721e-02
5.984499678015708923e-02
3.824698179960250854e-02
1.410414278507232666e-01
9.503597766160964966e-02
4.296910762786865234e-02
5.987109988927841187e-02
6.891731917858123779e-02
6.299401819705963135e-02
3.858956322073936462e-02
4.793397337198257446e-02
5.632687360048294067e-02
2.156487703323364258e-01
6.874936074018478394e-02
2.107686549425125122e-02
6.228695064783096313e-02
5.720791965723037720e-02
7.249026000499725342e-02
3.822313249111175537e-02
8.417507261037826538e-02
4.408174008131027222e-02
4.849069193005561829e-02
7.112627476453781128e-02
1.068322658538818359e-01
1.195046678185462952e-01
7.157541811466217041e-02
9.997981190681457520e-01
8.739233016967773438e-01
8.768165111541748047e-02
8.073879778385162354e-02
3.809056803584098816e-02
9.109645336866378784e-02
5.784843489527702332e-02
8.726971596479415894e-02
3.743800893425941467e-02
1.172490939497947693e-01
1.067432090640068054e-01
2.421418130397796631e-01
6.058094650506973267e-02
4.690226539969444275e-02
2.590437419712543488e-02
4.094523563981056213e-02
7.150624692440032959e-02
1.390663534402847290e-01
1.309248954057693481e-01
1.306518167257308960e-01
3.282821923494338989e-02
4.593315720558166504e-02
6.136991828680038452e-02
2.640365064144134521e-01
1.612430363893508911e-01
9.966135025024414062e-02
3.970035910606384277e-02
6.977270543575286865e-02
8.749617636203765869e-02
6.297647207975387573e-02
7.707854360342025757e-02
4.265626072883605957e-01
5.242031440138816833e-02
1.063502058386802673e-01
1.389428824186325073e-01
7.821698486804962158e-02
4.467929154634475708e-02
4.446779564023017883e-02
1.268732249736785889e-01
8.711091428995132446e-02
8.654086291790008545e-02
9.907528162002563477e-01
9.999693632125854492e-01
7.474323362112045288e-02
1.521553397178649902e-01
5.727417021989822388e-02
7.013218849897384644e-02
3.242533281445503235e-02
1.011377051472663879e-01
4.022321477532386780e-02
6.041097640991210938e-02
1.323272436857223511e-01
3.798394650220870972e-02
9.960369467735290527e-01
9.852441549301147461e-01
4.501623660326004028e-02
5.534275248646736145e-02
4.394220188260078430e-02
1.531272232532501221e-01
3.202360868453979492e-02
4.112659022212028503e-02
6.137838214635848999e-02
7.702738791704177856e-02
3.046981990337371826e-01
1.374045312404632568e-01
1.029416173696517944e-01
2.115604877471923828e-01
1.464058309793472290e-01
1.431970894336700439e-01
1.047050058841705322e-01
6.040191277861595154e-02
4.886536002159118652e-01
8.854155987501144409e-02
7.827848941087722778e-02
1.247895061969757080e-01
6.521786749362945557e-02
8.319054543972015381e-02
5.185902863740921021e-02
1.053837388753890991e-01
5.341249704360961914e-01
1.180494651198387146e-01
3.254694342613220215e-01
7.363516092300415039e-02
6.532792747020721436e-02
4.966211318969726562e-02
8.899158984422683716e-02
6.002104282379150391e-02
3.211925625801086426e-01
8.924446105957031250e-01
1.589261181652545929e-02
6.583204865455627441e-02
7.725565880537033081e-02
5.198623239994049072e-02
2.385784238576889038e-01
1.170775964856147766e-01
3.501886129379272461e-02
1.303908973932266235e-01
1.062215939164161682e-01
9.038610756397247314e-02
8.690345287322998047e-02
9.612937271595001221e-02
6.488716602325439453e-02
1.211340129375457764e-01
1.371051073074340820e-01
1.520224194973707199e-02
9.534525126218795776e-02
6.359668821096420288e-02
5.927445366978645325e-02
1.696070283651351929e-01
3.701309487223625183e-02
5.089728161692619324e-02
1.921975053846836090e-02
6.565643101930618286e-02
6.736644357442855835e-02
4.083826392889022827e-02
7.772219926118850708e-02
3.737620636820793152e-02
1.833087354898452759e-01
6.699147820472717285e-02
9.544491022825241089e-02
1.618254631757736206e-01
1.500371992588043213e-01
4.176236316561698914e-02
1.172594353556632996e-01
1.058050319552421570e-01
4.151729494333267212e-02
1.219427436590194702e-01
2.107710838317871094e-01
5.470683798193931580e-02
4.148621484637260437e-02
3.264952450990676880e-02
1.174517273902893066e-01
1.717032641172409058e-01
9.999967813491821289e-01
9.996360540390014648e-01
7.260560244321823120e-02
7.804467529058456421e-02
4.587939381599426270e-02
7.352258265018463135e-02
5.563690662384033203e-01
7.008938193321228027e-01
1.014755442738533020e-01
8.416592329740524292e-02
9.532680362462997437e-02
7.470154017210006714e-02
4.542059451341629028e-02
1.401102989912033081e-01
5.518938973546028137e-02
1.012709960341453552e-01
6.443077325820922852e-02
6.594378501176834106e-02
2.098259888589382172e-02
7.251530885696411133e-02
1.493158787488937378e-01
2.677880823612213135e-01
8.938242495059967041e-02
9.192971140146255493e-02
2.587548494338989258e-01
1.368759274482727051e-01
3.189422562718391418e-02
9.316912293434143066e-02
1.421698331832885742e-01
8.720923215150833130e-02
5.198599100112915039e-01
9.201011061668395996e-01
8.976568579673767090e-01
7.758362591266632080e-02
9.827481955289840698e-02
2.959638461470603943e-02
7.913264632225036621e-02
7.302609831094741821e-02
2.850384265184402466e-02
5.386112257838249207e-02
4.812414199113845825e-02
9.260498732328414917e-02
1.664102077484130859e-01
1.117955669760704041e-01
3.574204146862030029e-01
5.619915574789047241e-02
3.575219586491584778e-02
6.955109536647796631e-02
6.300143897533416748e-02
2.370268255472183228e-01
5.055546760559082031e-02
2.343042343854904175e-01
2.035237699747085571e-01
1.655612140893936157e-01
1.143380254507064819e-01
9.231448173522949219e-02
1.651731878519058228e-01
2.806657180190086365e-02
9.329597651958465576e-02
1.046041846275329590e-01
5.133909732103347778e-02
3.114649094641208649e-02
9.095662832260131836e-02
6.842558085918426514e-02
1.657242923974990845e-01
2.144607529044151306e-02
8.264459669589996338e-02
5.742589384317398071e-02
8.720386028289794922e-02
5.776921287178993225e-02
5.493738874793052673e-02
7.725889235734939575e-02
1.906071007251739502e-01
5.930795148015022278e-02
2.445737868547439575e-01
1.042541787028312683e-01
3.436532616615295410e-01
3.427279591560363770e-01
1.971338838338851929e-01
8.068696409463882446e-02
6.233647093176841736e-02
9.696412086486816406e-02
4.117567092180252075e-02
1.767597198486328125e-01
5.681202560663223267e-02
3.570716977119445801e-01
1.355032473802566528e-01
3.648841753602027893e-02
2.071814388036727905e-01
2.488058656454086304e-01
8.771908283233642578e-02
2.349561452865600586e-02
1.705391854047775269e-01
8.413411676883697510e-02
6.434126198291778564e-02
2.734637856483459473e-01
7.042630761861801147e-02
7.900771498680114746e-02
3.564546629786491394e-02
4.361749440431594849e-02
8.030814677476882935e-02
6.496327370405197144e-02
7.500310242176055908e-02
4.569023475050926208e-02
1.012031361460685730e-01
7.117257267236709595e-02
5.253924801945686340e-02
5.747998505830764771e-02
6.092185527086257935e-02
9.601766616106033325e-02
4.275715351104736328e-01
6.767621636390686035e-01
1.859068870544433594e-01
9.784633517265319824e-01
7.893744856119155884e-02
7.120433449745178223e-02
4.313415288925170898e-02
5.171572789549827576e-02
2.199168801307678223e-01
9.666314721107482910e-02
9.450559318065643311e-02
6.863409280776977539e-01
6.095636263489723206e-02
8.439684659242630005e-02
1.046358793973922729e-01
6.531283259391784668e-02
7.617555558681488037e-02
2.140551060438156128e-01
1.445080637931823730e-01
1.160163283348083496e-01
9.188833832740783691e-02
9.991816878318786621e-01
9.806497097015380859e-01
4.442475363612174988e-02
6.580881029367446899e-02
3.106002882122993469e-02
4.774283245205879211e-02
1.194853112101554871e-01
1.431601345539093018e-01
2.025293707847595215e-01
7.945806980133056641e-01
1.970686204731464386e-02
1.834416836500167847e-01
1.959423571825027466e-01
3.907545506954193115e-01
3.349364995956420898e-01
4.560963064432144165e-02
6.991846114397048950e-02
1.862743645906448364e-01
4.587215930223464966e-02
3.678471967577934265e-02
2.494112998247146606e-01
4.063872098922729492e-01
3.018858730792999268e-01
1.418644040822982788e-01
1.286712139844894409e-01
2.357976287603378296e-01
9.137545526027679443e-02
1.164173036813735962e-01
3.054262995719909668e-01
1.654046624898910522e-01
2.619170211255550385e-02
2.427345514297485352e-02
4.670788720250129700e-02
1.214979067444801331e-01
3.619901090860366821e-02
4.309852421283721924e-02
3.469835221767425537e-02
1.365552544593811035e-01
5.941122397780418396e-02
7.123808562755584717e-02
9.999946355819702148e-01
7.256218791007995605e-01
1.142532899975776672e-01
4.954686462879180908e-01
5.018201097846031189e-02
7.632640749216079712e-02
5.336236208677291870e-02
8.537115901708602905e-02
7.392752766609191895e-01
9.903330206871032715e-01
1.613312214612960815e-02
7.251270860433578491e-02
1.207673996686935425e-01
1.071683317422866821e-01
7.479343563318252563e-02
2.382112741470336914e-01
1.146595180034637451e-01
1.095006465911865234e-01
4.727978408336639404e-01
2.286505550146102905e-01
2.504856698215007782e-02
1.327701359987258911e-01
1.116381287574768066e-01
5.327679216861724854e-02
8.387677371501922607e-02
8.529475331306457520e-02
3.425648435950279236e-02
4.120696336030960083e-02
8.261855691671371460e-02
5.156116560101509094e-02
3.988616764545440674e-01
7.747485041618347168e-01
5.759118199348449707e-01
4.049988985061645508e-01
9.991170763969421387e-01
9.999454021453857422e-01
3.486391529440879822e-02
4.459824785590171814e-02
1.638362407684326172e-01
5.915781110525131226e-02
2.698168754577636719e-01
1.033007949590682983e-01
3.468447923660278320e-01
3.813431411981582642e-02
2.016269415616989136e-01
1.036013439297676086e-01
1.213037744164466858e-01
1.724367886781692505e-01
5.792148411273956299e-02
2.032893896102905273e-02
6.079163774847984314e-02
9.310351312160491943e-02
1.990105360746383667e-01
8.364772051572799683e-02
1.736028939485549927e-01
5.697670951485633850e-02
3.836776688694953918e-02
5.761143937706947327e-02
1.254566162824630737e-01
5.708291754126548767e-02
4.584515839815139771e-02
8.726236224174499512e-02
3.365815058350563049e-02
7.297243177890777588e-02
1.143077686429023743e-01
8.454250544309616089e-02
5.049969628453254700e-02
1.104173883795738220e-01
1.094111055135726929e-01
3.457839488983154297e-01
6.176922097802162170e-02
1.550082713365554810e-01
9.954735636711120605e-02
1.273942738771438599e-01
1.113119572401046753e-01
4.199849069118499756e-02
9.585776925086975098e-02
1.231489107012748718e-01
2.949704602360725403e-02
1.851667016744613647e-01
5.232105404138565063e-02
8.831985294818878174e-02
5.604650080204010010e-02
4.005846008658409119e-02
1.004178822040557861e-01
1.722247600555419922e-01
4.618948698043823242e-02
6.388625502586364746e-02
8.524565398693084717e-02
4.609187692403793335e-02
4.225657880306243896e-02
4.823971539735794067e-02
7.161682844161987305e-02
2.152148634195327759e-02
4.973305016756057739e-02
3.313884511590003967e-02
1.603623181581497192e-01
9.544172137975692749e-02
4.384205043315887451e-01
2.973132394254207611e-02
1.782950572669506073e-02
7.149688899517059326e-02
1.057156324386596680e-01
1.037227809429168701e-01
7.044693082571029663e-02
1.092393994331359863e-01
8.327031880617141724e-02
1.033069193363189697e-01
9.279080480337142944e-02
3.042702972888946533e-01
6.327685713768005371e-02
6.444123387336730957e-02
1.495014131069183350e-01
1.175452694296836853e-01
4.916797950863838196e-02
2.551732026040554047e-02
3.129145875573158264e-02
8.257511258125305176e-02
1.384934335947036743e-01
2.457539550960063934e-02
3.846505284309387207e-02
4.581800103187561035e-02
6.402257084846496582e-02
7.478383183479309082e-02
3.712282329797744751e-02
4.940861463546752930e-02
4.139190912246704102e-02
5.526507645845413208e-02
4.088119044899940491e-02
1.349370926618576050e-01
4.403757154941558838e-01
8.553345203399658203e-01
8.131658285856246948e-02
3.139998614788055420e-01
1.096498221158981323e-01
4.916588589549064636e-02
8.512309938669204712e-02
7.683206349611282349e-02
7.322487235069274902e-02
6.015139818191528320e-01
9.998219609260559082e-01
9.655435681343078613e-01
9.462389349937438965e-01
6.227553263306617737e-02
1.299830973148345947e-01
9.622607380151748657e-02
1.141443476080894470e-01
4.607757180929183960e-02
9.451773017644882202e-02
5.527644231915473938e-02
9.551563858985900879e-02
9.668076783418655396e-02
3.627515956759452820e-02
1.062012165784835815e-01
7.618375867605209351e-02
2.741163037717342377e-02
6.836768984794616699e-02
6.184261292219161987e-02
1.797351837158203125e-01
1.182551234960556030e-01
5.696991831064224243e-02
5.150300264358520508e-02
2.932005934417247772e-02
8.414544910192489624e-02
8.013604581356048584e-02
7.275947183370590210e-02
8.118214458227157593e-02
7.981418818235397339e-02
7.553145289421081543e-02
6.606005877256393433e-02
8.598747104406356812e-02
9.061022847890853882e-02
1.228189617395401001e-01
7.867497205734252930e-02
4.321019649505615234e-01
1.447211951017379761e-02
4.148568212985992432e-02
1.247256472706794739e-01
1.426603347063064575e-01
1.747877299785614014e-01
5.840693786740303040e-02
5.796272307634353638e-02
1.186085790395736694e-01
1.005364432930946350e-01
8.620906621217727661e-02
4.477234929800033569e-02
5.328560620546340942e-02
1.692727655172348022e-01
8.535498380661010742e-02
2.313840091228485107e-01
2.377024739980697632e-01
4.111625254154205322e-01
9.271280467510223389e-02
1.881213039159774780e-01
9.168747812509536743e-02
8.292564004659652710e-02
5.586937442421913147e-02
6.964718550443649292e-02
6.088758260011672974e-02
7.963265478610992432e-02
7.987602055072784424e-02
4.392658919095993042e-02
1.000000000000000000e+00
1.288766413927078247e-01
9.997213482856750488e-01
9.999626874923706055e-01
1.142350509762763977e-01
5.251907557249069214e-02
5.445743352174758911e-02
5.846438184380531311e-02
2.705190330743789673e-02
6.632700562477111816e-02
9.459646046161651611e-02
7.904222607612609863e-02
9.367308020591735840e-02
9.076330065727233887e-02
9.895216226577758789e-01
7.315517961978912354e-02
6.894685328006744385e-02
6.088379397988319397e-02
4.661821946501731873e-02
7.238163799047470093e-02
8.021875470876693726e-02
1.177050098776817322e-01
9.876888990402221680e-02
5.634658411145210266e-02
8.228504657745361328e-02
8.840163350105285645e-01
9.995850920677185059e-01
8.624356985092163086e-02
5.861381813883781433e-02
4.727339372038841248e-02
5.939714238047599792e-02
6.444511562585830688e-02
1.172883361577987671e-01
5.343998223543167114e-02
5.596528574824333191e-02
4.839112237095832825e-02
8.796890079975128174e-02
9.623669087886810303e-02
3.719703108072280884e-02
1.159636750817298889e-01
4.890864714980125427e-02
4.753858968615531921e-02
9.787108004093170166e-02
9.443932026624679565e-02
7.207367569208145142e-02
5.899133905768394470e-02
7.401844114065170288e-02
2.797719836235046387e-02
2.598561532795429230e-02
1.016839221119880676e-01
1.561587154865264893e-01
5.279458314180374146e-02
5.694545805454254150e-02
7.953091710805892944e-02
5.776177719235420227e-02
4.581787437200546265e-02
1.870642006397247314e-01
4.559694230556488037e-02
5.627705454826354980e-01
9.295465797185897827e-02
6.571838259696960449e-02
1.198236420750617981e-01
6.565032154321670532e-02
1.176533401012420654e-01
6.621909886598587036e-02
2.825605496764183044e-02
1.378144472837448120e-01
3.963902965188026428e-02
2.371519207954406738e-01
7.166254520416259766e-02
4.449333995580673218e-02
8.824861049652099609e-02
1.685667335987091064e-01
6.097303628921508789e-01
1.879199743270874023e-01
5.575631558895111084e-02
8.890461176633834839e-02
5.432947725057601929e-02
1.154525503516197205e-01
1.176992878317832947e-01
1.268259137868881226e-01
3.931391239166259766e-02
5.669780448079109192e-02
8.961482346057891846e-02
8.802819252014160156e-02
5.730376392602920532e-02
3.398437052965164185e-02
1.526472866535186768e-01
7.735455036163330078e-02
7.297383546829223633e-01
2.608991265296936035e-01
1.123070269823074341e-01
1.216847524046897888e-01
8.864199370145797729e-02
3.626797348260879517e-02
2.510894089937210083e-02
7.896716147661209106e-02
4.860990867018699646e-02
1.407794207334518433e-01
9.066725522279739380e-02
1.643395423889160156e-01
4.821264371275901794e-02
6.796382367610931396e-02
7.639975845813751221e-02
5.058698356151580811e-02
1.831993907690048218e-01
1.330826729536056519e-01
1.071028038859367371e-01
5.145842432975769043e-01
6.728216260671615601e-02
1.246156916022300720e-01
1.274682730436325073e-01
7.989321947097778320e-01
4.580301418900489807e-02
6.685362011194229126e-02
9.738562256097793579e-02
8.910688012838363647e-02
5.724504962563514709e-02
6.430728733539581299e-02
8.863896876573562622e-02
3.656370043754577637e-01
7.590146362781524658e-02
5.272891744971275330e-02
5.522310137748718262e-01
5.913800001144409180e-01
2.899927832186222076e-02
5.005024373531341553e-02
3.860186785459518433e-02
9.996791929006576538e-02
5.160536989569664001e-02
5.162274837493896484e-02
8.542130887508392334e-02
4.675992950797080994e-02
1.191623210906982422e-01
9.007091075181961060e-02
2.845325507223606110e-02
5.803215131163597107e-02
4.192330315709114075e-02
9.165798127651214600e-02
3.676365688443183899e-02
6.747864186763763428e-02
5.369169265031814575e-02
1.888529658317565918e-01
9.998950958251953125e-01
6.586456298828125000e-02
8.190160244703292847e-02
2.321019582450389862e-02
6.216291710734367371e-02
5.580136924982070923e-02
5.884251743555068970e-02
7.000686228275299072e-02
6.884264200925827026e-02
1.123564243316650391e-01
1.620303094387054443e-01
4.715951904654502869e-02
9.027905762195587158e-02
3.271412849426269531e-02
4.784291237592697144e-02
2.611070573329925537e-01
9.514835476875305176e-02
1.072688400745391846e-01
4.127305373549461365e-02
9.750969409942626953e-01
9.700415730476379395e-01
2.706940472126007080e-01
1.967690140008926392e-02
4.007776454091072083e-02
6.588878035545349121e-01
6.657544523477554321e-02
5.662583932280540466e-02
1.061104536056518555e-01
8.725830912590026855e-02
4.281183704733848572e-02
1.323545724153518677e-01
8.291144669055938721e-02
1.071930900216102600e-01
1.347535699605941772e-01
8.336479961872100830e-02
4.512291401624679565e-02
5.521652102470397949e-02
9.337884932756423950e-02
7.167655229568481445e-01
9.999337196350097656e-01
8.614145964384078979e-02
3.915005177259445190e-02
4.743793979287147522e-02
6.662693619728088379e-02
1.669823229312896729e-01
1.553024947643280029e-01
3.855933248996734619e-02
5.137830376625061035e-01
3.321886658668518066e-01
6.477640569210052490e-02
5.405077338218688965e-02
7.557795941829681396e-02
1.117789968848228455e-01
7.675128430128097534e-02
1.220451444387435913e-01
3.967349603772163391e-02
6.378060579299926758e-02
1.045343279838562012e-01
4.879513755440711975e-02
7.058108597993850708e-02
4.298305138945579529e-02
7.135877758264541626e-02
3.717256709933280945e-02
4.109489917755126953e-01
1.014512404799461365e-01
6.138104200363159180e-02
1.417407989501953125e-01
4.541347920894622803e-02
9.168200194835662842e-02
1.006689444184303284e-01
3.312749043107032776e-02
4.973864182829856873e-02
8.411630988121032715e-02
2.893497347831726074e-01
1.865662038326263428e-01
5.658299848437309265e-02
1.487103998661041260e-01
5.261912941932678223e-01
1.107321158051490784e-01
