9.586281776428222656e-01
4.530328512191772461e-01
1.062793731689453125e-01
4.774958267807960510e-02
1.529549062252044678e-01
1.049412563443183899e-01
1.076998636126518250e-01
4.231433272361755371e-01
4.455237090587615967e-02
3.518697619438171387e-02
1.949363350868225098e-01
1.379343271255493164e-01
8.645413070917129517e-02
1.645870134234428406e-02
7.656191289424896240e-02
2.752015739679336548e-02
3.485891968011856079e-02
8.813875168561935425e-02
5.692206695675849915e-02
1.745672523975372314e-01
6.770751625299453735e-02
1.246860623359680176e-01
3.720778971910476685e-02
4.660141840577125549e-02
9.992916584014892578e-01
8.620489388704299927e-02
2.611185610294342041e-01
6.725225597620010376e-02
6.782075017690658569e-02
9.688834846019744873e-02
4.792940616607666016e-02
3.639614209532737732e-02
3.873917832970619202e-02
9.126441925764083862e-02
4.323430359363555908e-02
3.294501081109046936e-02
1.277002245187759399e-01
1.066925749182701111e-01
6.721474230289459229e-02
1.148455068469047546e-01
1.008095517754554749e-01
4.488349705934524536e-02
9.713973104953765869e-02
6.645029038190841675e-02
7.248569279909133911e-02
6.630413979291915894e-02
5.506187677383422852e-02
3.399543091654777527e-02
9.606742858886718750e-02
1.136044338345527649e-01
9.891092777252197266e-02
6.895840913057327271e-02
1.837686747312545776e-01
7.442973256111145020e-01
9.996064305305480957e-01
2.866452373564243317e-02
3.740329667925834656e-02
7.041732221841812134e-02
7.093133032321929932e-02
4.033190757036209106e-02
9.162489324808120728e-02
6.508254259824752808e-02
8.428242802619934082e-02
8.895920217037200928e-02
1.585626900196075439e-01
1.048970296978950500e-01
4.099806025624275208e-02
1.350016593933105469e-01
9.437552094459533691e-02
3.339430317282676697e-02
5.663401633501052856e-02
6.334563344717025757e-02
5.641759186983108521e-02
6.920695304870605469e-02
3.160419315099716187e-02
1.102085784077644348e-01
1.539095770567655563e-02
7.299630343914031982e-02
9.506236761808395386e-02
3.489581122994422913e-02
6.399730592966079712e-02
4.779331386089324951e-02
1.021765619516372681e-01
8.478304743766784668e-02
1.367603838443756104e-01
8.203996717929840088e-02
3.015154041349887848e-02
1.090944483876228333e-01
6.008093804121017456e-02
6.332896649837493896e-02
3.030048124492168427e-02
6.235273554921150208e-02
7.173094898462295532e-02
9.847939610481262207e-01
7.346341013908386230e-02
6.971707344055175781e-01
6.579737663269042969e-01
9.689357876777648926e-01
8.776835352182388306e-02
3.467516973614692688e-02
6.984518468379974365e-02
5.643275007605552673e-02
1.844739168882369995e-02
1.065358817577362061e-01
5.572065338492393494e-02
7.582076638936996460e-02
1.297254264354705811e-01
5.114172026515007019e-02
1.131979599595069885e-01
6.068637594580650330e-02
4.416180029511451721e-02
7.939918637275695801e-01
3.346153721213340759e-02
2.786632180213928223e-01
1.146235764026641846e-01
5.925219506025314331e-02
5.961199849843978882e-02
1.273849159479141235e-01
3.523093834519386292e-02
9.498931169509887695e-01
2.470503896474838257e-01
7.014586031436920166e-02
2.116612792015075684e-01
8.788918703794479370e-02
1.366534829139709473e-01
4.225181788206100464e-02
1.161514222621917725e-01
2.188891172409057617e-02
1.180151030421257019e-01
5.441422387957572937e-02
4.966992512345314026e-02
3.307883068919181824e-02
1.547846384346485138e-02
8.506465703248977661e-02
7.973852753639221191e-02
5.179434642195701599e-02
4.643184319138526917e-02
4.160490930080413818e-01
6.128662452101707458e-02
7.626441866159439087e-02
1.095871850848197937e-01
1.132602542638778687e-01
5.456942692399024963e-02
6.539189070463180542e-02
4.676432907581329346e-02
5.166180431842803955e-02
6.104944646358489990e-02
8.740583062171936035e-02
5.460787937045097351e-02
5.196719616651535034e-02
7.260878384113311768e-02
4.804546013474464417e-02
1.038414165377616882e-01
7.978549599647521973e-02
1.039182320237159729e-01
4.370399191975593567e-02
1.178090572357177734e-01
2.294527292251586914e-01
6.910210847854614258e-01
1.038978323340415955e-01
2.102933824062347412e-01
9.821433424949645996e-01
9.213964343070983887e-01
6.369353830814361572e-02
4.450270161032676697e-02
1.019407957792282104e-01
3.994619846343994141e-01
6.901831179857254028e-02
7.653881609439849854e-02
3.739194869995117188e-01
5.033549666404724121e-02
2.027921378612518311e-01
6.563636660575866699e-02
5.929719284176826477e-02
1.924215853214263916e-01
5.904238671064376831e-02
1.621131896972656250e-01
4.068489968776702881e-01
1.837493628263473511e-01
3.988606110215187073e-02
1.303593069314956665e-01
1.067044287919998169e-01
7.816092967987060547e-01
1.883595734834671021e-01
4.451228305697441101e-02
2.415210939943790436e-02
7.021450400352478027e-01
6.195720434188842773e-01
9.149954468011856079e-02
5.669764056801795959e-02
7.333394885063171387e-02
7.296422123908996582e-02
5.523633360862731934e-01
7.286404371261596680e-01
5.264937877655029297e-01
6.290020793676376343e-02
2.121151834726333618e-01
3.978015184402465820e-01
1.945016086101531982e-01
5.533584356307983398e-01
3.460097014904022217e-01
1.185889989137649536e-01
2.416978217661380768e-02
1.388516724109649658e-01
2.940394282341003418e-01
2.833549082279205322e-01
1.654372364282608032e-01
2.669303715229034424e-01
7.001247256994247437e-02
1.904097571969032288e-02
9.658531844615936279e-02
7.615805417299270630e-02
4.659729823470115662e-02
8.761760592460632324e-02
3.768020868301391602e-01
4.464137926697731018e-02
2.755212783813476562e-01
7.299134880304336548e-02
1.822294890880584717e-01
6.100512742996215820e-01
2.789634466171264648e-01
9.655145555734634399e-02
3.049329109489917755e-02
1.304176598787307739e-01
1.142896041274070740e-01
5.325581878423690796e-02
2.011765092611312866e-01
2.642214000225067139e-01
2.314052283763885498e-01
5.238154157996177673e-02
1.914092302322387695e-01
4.320603609085083008e-02
5.386135727167129517e-02
8.789066225290298462e-02
1.489862948656082153e-01
6.907616853713989258e-01
5.425459891557693481e-02
8.893820643424987793e-02
8.854306489229202271e-02
7.887656986713409424e-02
7.168839871883392334e-02
7.428634166717529297e-02
7.247532159090042114e-02
1.423020958900451660e-01
1.290821880102157593e-01
4.805868119001388550e-02
1.060890182852745056e-01
1.213113218545913696e-01
1.866468042135238647e-02
6.482268869876861572e-02
3.246333003044128418e-01
1.123734042048454285e-01
1.107353791594505310e-01
1.900899857282638550e-01
1.257075518369674683e-01
1.389502435922622681e-01
9.029730409383773804e-02
2.055789083242416382e-01
1.156922988593578339e-02
1.250744462013244629e-01
1.042915657162666321e-01
3.713299632072448730e-01
2.268407940864562988e-01
1.240985915064811707e-01
5.742891430854797363e-01
1.253458261489868164e-01
5.833714455366134644e-02
6.702841818332672119e-02
5.302822962403297424e-02
4.649271816015243530e-02
5.927694588899612427e-02
7.717531174421310425e-02
6.074282899498939514e-02
8.117841184139251709e-02
1.844568401575088501e-01
1.861621290445327759e-01
1.274410262703895569e-02
1.176799237728118896e-01
3.212446272373199463e-01
8.432160131633281708e-03
5.890153720974922180e-02
3.385643288493156433e-02
1.955095864832401276e-02
1.332406885921955109e-02
5.201281234622001648e-02
1.626068055629730225e-01
9.895884990692138672e-02
1.786337941884994507e-01
3.150435686111450195e-01
5.666939914226531982e-02
1.339044868946075439e-01
1.223983913660049438e-01
6.449077278375625610e-02
8.689802139997482300e-02
1.001409515738487244e-01
2.155031561851501465e-01
8.952617645263671875e-01
8.694542050361633301e-01
1.854337900876998901e-01
1.440998017787933350e-01
1.213204190135002136e-01
6.097522005438804626e-02
4.059682786464691162e-02
1.784398853778839111e-01
8.476945161819458008e-01
7.144795656204223633e-01
4.423115402460098267e-02
7.474713772535324097e-02
3.293170407414436340e-02
1.068351939320564270e-01
1.073509231209754944e-01
4.374283179640769958e-02
6.561470776796340942e-02
2.560944668948650360e-02
7.702557742595672607e-02
9.100586175918579102e-02
9.321556240320205688e-02
3.859250247478485107e-02
5.049882456660270691e-02
5.594589933753013611e-02
7.959539443254470825e-02
4.304732754826545715e-02
6.046385318040847778e-02
5.291176438331604004e-01
9.978722333908081055e-01
4.264232143759727478e-02
7.947200536727905273e-02
6.236622333526611328e-01
1.725203171372413635e-02
6.251922249794006348e-02
4.264420270919799805e-02
1.506188809871673584e-01
9.618017673492431641e-01
9.270431995391845703e-01
7.436027377843856812e-02
3.115270100533962250e-02
9.108178317546844482e-02
7.338558137416839600e-02
9.931515455245971680e-01
9.705561399459838867e-01
4.270012676715850830e-02
7.741678506135940552e-02
1.103257909417152405e-01
8.651042729616165161e-02
9.321765303611755371e-01
8.803554624319076538e-02
1.092279609292745590e-02
1.549875736236572266e-02
7.255367189645767212e-02
9.246938675642013550e-02
7.515250444412231445e-01
6.771424412727355957e-01
5.010930076241493225e-02
8.614124357700347900e-02
1.648864299058914185e-01
3.950064480304718018e-01
1.297791600227355957e-01
1.280356198549270630e-01
4.478552192449569702e-02
1.084191575646400452e-01
8.066491037607192993e-02
6.020606309175491333e-02
5.701233074069023132e-02
6.855981051921844482e-02
9.860120713710784912e-03
6.435340642929077148e-02
5.248361453413963318e-02
2.811964601278305054e-02
7.832369208335876465e-02
5.500892177224159241e-02
2.461287006735801697e-02
7.756178826093673706e-02
6.345047801733016968e-02
9.172173589468002319e-02
8.043935149908065796e-02
5.504329502582550049e-02
1.723326593637466431e-01
4.638220369815826416e-02
6.412517279386520386e-02
6.010212376713752747e-02
7.200601696968078613e-02
7.559343427419662476e-02
5.866533517837524414e-02
1.948158740997314453e-01
6.009001284837722778e-02
2.103131823241710663e-02
1.840875595808029175e-01
4.696967899799346924e-01
4.375543817877769470e-02
1.604129225015640259e-01
9.126881510019302368e-02
5.507475137710571289e-01
4.142280668020248413e-02
9.955534338951110840e-01
1.276108324527740479e-01
1.272560209035873413e-01
1.332805007696151733e-01
4.772352054715156555e-02
5.698473006486892700e-02
1.143018230795860291e-01
2.193214297294616699e-01
2.082316279411315918e-01
1.470274180173873901e-01
1.155430451035499573e-01
1.368999481201171875e-01
2.084867954254150391e-01
1.037360578775405884e-01
1.133780777454376221e-01
9.904704242944717407e-02
9.010887145996093750e-02
1.153427138924598694e-01
5.394696444272994995e-02
6.539714336395263672e-02
9.691859781742095947e-02
1.497116237878799438e-01
1.131194382905960083e-01
9.144693017005920410e-01
9.666389226913452148e-02
2.683809995651245117e-01
1.181026324629783630e-01
1.000000000000000000e+00
1.348929256200790405e-01
1.848200559616088867e-01
5.385113358497619629e-01
9.957731366157531738e-01
2.817245125770568848e-01
1.186452433466911316e-01
6.513971090316772461e-02
5.278092250227928162e-02
9.997884631156921387e-01
9.461780190467834473e-01
8.844411969184875488e-01
4.119860529899597168e-01
7.831680774688720703e-02
2.971325442194938660e-02
9.192055463790893555e-02
5.695523694157600403e-02
1.147906780242919922e-01
1.497865319252014160e-01
7.889491319656372070e-02
9.039412438869476318e-02
6.702203750610351562e-01
4.737534821033477783e-01
9.967270493507385254e-02
2.882274240255355835e-02
1.654686927795410156e-01
4.701280221343040466e-02
6.198259815573692322e-02
6.816520541906356812e-02
3.470138832926750183e-02
1.006016358733177185e-01
6.756307929754257202e-02
7.882508635520935059e-02
6.693553179502487183e-02
7.847750931978225708e-02
4.040174931287765503e-02
3.538012877106666565e-02
2.663493342697620392e-02
8.010202646255493164e-02
1.430943608283996582e-02
1.713257879018783569e-01
9.995524287223815918e-01
8.738984465599060059e-01
8.473420143127441406e-02
9.975823163986206055e-01
4.154144227504730225e-01
8.414642512798309326e-02
6.111178174614906311e-02
9.066116064786911011e-02
1.521848142147064209e-01
8.473035693168640137e-02
4.605299234390258789e-02
1.125983074307441711e-01
3.454492986202239990e-02
3.784450143575668335e-02
7.923803925514221191e-01
4.885612800717353821e-02
5.953154340386390686e-02
7.163845747709274292e-02
1.855870708823204041e-02
9.933645278215408325e-02
5.590694397687911987e-02
8.727873861789703369e-02
5.200706422328948975e-02
6.095446273684501648e-02
1.168807744979858398e-01
3.673636913299560547e-02
9.598948806524276733e-02
1.687503755092620850e-01
5.645895749330520630e-02
5.360268801450729370e-02
3.377444669604301453e-02
1.135422661900520325e-01
9.351184591650962830e-03
6.296013295650482178e-02
1.195300742983818054e-01
8.934232592582702637e-02
1.522435843944549561e-01
2.629179358482360840e-01
9.109696745872497559e-01
7.687325030565261841e-02
3.308272361755371094e-02
7.121647894382476807e-02
1.154887452721595764e-01
1.001210436224937439e-01
1.270235627889633179e-01
4.760707914829254150e-02
2.084057033061981201e-01
1.077769100666046143e-01
1.093201935291290283e-01
4.415810480713844299e-02
6.353507936000823975e-02
2.589021064341068268e-02
4.706549271941184998e-02
5.504013597965240479e-02
7.997296750545501709e-02
9.797390550374984741e-02
1.933410614728927612e-01
1.287596076726913452e-01
3.700258210301399231e-02
4.648176953196525574e-02
1.570773422718048096e-01
1.125906854867935181e-01
6.431212276220321655e-02
4.804327785968780518e-01
1.070090159773826599e-01
3.281452879309654236e-02
8.393387496471405029e-02
6.328077912330627441e-01
5.446826219558715820e-01
8.364803344011306763e-02
9.570693224668502808e-02
5.951298028230667114e-02
1.627292186021804810e-01
6.057239323854446411e-02
3.242428004741668701e-01
9.999437332153320312e-01
9.965967535972595215e-01
9.083589911460876465e-02
4.415673762559890747e-02
9.023270010948181152e-02
1.017199456691741943e-01
4.318855702877044678e-02
4.210867732763290405e-02
1.198011934757232666e-01
9.735007584095001221e-02
4.580520093441009521e-02
1.052377894520759583e-01
5.817681550979614258e-02
9.465534240007400513e-02
9.036728739738464355e-02
1.140017211437225342e-01
5.203152894973754883e-01
5.712942034006118774e-02
1.183889880776405334e-01
1.125546023249626160e-01
3.630383312702178955e-02
1.992486417293548584e-02
8.308259397745132446e-02
6.020170822739601135e-02
1.394360065460205078e-01
2.265675663948059082e-01
1.107745468616485596e-01
9.884421527385711670e-02
5.594656988978385925e-02
7.060661166906356812e-02
8.284869045019149780e-02
7.432094216346740723e-02
3.988086804747581482e-02
2.318862080574035645e-01
3.324196934700012207e-01
1.510924398899078369e-01
3.949990123510360718e-02
1.080633997917175293e-01
4.679329320788383484e-02
7.222332060337066650e-02
1.228095293045043945e-01
7.735256105661392212e-02
1.022386625409126282e-01
7.382177561521530151e-02
7.530141621828079224e-02
4.317025467753410339e-02
5.503756925463676453e-02
5.297175645828247070e-01
5.035412311553955078e-02
5.612577870488166809e-02
1.410996019840240479e-01
3.669207394123077393e-01
6.262532472610473633e-01
6.573984771966934204e-02
7.073355466127395630e-02
9.583434462547302246e-02
4.581652954220771790e-02
5.492711439728736877e-02
1.167104318737983704e-01
6.494679301977157593e-02
5.345271900296211243e-02
5.120480060577392578e-02
2.289229258894920349e-02
6.756421923637390137e-02
3.527189791202545166e-01
5.838294625282287598e-01
4.233035445213317871e-01
2.230303362011909485e-02
4.736934602260589600e-02
4.608906805515289307e-02
4.010386765003204346e-02
8.455151319503784180e-02
1.606692522764205933e-01
5.740802288055419922e-01
3.601333126425743103e-02
3.251403942704200745e-02
1.141546741127967834e-01
7.626324892044067383e-02
9.056701511144638062e-02
2.089279331266880035e-02
8.719877898693084717e-02
4.993845522403717041e-02
9.448430687189102173e-02
1.201770752668380737e-01
1.785116344690322876e-01
7.741037011146545410e-01
2.680499851703643799e-01
7.078775018453598022e-02
3.091352805495262146e-02
1.044093891978263855e-01
2.053978741168975830e-01
9.873418509960174561e-02
5.484780296683311462e-02
7.821496576070785522e-02
4.041220247745513916e-02
5.877063423395156860e-02
7.905769944190979004e-01
1.021507307887077332e-01
5.235204845666885376e-02
9.454705566167831421e-02
7.072375714778900146e-02
1.666269004344940186e-01
6.215097755193710327e-02
1.116527393460273743e-01
3.446488976478576660e-01
3.601259365677833557e-02
4.105760902166366577e-02
1.581280529499053955e-01
1.111940518021583557e-01
9.250038117170333862e-02
4.485075548291206360e-02
4.028451815247535706e-02
4.370870813727378845e-02
3.989139199256896973e-02
4.787048697471618652e-02
2.982581034302711487e-02
5.389358401298522949e-01
5.691153928637504578e-02
4.099451005458831787e-02
3.870690241456031799e-02
5.405797064304351807e-02
5.320597067475318909e-02
1.267387866973876953e-01
4.359298571944236755e-02
8.887486457824707031e-01
4.830001890659332275e-01
4.091465771198272705e-01
2.465135604143142700e-01
2.076308988034725189e-02
8.371919393539428711e-01
2.385126613080501556e-02
5.512565970420837402e-01
6.277880072593688965e-02
1.098143830895423889e-01
1.163785681128501892e-01
6.213670969009399414e-02
5.482725054025650024e-02
8.293612301349639893e-02
1.352553516626358032e-01
1.821159124374389648e-01
1.081630513072013855e-01
1.433161348104476929e-01
1.626283824443817139e-01
9.060193598270416260e-02
1.266259551048278809e-01
9.347832202911376953e-02
4.937119185924530029e-01
7.115128040313720703e-01
8.693404197692871094e-01
4.049068316817283630e-02
2.344873845577239990e-01
3.074600100517272949e-01
7.313583791255950928e-02
6.591414809226989746e-01
1.406791806221008301e-01
5.089238286018371582e-02
8.302463591098785400e-02
2.289236783981323242e-01
8.591273427009582520e-02
5.291161686182022095e-02
5.433113500475883484e-02
1.989077776670455933e-01
1.864891499280929565e-01
1.171093955636024475e-01
6.962558627128601074e-02
7.597573101520538330e-02
2.222597151994705200e-01
7.060809433460235596e-02
3.755385056138038635e-02
2.469634115695953369e-01
6.277349591255187988e-02
7.021708041429519653e-02
2.733483538031578064e-02
6.690487265586853027e-02
2.796691656112670898e-01
1.203478500247001648e-01
2.512595951557159424e-01
5.829824507236480713e-02
6.587292253971099854e-02
2.913923375308513641e-02
5.922837182879447937e-02
1.454722285270690918e-01
2.196715921163558960e-01
5.728899836540222168e-01
3.624835014343261719e-01
8.041919767856597900e-02
7.858133316040039062e-02
1.808069646358489990e-01
1.063768565654754639e-01
8.819506317377090454e-02
9.367901086807250977e-01
6.009060516953468323e-02
8.899044990539550781e-02
1.187946200370788574e-01
7.597059011459350586e-01
4.370529949665069580e-01
2.662582099437713623e-01
8.569132536649703979e-02
5.634794011712074280e-02
7.385788857936859131e-02
2.633486688137054443e-01
6.909176707267761230e-02
2.857446484267711639e-02
3.186455368995666504e-01
9.835278987884521484e-01
1.125748082995414734e-01
3.570489212870597839e-02
4.642888903617858887e-02
1.001246944069862366e-01
1.754695475101470947e-01
1.725478097796440125e-02
3.667799010872840881e-02
3.982204571366310120e-02
4.570553079247474670e-02
7.519730925559997559e-02
3.662283346056938171e-02
5.675389617681503296e-02
1.129951998591423035e-01
8.730234950780868530e-02
2.760890312492847443e-02
1.455620974302291870e-01
5.387435853481292725e-02
3.882297873497009277e-02
5.359904170036315918e-01
8.935756981372833252e-02
9.445629268884658813e-02
2.315240800380706787e-01
1.651527285575866699e-01
2.215469777584075928e-01
6.477672606706619263e-02
9.733688831329345703e-02
6.824950128793716431e-02
1.181647479534149170e-01
8.192554116249084473e-02
4.906848818063735962e-02
8.372697979211807251e-02
9.295977652072906494e-02
6.281813383102416992e-01
5.498525127768516541e-02
1.615516245365142822e-01
2.359432727098464966e-01
1.842985302209854126e-01
5.481838434934616089e-02
7.147644460201263428e-02
1.510272081941366196e-02
6.432427465915679932e-02
3.943092375993728638e-02
9.256396889686584473e-01
3.475360274314880371e-01
8.241363614797592163e-02
6.563288718461990356e-02
3.416886031627655029e-01
9.312785416841506958e-02
1.457683444023132324e-01
1.081096474081277847e-02
4.813608154654502869e-02
3.401765599846839905e-02
6.824149936437606812e-02
3.087192401289939880e-02
1.596317440271377563e-02
3.472451567649841309e-01
1.353076994419097900e-01
1.053188890218734741e-01
2.755508422851562500e-01
3.771262615919113159e-02
2.691648155450820923e-02
5.956812202930450439e-02
5.516730621457099915e-02
4.497885331511497498e-02
3.392056748270988464e-02
5.619651079177856445e-02
1.532769203186035156e-02
5.646982043981552124e-02
1.592801809310913086e-01
1.562100201845169067e-01
4.346837475895881653e-02
4.280892387032508850e-02
3.222006931900978088e-02
8.977851271629333496e-02
3.351785987615585327e-02
2.927030809223651886e-02
1.102729886770248413e-01
3.235943987965583801e-02
8.127543330192565918e-02
5.407758057117462158e-02
3.956152871251106262e-02
5.024597421288490295e-02
4.978414997458457947e-02
1.085235327482223511e-01
8.690030872821807861e-02
3.918562456965446472e-02
5.714068189263343811e-02
7.128714025020599365e-02
4.074893519282341003e-02
1.176012977957725525e-01
2.592940330505371094e-01
1.029144525527954102e-01
1.545304507017135620e-01
6.490002572536468506e-02
2.605112195014953613e-01
1.966682076454162598e-01
6.320354342460632324e-02
6.118628382682800293e-02
1.316498965024948120e-01
4.062382876873016357e-01
2.148799747228622437e-01
1.446039974689483643e-01
