5.866533517837524414e-02
1.948158740997314453e-01
6.009001284837722778e-02
2.103131823241710663e-02
1.840875595808029175e-01
4.696967899799346924e-01
4.375543817877769470e-02
1.604129225015640259e-01
9.126881510019302368e-02
5.507475137710571289e-01
4.142280668020248413e-02
9.955534338951110840e-01
1.276108324527740479e-01
1.272560209035873413e-01
1.332805007696151733e-01
4.772352054715156555e-02
5.698473006486892700e-02
1.143018230795860291e-01
2.193214297294616699e-01
2.082316279411315918e-01
1.470274180173873901e-01
1.155430451035499573e-01
1.368999481201171875e-01
2.084867954254150391e-01
1.037360578775405884e-01
1.133780777454376221e-01
9.904704242944717407e-02
9.010887145996093750e-02
1.153427138924598694e-01
5.394696444272994995e-02
6.539714336395263672e-02
9.691859781742095947e-02
1.497116237878799438e-01
1.131194382905960083e-01
9.144693017005920410e-01
9.666389226913452148e-02
2.683809995651245117e-01
1.181026324629783630e-01
1.000000000000000000e+00
1.348929256200790405e-01
1.848200559616088867e-01
5.385113358497619629e-01
9.957731366157531738e-01
2.817245125770568848e-01
1.186452433466911316e-01
6.513971090316772461e-02
5.278092250227928162e-02
9.997884631156921387e-01
9.461780190467834473e-01
8.844411969184875488e-01
4.119860529899597168e-01
7.831680774688720703e-02
2.971325442194938660e-02
9.192055463790893555e-02
5.695523694157600403e-02
1.147906780242919922e-01
1.497865319252014160e-01
7.889491319656372070e-02
9.039412438869476318e-02
6.702203750610351562e-01
4.737534821033477783e-01
9.967270493507385254e-02
2.882274240255355835e-02
1.654686927795410156e-01
4.701280221343040466e-02
6.198259815573692322e-02
6.816520541906356812e-02
3.470138832926750183e-02
1.006016358733177185e-01
6.756307929754257202e-02
7.882508635520935059e-02
6.693553179502487183e-02
7.847750931978225708e-02
4.040174931287765503e-02
3.538012877106666565e-02
2.663493342697620392e-02
8.010202646255493164e-02
1.430943608283996582e-02
1.713257879018783569e-01
9.995524287223815918e-01
8.738984465599060059e-01
8.473420143127441406e-02
9.975823163986206055e-01
4.154144227504730225e-01
8.414642512798309326e-02
6.111178174614906311e-02
9.066116064786911011e-02
1.521848142147064209e-01
8.473035693168640137e-02
4.605299234390258789e-02
1.125983074307441711e-01
3.454492986202239990e-02
3.784450143575668335e-02
7.923803925514221191e-01
4.885612800717353821e-02
5.953154340386390686e-02
7.163845747709274292e-02
1.855870708823204041e-02
9.933645278215408325e-02
5.590694397687911987e-02
8.727873861789703369e-02
5.200706422328948975e-02
6.095446273684501648e-02
1.168807744979858398e-01
3.673636913299560547e-02
9.598948806524276733e-02
1.687503755092620850e-01
5.645895749330520630e-02
5.360268801450729370e-02
3.377444669604301453e-02
1.135422661900520325e-01
9.351184591650962830e-03
6.296013295650482178e-02
1.195300742983818054e-01
8.934232592582702637e-02
1.522435843944549561e-01
2.629179358482360840e-01
9.109696745872497559e-01
7.687325030565261841e-02
3.308272361755371094e-02
7.121647894382476807e-02
1.154887452721595764e-01
1.001210436224937439e-01
1.270235627889633179e-01
4.760707914829254150e-02
2.084057033061981201e-01
1.077769100666046143e-01
1.093201935291290283e-01
4.415810480713844299e-02
6.353507936000823975e-02
2.589021064341068268e-02
4.706549271941184998e-02
5.504013597965240479e-02
7.997296750545501709e-02
9.797390550374984741e-02
1.933410614728927612e-01
1.287596076726913452e-01
3.700258210301399231e-02
4.648176953196525574e-02
1.570773422718048096e-01
1.125906854867935181e-01
6.431212276220321655e-02
4.804327785968780518e-01
1.070090159773826599e-01
3.281452879309654236e-02
8.393387496471405029e-02
6.328077912330627441e-01
5.446826219558715820e-01
8.364803344011306763e-02
9.570693224668502808e-02
5.951298028230667114e-02
1.627292186021804810e-01
6.057239323854446411e-02
3.242428004741668701e-01
9.999437332153320312e-01
9.965967535972595215e-01
9.083589911460876465e-02
4.415673762559890747e-02
9.023270010948181152e-02
1.017199456691741943e-01
4.318855702877044678e-02
4.210867732763290405e-02
1.198011934757232666e-01
9.735007584095001221e-02
4.580520093441009521e-02
1.052377894520759583e-01
5.817681550979614258e-02
9.465534240007400513e-02
9.036728739738464355e-02
1.140017211437225342e-01
5.203152894973754883e-01
5.712942034006118774e-02
1.183889880776405334e-01
1.125546023249626160e-01
3.630383312702178955e-02
1.992486417293548584e-02
8.308259397745132446e-02
6.020170822739601135e-02
1.394360065460205078e-01
2.265675663948059082e-01
1.107745468616485596e-01
9.884421527385711670e-02
5.594656988978385925e-02
7.060661166906356812e-02
8.284869045019149780e-02
7.432094216346740723e-02
3.988086804747581482e-02
2.318862080574035645e-01
3.324196934700012207e-01
1.510924398899078369e-01
3.949990123510360718e-02
1.080633997917175293e-01
4.679329320788383484e-02
7.222332060337066650e-02
1.228095293045043945e-01
7.735256105661392212e-02
1.022386625409126282e-01
7.382177561521530151e-02
7.530141621828079224e-02
4.317025467753410339e-02
5.503756925463676453e-02
5.297175645828247070e-01
5.035412311553955078e-02
5.612577870488166809e-02
1.410996019840240479e-01
3.669207394123077393e-01
6.262532472610473633e-01
6.573984771966934204e-02
7.073355466127395630e-02
9.583434462547302246e-02
4.581652954220771790e-02
5.492711439728736877e-02
1.167104318737983704e-01
6.494679301977157593e-02
5.345271900296211243e-02
5.120480060577392578e-02
2.289229258894920349e-02
6.756421923637390137e-02
3.527189791202545166e-01
5.838294625282287598e-01
4.233035445213317871e-01
2.230303362011909485e-02
4.736934602260589600e-02
4.608906805515289307e-02
4.010386765003204346e-02
8.455151319503784180e-02
1.606692522764205933e-01
5.740802288055419922e-01
3.601333126425743103e-02
3.251403942704200745e-02
1.141546741127967834e-01
7.626324892044067383e-02
9.056701511144638062e-02
2.089279331266880035e-02
8.719877898693084717e-02
4.993845522403717041e-02
9.448430687189102173e-02
1.201770752668380737e-01
1.785116344690322876e-01
7.741037011146545410e-01
2.680499851703643799e-01
7.078775018453598022e-02
3.091352805495262146e-02
1.044093891978263855e-01
2.053978741168975830e-01
9.873418509960174561e-02
5.484780296683311462e-02
7.821496576070785522e-02
4.041220247745513916e-02
5.877063423395156860e-02
7.905769944190979004e-01
1.021507307887077332e-01
5.235204845666885376e-02
9.454705566167831421e-02
7.072375714778900146e-02
1.666269004344940186e-01
6.215097755193710327e-02
1.116527393460273743e-01
3.446488976478576660e-01
3.601259365677833557e-02
4.105760902166366577e-02
1.581280529499053955e-01
1.111940518021583557e-01
9.250038117170333862e-02
4.485075548291206360e-02
4.028451815247535706e-02
4.370870813727378845e-02
3.989139199256896973e-02
4.787048697471618652e-02
2.982581034302711487e-02
5.389358401298522949e-01
5.691153928637504578e-02
4.099451005458831787e-02
3.870690241456031799e-02
5.405797064304351807e-02
5.320597067475318909e-02
1.267387866973876953e-01
4.359298571944236755e-02
8.887486457824707031e-01
4.830001890659332275e-01
4.091465771198272705e-01
2.465135604143142700e-01
2.076308988034725189e-02
8.371919393539428711e-01
2.385126613080501556e-02
5.512565970420837402e-01
6.277880072593688965e-02
1.098143830895423889e-01
1.163785681128501892e-01
6.213670969009399414e-02
5.482725054025650024e-02
8.293612301349639893e-02
1.352553516626358032e-01
1.821159124374389648e-01
1.081630513072013855e-01
1.433161348104476929e-01
1.626283824443817139e-01
9.060193598270416260e-02
1.266259551048278809e-01
9.347832202911376953e-02
4.937119185924530029e-01
7.115128040313720703e-01
8.693404197692871094e-01
4.049068316817283630e-02
2.344873845577239990e-01
3.074600100517272949e-01
7.313583791255950928e-02
6.591414809226989746e-01
1.406791806221008301e-01
5.089238286018371582e-02
8.302463591098785400e-02
2.289236783981323242e-01
8.591273427009582520e-02
5.291161686182022095e-02
5.433113500475883484e-02
1.989077776670455933e-01
1.864891499280929565e-01
1.171093955636024475e-01
6.962558627128601074e-02
7.597573101520538330e-02
2.222597151994705200e-01
7.060809433460235596e-02
3.755385056138038635e-02
2.469634115695953369e-01
6.277349591255187988e-02
7.021708041429519653e-02
2.733483538031578064e-02
6.690487265586853027e-02
2.796691656112670898e-01
1.203478500247001648e-01
2.512595951557159424e-01
5.829824507236480713e-02
6.587292253971099854e-02
2.913923375308513641e-02
5.922837182879447937e-02
1.454722285270690918e-01
2.196715921163558960e-01
5.728899836540222168e-01
3.624835014343261719e-01
8.041919767856597900e-02
7.858133316040039062e-02
1.808069646358489990e-01
1.063768565654754639e-01
8.819506317377090454e-02
9.367901086807250977e-01
6.009060516953468323e-02
8.899044990539550781e-02
1.187946200370788574e-01
7.597059011459350586e-01
4.370529949665069580e-01
2.662582099437713623e-01
8.569132536649703979e-02
5.634794011712074280e-02
7.385788857936859131e-02
2.633486688137054443e-01
6.909176707267761230e-02
2.857446484267711639e-02
3.186455368995666504e-01
9.835278987884521484e-01
1.125748082995414734e-01
3.570489212870597839e-02
4.642888903617858887e-02
1.001246944069862366e-01
1.754695475101470947e-01
1.725478097796440125e-02
3.667799010872840881e-02
3.982204571366310120e-02
4.570553079247474670e-02
7.519730925559997559e-02
3.662283346056938171e-02
5.675389617681503296e-02
1.129951998591423035e-01
8.730234950780868530e-02
2.760890312492847443e-02
1.455620974302291870e-01
5.387435853481292725e-02
3.882297873497009277e-02
5.359904170036315918e-01
8.935756981372833252e-02
9.445629268884658813e-02
2.315240800380706787e-01
1.651527285575866699e-01
2.215469777584075928e-01
6.477672606706619263e-02
9.733688831329345703e-02
6.824950128793716431e-02
1.181647479534149170e-01
8.192554116249084473e-02
4.906848818063735962e-02
8.372697979211807251e-02
9.295977652072906494e-02
6.281813383102416992e-01
5.498525127768516541e-02
1.615516245365142822e-01
2.359432727098464966e-01
1.842985302209854126e-01
5.481838434934616089e-02
7.147644460201263428e-02
1.510272081941366196e-02
6.432427465915679932e-02
3.943092375993728638e-02
9.256396889686584473e-01
3.475360274314880371e-01
8.241363614797592163e-02
6.563288718461990356e-02
3.416886031627655029e-01
9.312785416841506958e-02
1.457683444023132324e-01
1.081096474081277847e-02
4.813608154654502869e-02
3.401765599846839905e-02
6.824149936437606812e-02
3.087192401289939880e-02
1.596317440271377563e-02
3.472451567649841309e-01
1.353076994419097900e-01
1.053188890218734741e-01
2.755508422851562500e-01
3.771262615919113159e-02
2.691648155450820923e-02
5.956812202930450439e-02
