8.684235811233520508e-02
3.341471552848815918e-01
1.068367958068847656e-01
1.902384683489799500e-02
5.558039546012878418e-01
1.387299299240112305e-01
2.353721857070922852e-01
1.169194057583808899e-01
5.660849809646606445e-01
1.926432102918624878e-01
1.870705485343933105e-01
8.018245548009872437e-02
1.670487821102142334e-01
8.206272870302200317e-02
1.263898164033889771e-01
1.257802397012710571e-01
8.997298479080200195e-01
5.460776016116142273e-02
7.304421812295913696e-02
3.780330717563629150e-02
8.579107373952865601e-02
1.738992035388946533e-01
1.090235337615013123e-01
1.792192161083221436e-01
8.106201887130737305e-02
8.878140151500701904e-02
5.382722616195678711e-02
7.031884044408798218e-02
6.784062832593917847e-02
2.085969783365726471e-02
6.263428181409835815e-02
8.667325973510742188e-02
6.750847399234771729e-02
1.691369116306304932e-01
5.786933377385139465e-02
6.822611391544342041e-02
9.357595443725585938e-02
5.169190093874931335e-02
4.154339432716369629e-02
1.073771491646766663e-01
3.964715451002120972e-02
5.489004775881767273e-02
4.911876097321510315e-02
5.116396024823188782e-02
1.081471443176269531e-01
7.435896247625350952e-02
8.755732327699661255e-02
5.495975166559219360e-02
2.586777880787849426e-02
3.470329567790031433e-02
1.763814538717269897e-01
1.995497941970825195e-01
4.966234788298606873e-02
7.371573895215988159e-02
1.462298333644866943e-01
1.311944872140884399e-01
4.236543923616409302e-02
2.188581824302673340e-01
1.573312431573867798e-01
4.131189361214637756e-02
1.970148533582687378e-01
3.841958940029144287e-02
1.193214878439903259e-01
9.812526404857635498e-02
4.970429465174674988e-02
1.673252582550048828e-01
6.159230694174766541e-02
6.222267448902130127e-02
2.576544880867004395e-01
3.523086383938789368e-02
4.566214233636856079e-02
2.352835088968276978e-01
5.036819726228713989e-02
3.221077024936676025e-01
9.920182824134826660e-01
5.694512128829956055e-01
8.923602104187011719e-02
2.445589601993560791e-01
8.737694472074508667e-02
2.724666707217693329e-02
1.113395914435386658e-01
8.732594549655914307e-02
1.691912412643432617e-01
6.062905788421630859e-01
7.639937102794647217e-02
7.281254976987838745e-02
4.843171685934066772e-02
8.665585517883300781e-02
1.074334755539894104e-01
1.407257765531539917e-01
2.579447031021118164e-01
2.008263394236564636e-02
3.910907357931137085e-02
2.207864075899124146e-01
3.567545861005783081e-02
3.986690193414688110e-02
6.085640192031860352e-02
7.519619911909103394e-02
9.753401577472686768e-02
8.503695577383041382e-02
1.462507694959640503e-01
7.290240377187728882e-02
9.741506725549697876e-02
7.626125216484069824e-02
2.749344706535339355e-01
7.298298478126525879e-01
1.308217942714691162e-01
5.224817246198654175e-02
4.621921107172966003e-02
5.696924775838851929e-02
3.620665892958641052e-02
1.036822050809860229e-01
3.492773324251174927e-02
4.549903422594070435e-02
6.402362883090972900e-02
1.173731088638305664e-01
2.650285512208938599e-02
9.152162820100784302e-02
1.749400049448013306e-01
3.182621300220489502e-02
1.005777642130851746e-01
5.792115628719329834e-02
7.909243553876876831e-02
5.401922464370727539e-01
7.295083999633789062e-02
8.000060915946960449e-02
1.444176882505416870e-01
9.280723333358764648e-02
1.391890943050384521e-01
8.797701448202133179e-02
7.662150263786315918e-02
5.500768423080444336e-01
8.828627467155456543e-01
1.941583752632141113e-01
1.381659060716629028e-01
4.439634084701538086e-02
2.222313284873962402e-01
1.496560275554656982e-01
1.516790539026260376e-01
6.707448512315750122e-02
1.757179200649261475e-01
5.278453603386878967e-02
1.588506847620010376e-01
6.150177493691444397e-02
6.028577312827110291e-02
8.088123053312301636e-02
2.729017734527587891e-01
4.361997917294502258e-02
6.064546480774879456e-02
6.196855381131172180e-02
1.152092441916465759e-01
6.945358961820602417e-02
7.555420696735382080e-02
5.856379866600036621e-02
7.833818346261978149e-02
3.401445597410202026e-02
6.455734372138977051e-02
1.178964227437973022e-01
8.915273845195770264e-02
1.546361595392227173e-01
1.313142478466033936e-01
2.698829472064971924e-01
3.345485329627990723e-01
1.184083223342895508e-01
7.667885720729827881e-02
5.871185660362243652e-02
6.505287438631057739e-02
5.993357300758361816e-02
6.439420580863952637e-02
4.621128737926483154e-02
7.418970018625259399e-02
6.617996841669082642e-02
1.287449598312377930e-01
3.611329570412635803e-02
9.998580217361450195e-01
9.991822838783264160e-01
1.818510293960571289e-01
7.085050642490386963e-02
2.592540346086025238e-02
8.139761537313461304e-02
1.293492019176483154e-01
5.616744607686996460e-02
1.256992220878601074e-01
5.489922687411308289e-02
5.576922297477722168e-01
3.312450647354125977e-01
9.596041589975357056e-02
5.686765164136886597e-02
1.053450852632522583e-01
6.117628887295722961e-02
3.436458408832550049e-01
5.202073976397514343e-02
1.735302060842514038e-01
7.559323310852050781e-02
7.982839643955230713e-02
9.877344965934753418e-01
9.996247291564941406e-01
1.521253883838653564e-01
1.118457242846488953e-01
4.346403107047080994e-02
6.671400368213653564e-02
1.620344966650009155e-01
1.466401964426040649e-01
1.104892343282699585e-01
1.930357515811920166e-01
1.062174886465072632e-01
1.279416233301162720e-01
2.330801784992218018e-01
8.406649529933929443e-02
5.076856538653373718e-02
9.728105366230010986e-02
1.041406765580177307e-01
2.109265699982643127e-02
7.122184336185455322e-02
1.054081693291664124e-01
4.478335008025169373e-02
5.934475362300872803e-02
4.827148094773292542e-02
1.210037469863891602e-01
1.206449046730995178e-01
2.574074864387512207e-01
4.937120527029037476e-02
5.980125442147254944e-02
5.007003620266914368e-02
9.674160182476043701e-02
6.571690738201141357e-02
6.885094195604324341e-02
5.763582885265350342e-02
6.656485050916671753e-02
7.508399337530136108e-02
1.384394615888595581e-01
1.629002839326858521e-01
8.946479856967926025e-02
6.645382940769195557e-02
6.174115836620330811e-02
1.438373029232025146e-01
6.360775232315063477e-02
5.588670074939727783e-02
6.246814131736755371e-02
9.324079751968383789e-02
1.099011376500129700e-01
1.558725982904434204e-01
5.184931159019470215e-01
1.615407019853591919e-01
9.603518992662429810e-02
4.499735236167907715e-01
2.669469118118286133e-01
1.562025845050811768e-01
5.770573019981384277e-02
8.738793432712554932e-02
3.866133838891983032e-02
6.671947985887527466e-02
1.412647068500518799e-01
1.020582467317581177e-01
3.889310359954833984e-02
1.318536251783370972e-01
8.740416914224624634e-02
1.038679778575897217e-01
6.091731041669845581e-02
9.376084804534912109e-02
8.008008450269699097e-02
1.876403763890266418e-02
3.066633641719818115e-02
8.199943602085113525e-02
1.119115501642227173e-01
7.534454017877578735e-02
1.335107982158660889e-01
2.613917179405689240e-02
4.257140755653381348e-01
9.587722420692443848e-01
3.165341168642044067e-02
6.972632557153701782e-02
7.628508657217025757e-02
1.512054800987243652e-01
1.291881650686264038e-01
5.481484532356262207e-02
1.169481799006462097e-01
1.611529588699340820e-01
8.931295573711395264e-02
1.413522362709045410e-01
5.702745541930198669e-02
4.924241080880165100e-02
1.330776065587997437e-01
1.381547302007675171e-01
3.984327986836433411e-02
8.922794461250305176e-02
2.177099883556365967e-02
3.630453720688819885e-02
2.046533077955245972e-01
3.656072020530700684e-01
3.135569021105766296e-02
1.542292982339859009e-01
2.572407126426696777e-01
2.124912291765213013e-01
1.924029737710952759e-01
8.922675997018814087e-02
1.047330275177955627e-01
9.039090573787689209e-02
9.468213319778442383e-01
9.446955323219299316e-01
8.057115226984024048e-02
4.142812192440032959e-01
3.403427302837371826e-01
1.387288570404052734e-01
2.423654645681381226e-01
2.062885276973247528e-02
3.397929668426513672e-02
5.297238007187843323e-02
1.558495312929153442e-01
3.661898374557495117e-01
2.565347403287887573e-02
2.086956612765789032e-02
4.951270520687103271e-01
1.122835129499435425e-01
7.487362623214721680e-02
8.714332431554794312e-02
5.102772116661071777e-01
2.815805673599243164e-01
8.094318211078643799e-02
6.443011015653610229e-02
4.388226270675659180e-01
4.192610830068588257e-02
7.818714529275894165e-02
1.354376524686813354e-01
1.739986091852188110e-01
1.047600656747817993e-01
2.733145654201507568e-01
6.437386572360992432e-02
1.109878495335578918e-01
3.722255676984786987e-02
7.465608417987823486e-02
5.927647650241851807e-02
9.980573058128356934e-01
1.000637635588645935e-01
2.401607111096382141e-02
7.946393638849258423e-02
1.243756487965583801e-01
1.435351371765136719e-01
8.768764138221740723e-02
3.714637458324432373e-02
5.293884500861167908e-02
5.312227830290794373e-02
5.312928184866905212e-02
1.243679746985435486e-01
6.473313271999359131e-02
6.698405742645263672e-02
1.813874989748001099e-01
1.289640218019485474e-01
1.092818900942802429e-01
7.185319066047668457e-02
4.597896337509155273e-01
4.528076052665710449e-01
6.223330274224281311e-02
5.039554461836814880e-02
7.418730854988098145e-02
3.174893930554389954e-02
4.881900548934936523e-02
3.995869308710098267e-02
8.574181050062179565e-02
5.360093340277671814e-02
1.045381948351860046e-01
4.492154717445373535e-02
2.526357471942901611e-01
8.261253684759140015e-02
7.308135926723480225e-02
1.345856338739395142e-01
1.426193714141845703e-01
7.228176295757293701e-02
9.588768333196640015e-02
4.648622870445251465e-02
2.721599638462066650e-01
1.456514000892639160e-01
2.188384383916854858e-01
1.103945150971412659e-01
2.151863723993301392e-01
9.139561653137207031e-01
4.737882316112518311e-01
2.107301205396652222e-01
5.526923388242721558e-02
9.824297428131103516e-01
8.505942225456237793e-01
1.958658248186111450e-01
1.056320816278457642e-01
4.807737842202186584e-02
8.943657577037811279e-02
6.066562607884407043e-02
7.605893909931182861e-02
5.403413251042366028e-02
9.997933506965637207e-01
1.772803217172622681e-01
2.459231950342655182e-02
5.877368524670600891e-02
4.365928471088409424e-02
9.418931603431701660e-02
6.056970730423927307e-02
1.742631942033767700e-02
9.780786186456680298e-02
3.257989585399627686e-01
2.895832657814025879e-01
6.805062294006347656e-02
6.891192495822906494e-02
4.083906486630439758e-02
9.961381554603576660e-02
7.860220968723297119e-02
6.950754672288894653e-02
8.563710004091262817e-02
3.760294988751411438e-02
5.931717157363891602e-01
2.391962558031082153e-01
1.356006562709808350e-01
6.576914340257644653e-02
4.993625730276107788e-02
7.598137110471725464e-02
1.142497286200523376e-01
3.997339308261871338e-02
5.590870231389999390e-02
5.614439770579338074e-02
5.236189365386962891e-01
5.058894157409667969e-01
5.771732330322265625e-02
1.510218232870101929e-01
3.737286105751991272e-02
1.016408279538154602e-01
5.062299594283103943e-02
1.545787751674652100e-01
2.152220010757446289e-01
4.325433820486068726e-02
5.360114201903343201e-02
5.542857199907302856e-02
8.815851062536239624e-02
1.527117788791656494e-01
6.162326037883758545e-02
8.131883293390274048e-02
4.567269980907440186e-02
6.679346412420272827e-02
8.515612781047821045e-02
7.935419678688049316e-02
6.935135275125503540e-02
6.689847260713577271e-02
5.709339305758476257e-02
6.619371473789215088e-02
6.746894866228103638e-02
7.101782411336898804e-02
8.653774857521057129e-02
4.171021282672882080e-02
1.989280432462692261e-01
2.584954202175140381e-01
1.783682219684123993e-02
9.999905824661254883e-01
6.777863204479217529e-02
3.609287738800048828e-02
4.480819031596183777e-02
8.180252462625503540e-02
1.066512688994407654e-01
7.822717726230621338e-02
4.875883460044860840e-02
3.305385261774063110e-02
7.649311423301696777e-02
1.264207214117050171e-01
6.430235505104064941e-02
1.476808637380599976e-01
4.864640533924102783e-02
1.020028069615364075e-01
9.623785316944122314e-02
3.239122778177261353e-02
4.374296963214874268e-02
5.700283125042915344e-02
4.729688540101051331e-02
1.671662628650665283e-01
4.866622760891914368e-02
8.805526793003082275e-02
1.290538609027862549e-01
4.372675716876983643e-02
2.127170860767364502e-01
1.354947835206985474e-01
2.028429210186004639e-01
1.569300889968872070e-01
3.401122614741325378e-02
9.129559248685836792e-02
4.514932259917259216e-02
5.050791800022125244e-02
8.745427429676055908e-02
7.243961095809936523e-02
1.223788335919380188e-01
7.328938692808151245e-02
5.102248862385749817e-02
6.867672502994537354e-02
1.219333112239837646e-01
8.485230058431625366e-02
7.944723218679428101e-02
8.309171348810195923e-02
7.882048487663269043e-01
1.784853339195251465e-01
8.003088831901550293e-02
9.308090806007385254e-02
3.116126358509063721e-01
2.472078055143356323e-02
7.083636522293090820e-02
6.842004060745239258e-01
9.450958669185638428e-02
3.628893941640853882e-02
7.120731472969055176e-02
7.303430885076522827e-02
4.014761373400688171e-02
1.423194259405136108e-01
7.007706165313720703e-02
7.731239497661590576e-02
6.407195329666137695e-02
6.622804701328277588e-02
4.914993047714233398e-02
3.269652277231216431e-02
9.912883490324020386e-02
1.766003817319869995e-01
4.832203686237335205e-02
7.014357298612594604e-02
4.267545044422149658e-02
4.746361821889877319e-02
4.982679486274719238e-01
8.866431564092636108e-02
1.941817700862884521e-01
1.555490940809249878e-01
4.680703952908515930e-02
8.350603282451629639e-02
3.385705500841140747e-02
2.674299478530883789e-02
5.482706800103187561e-02
6.376403570175170898e-02
9.223434329032897949e-02
8.534102141857147217e-02
3.558879718184471130e-02
6.910100579261779785e-01
5.707231163978576660e-01
2.891063690185546875e-01
3.710543364286422729e-02
4.286941140890121460e-02
1.788974255323410034e-01
4.376961663365364075e-02
5.320422351360321045e-02
2.112544476985931396e-01
7.765287905931472778e-02
8.356521278619766235e-02
3.327368199825286865e-02
5.090630799531936646e-02
6.199933961033821106e-02
7.888058573007583618e-02
9.529107064008712769e-02
1.696339994668960571e-01
4.053298383951187134e-02
2.050758153200149536e-01
1.638727635145187378e-02
4.700727015733718872e-02
4.597305506467819214e-02
4.570514336228370667e-02
2.271780073642730713e-01
5.146410465240478516e-01
1.100863143801689148e-01
2.703396081924438477e-01
5.804815888404846191e-02
1.892475634813308716e-01
1.119442284107208252e-01
4.937045648694038391e-02
1.595981121063232422e-01
5.148140341043472290e-02
7.402259111404418945e-02
5.834210664033889771e-02
1.873615980148315430e-01
1.041964516043663025e-01
5.159875378012657166e-03
5.923427939414978027e-01
7.710755467414855957e-01
8.553542196750640869e-02
1.836271286010742188e-01
1.376651823520660400e-01
1.534687727689743042e-02
6.318718194961547852e-02
9.859845787286758423e-02
6.215682998299598694e-02
4.896309971809387207e-02
2.125208973884582520e-01
4.347821697592735291e-02
1.069705933332443237e-01
1.968581080436706543e-01
6.380052864551544189e-02
1.255603283643722534e-01
7.562469691038131714e-02
7.349739968776702881e-02
3.567233681678771973e-01
1.781103014945983887e-01
1.454325616359710693e-01
8.445884287357330322e-02
7.796350121498107910e-02
1.688795536756515503e-01
5.210078507661819458e-02
6.531683355569839478e-02
6.218578666448593140e-02
2.959989011287689209e-01
6.813419610261917114e-02
7.191429287195205688e-02
5.673808604478836060e-02
8.938533812761306763e-02
5.372934043407440186e-02
1.921495646238327026e-01
1.177181676030158997e-01
2.701351642608642578e-01
5.818303674459457397e-02
5.407661572098731995e-02
4.005146622657775879e-01
7.618571817874908447e-02
5.069120600819587708e-02
8.511148393154144287e-02
8.534729480743408203e-02
2.409389019012451172e-01
1.172911152243614197e-01
2.244720906019210815e-01
2.864313498139381409e-02
2.532403767108917236e-01
7.166491746902465820e-01
1.141844242811203003e-01
1.830866336822509766e-01
3.703119158744812012e-01
4.752185344696044922e-01
9.903419762849807739e-02
7.563833147287368774e-02
7.933942973613739014e-02
8.117179572582244873e-02
1.178536936640739441e-01
1.727313250303268433e-01
1.446565836668014526e-01
5.981169268488883972e-02
3.921109065413475037e-02
5.707700178027153015e-02
9.630483388900756836e-02
8.534529805183410645e-02
4.895737022161483765e-02
1.093412935733795166e-01
9.720581024885177612e-02
1.433396041393280029e-01
1.704344898462295532e-01
1.326574534177780151e-01
5.052864551544189453e-01
2.000304311513900757e-01
2.637004852294921875e-01
6.693138927221298218e-02
2.536079883575439453e-01
4.538981989026069641e-02
3.167383372783660889e-01
2.229255065321922302e-02
7.914223521947860718e-02
2.739383280277252197e-01
5.536274984478950500e-02
9.825815260410308838e-02
8.793137222528457642e-02
8.659531921148300171e-02
1.601221710443496704e-01
1.132434457540512085e-01
3.506366163492202759e-02
1.168621331453323364e-01
7.961724698543548584e-02
4.335658252239227295e-02
1.346662640571594238e-01
1.522465050220489502e-01
4.868884012103080750e-02
6.280767172574996948e-02
1.345771253108978271e-01
1.638592779636383057e-01
7.108821719884872437e-02
5.010185390710830688e-02
8.590509742498397827e-02
7.445976883172988892e-02
3.106963261961936951e-02
6.851233541965484619e-02
1.150390356779098511e-01
5.006984621286392212e-02
7.771769165992736816e-02
1.162218824028968811e-01
2.326335161924362183e-01
5.511192679405212402e-01
1.000000000000000000e+00
5.033271759748458862e-02
1.363171786069869995e-01
6.058395653963088989e-02
4.468027874827384949e-02
4.170404747128486633e-02
6.674745678901672363e-02
8.667009323835372925e-02
8.374571055173873901e-02
7.085524499416351318e-02
3.132085502147674561e-01
7.521288096904754639e-02
5.330997705459594727e-02
8.384409546852111816e-02
9.687514603137969971e-02
6.792234629392623901e-02
8.014154434204101562e-02
4.605453461408615112e-02
3.649700060486793518e-02
1.933287680149078369e-01
3.438118100166320801e-01
9.697529673576354980e-02
9.988158941268920898e-01
3.820689395070075989e-02
7.785081863403320312e-02
8.330470323562622070e-02
6.430259346961975098e-02
2.147575654089450836e-02
2.262959927320480347e-01
2.919071316719055176e-01
4.722009599208831787e-02
9.445811808109283447e-02
1.518954634666442871e-01
4.663439095020294189e-02
2.375387847423553467e-01
4.206601902842521667e-02
5.577851086854934692e-02
5.761128664016723633e-01
6.311809271574020386e-02
3.768103569746017456e-02
1.470809876918792725e-01
6.534749269485473633e-02
4.437237605452537537e-02
8.307231962680816650e-02
9.813423454761505127e-02
6.538269668817520142e-02
2.072334736585617065e-01
5.584741011261940002e-02
4.976563528180122375e-02
7.187710702419281006e-02
1.174610108137130737e-01
4.794087260961532593e-02
7.745637893676757812e-01
9.190890192985534668e-01
3.917022794485092163e-02
5.357590317726135254e-02
5.941132456064224243e-02
5.918060243129730225e-02
7.411500811576843262e-02
1.038714423775672913e-01
8.245384693145751953e-02
4.842768609523773193e-02
6.862118095159530640e-02
2.638484537601470947e-02
3.814129158854484558e-02
7.623796910047531128e-02
5.837820470333099365e-02
4.441792666912078857e-01
9.481018781661987305e-02
7.136174291372299194e-02
1.494215726852416992e-01
6.093593314290046692e-02
4.385588318109512329e-02
1.191950365900993347e-01
3.824434801936149597e-02
3.910574018955230713e-01
5.361230671405792236e-02
1.355271190404891968e-01
1.275359690189361572e-01
9.306493401527404785e-02
1.702485084533691406e-01
8.152973651885986328e-02
8.119201660156250000e-02
1.210417002439498901e-01
7.664520293474197388e-02
6.134811788797378540e-02
4.894166067242622375e-02
6.350231915712356567e-02
4.074122756719589233e-02
3.356428444385528564e-02
6.633162498474121094e-02
4.209232330322265625e-02
4.338550567626953125e-02
1.716704517602920532e-01
2.972389161586761475e-01
7.270459085702896118e-02
6.989093422889709473e-01
1.666268557310104370e-01
1.311597079038619995e-01
7.966009378433227539e-01
8.398914337158203125e-02
9.862399846315383911e-02
1.904478520154953003e-01
2.929999232292175293e-01
7.070358097553253174e-02
3.714643791317939758e-02
9.544982761144638062e-02
9.490728378295898438e-02
8.709572255611419678e-02
2.664023078978061676e-02
2.080142945051193237e-01
7.215085625648498535e-02
5.534454435110092163e-02
8.898540586233139038e-02
1.096754595637321472e-01
5.248695984482765198e-02
4.627593606710433960e-02
5.771971866488456726e-02
4.988279342651367188e-01
5.310793966054916382e-02
8.288791775703430176e-02
4.624829068779945374e-02
5.291409045457839966e-02
8.526536822319030762e-02
2.345117777585983276e-01
4.770233854651451111e-02
9.465015679597854614e-02
6.316994130611419678e-02
4.094354808330535889e-02
1.480578184127807617e-01
7.704461365938186646e-02
1.377775520086288452e-02
2.377069927752017975e-02
7.776588201522827148e-02
3.736997023224830627e-02
7.867590337991714478e-02
3.618230670690536499e-02
7.607367634773254395e-02
4.919844120740890503e-02
3.237229883670806885e-01
1.380638778209686279e-01
5.318952724337577820e-02
7.757528871297836304e-02
5.452860519289970398e-02
5.340112373232841492e-02
1.418088078498840332e-01
4.956156760454177856e-02
2.762296982109546661e-02
1.387952417135238647e-01
9.305869042873382568e-02
4.079661145806312561e-02
1.319940481334924698e-02
8.899373561143875122e-02
9.145375341176986694e-02
6.779446452856063843e-02
5.175268650054931641e-02
7.225079834461212158e-02
1.228175833821296692e-01
7.878074795007705688e-02
7.587016373872756958e-02
8.464757353067398071e-02
9.450928121805191040e-02
9.995898604393005371e-01
1.481462866067886353e-01
7.503660768270492554e-02
3.658623993396759033e-02
1.082204282283782959e-01
5.037996172904968262e-02
7.995889335870742798e-02
1.278251707553863525e-01
4.429448023438453674e-02
7.228086888790130615e-02
3.910266980528831482e-02
9.495146572589874268e-02
1.287991106510162354e-01
5.684329569339752197e-02
9.895128756761550903e-02
8.537787944078445435e-02
5.686004087328910828e-02
9.085736423730850220e-02
6.547491252422332764e-02
8.036366850137710571e-02
1.019253134727478027e-01
5.615743994712829590e-02
4.521350190043449402e-02
1.164192408323287964e-01
1.220503598451614380e-01
1.307593379169702530e-02
1.396889984607696533e-01
7.667475342750549316e-01
9.433618187904357910e-01
3.525456041097640991e-02
6.927506625652313232e-02
3.215514719486236572e-01
9.608566164970397949e-01
7.410647869110107422e-01
3.263219818472862244e-02
5.000474452972412109e-01
8.650045990943908691e-01
1.516170948743820190e-01
8.058494329452514648e-02
4.408039152622222900e-02
1.129997521638870239e-01
1.112935990095138550e-01
2.955751121044158936e-01
6.670304387807846069e-02
2.418114691972732544e-01
4.840122163295745850e-02
7.508096098899841309e-02
1.514039933681488037e-01
6.828761100769042969e-02
7.635444402694702148e-02
5.183937028050422668e-02
1.708605885505676270e-01
1.337805390357971191e-01
1.096805855631828308e-01
1.127222776412963867e-01
9.219560027122497559e-02
7.317351549863815308e-02
1.128944680094718933e-01
5.951425060629844666e-02
1.029773578047752380e-01
4.009851440787315369e-02
2.356531620025634766e-01
3.853376209735870361e-02
3.561438620090484619e-02
4.029177501797676086e-02
1.034850850701332092e-01
7.536234706640243530e-02
8.818443119525909424e-02
1.339769810438156128e-01
4.021105542778968811e-02
3.245065510272979736e-01
2.193895280361175537e-01
5.630543455481529236e-02
7.677488774061203003e-02
5.874050036072731018e-02
5.839860439300537109e-02
8.257634937763214111e-02
4.568886011838912964e-02
4.395573958754539490e-02
9.232700616121292114e-02
1.242316812276840210e-01
9.228685498237609863e-02
1.051667556166648865e-01
1.246954053640365601e-01
2.434989213943481445e-01
1.333709657192230225e-01
7.366723567247390747e-02
3.965754061937332153e-02
3.301638364791870117e-01
3.075955808162689209e-02
6.539142876863479614e-02
1.775800138711929321e-01
1.857543736696243286e-02
1.394334882497787476e-01
1.281225979328155518e-01
6.376912444829940796e-02
1.526208817958831787e-01
6.666896939277648926e-01
7.587382942438125610e-02
2.744065411388874054e-02
5.217907950282096863e-02
3.415463864803314209e-02
4.588398337364196777e-02
2.829289138317108154e-01
3.522331267595291138e-02
7.945298403501510620e-02
7.710232585668563843e-02
5.040974542498588562e-02
1.699315458536148071e-01
4.493733942508697510e-01
1.102342978119850159e-01
2.414268553256988525e-01
4.023974537849426270e-01
7.649972438812255859e-01
5.149348378181457520e-01
1.054752916097640991e-01
6.347902864217758179e-02
3.576850295066833496e-01
5.569394677877426147e-02
1.059428006410598755e-01
8.966784924268722534e-02
1.093504130840301514e-01
1.485181450843811035e-01
7.461839169263839722e-02
3.870375081896781921e-02
8.165918588638305664e-01
9.803552627563476562e-01
2.998059391975402832e-01
2.443599104881286621e-01
1.509704161435365677e-02
5.878086760640144348e-02
5.203681066632270813e-02
1.027342081069946289e-01
6.084448099136352539e-02
1.911640316247940063e-01
5.779006481170654297e-01
5.076748132705688477e-01
6.105104461312294006e-02
5.120385065674781799e-02
7.490713894367218018e-02
9.980371594429016113e-01
9.983073472976684570e-01
1.219739019870758057e-01
4.339170083403587341e-02
5.319829285144805908e-02
3.535820916295051575e-02
7.126544415950775146e-02
4.693020507693290710e-02
2.284080684185028076e-01
4.210056662559509277e-01
1.354240179061889648e-01
4.203522950410842896e-02
7.093610614538192749e-02
4.861817955970764160e-01
2.661861777305603027e-01
9.110021591186523438e-02
9.172634780406951904e-02
1.827120631933212280e-01
8.137465268373489380e-02
2.491468563675880432e-02
2.883762307465076447e-02
5.421820282936096191e-02
5.126871541142463684e-02
8.517648279666900635e-02
5.498564988374710083e-02
8.670490980148315430e-02
1.870031803846359253e-01
1.598614454269409180e-01
5.243049934506416321e-02
3.937831148505210876e-02
8.884263783693313599e-02
1.189351454377174377e-01
1.043018773198127747e-01
7.800800353288650513e-02
7.567289471626281738e-02
4.203883931040763855e-02
8.143848180770874023e-02
5.691878125071525574e-02
9.212105721235275269e-02
9.256669133901596069e-02
6.494024395942687988e-02
1.591771245002746582e-01
2.981520257890224457e-02
1.479168795049190521e-02
4.530551284551620483e-02
3.507726266980171204e-02
2.766658924520015717e-02
8.945862203836441040e-02
9.420251101255416870e-02
8.991547673940658569e-02
1.033609360456466675e-01
6.077960729598999023e-01
2.516666054725646973e-01
6.803198158740997314e-02
2.780430316925048828e-01
2.873118817806243896e-01
1.186936199665069580e-01
3.485231101512908936e-02
6.051597371697425842e-02
4.445677623152732849e-02
1.487841755151748657e-01
2.216509878635406494e-01
8.760395646095275879e-01
9.440183043479919434e-01
4.169697687029838562e-02
6.798481941223144531e-02
1.239573881030082703e-01
2.178063094615936279e-01
1.459666639566421509e-01
7.769573479890823364e-02
4.741220548748970032e-02
7.551909238100051880e-02
1.006781607866287231e-01
5.698760971426963806e-02
7.056839764118194580e-02
2.483039945363998413e-01
6.078834831714630127e-02
1.804820895195007324e-01
1.218924298882484436e-01
1.913263835012912750e-02
1.335598379373550415e-01
1.377059817314147949e-01
7.961361110210418701e-02
1.101170331239700317e-01
4.950571432709693909e-02
2.593735232949256897e-02
3.446806669235229492e-01
3.329165279865264893e-01
2.553908228874206543e-01
7.784414291381835938e-02
6.114108860492706299e-02
1.251477152109146118e-01
8.134881407022476196e-02
1.890665590763092041e-01
1.053993627429008484e-01
5.203948169946670532e-02
3.746361285448074341e-02
6.825532019138336182e-02
1.040673404932022095e-01
1.676621884107589722e-01
1.010458022356033325e-01
1.081883087754249573e-01
9.127359837293624878e-02
1.778502017259597778e-02
4.303149878978729248e-02
7.043594121932983398e-02
6.194858998060226440e-02
8.045227080583572388e-02
6.753634661436080933e-02
1.421648561954498291e-01
6.131934374570846558e-02
6.335081160068511963e-02
1.154736950993537903e-01
1.587867140769958496e-01
1.363759338855743408e-01
4.390862956643104553e-02
8.000722527503967285e-02
1.086464971303939819e-01
8.940455317497253418e-02
8.380679786205291748e-02
6.540519744157791138e-02
4.647348448634147644e-02
6.317362189292907715e-02
4.253781214356422424e-02
3.638666868209838867e-02
3.990577161312103271e-02
4.665897041559219360e-02
4.365517199039459229e-02
9.830258041620254517e-02
2.012828923761844635e-02
6.456205248832702637e-02
6.732252240180969238e-02
6.088784337043762207e-02
8.134531974792480469e-02
3.480977565050125122e-02
7.385922223329544067e-02
2.081833928823471069e-01
1.221901644021272659e-02
9.622207880020141602e-01
5.205116271972656250e-01
3.783243522047996521e-02
6.740318983793258667e-02
3.765350580215454102e-02
4.953805729746818542e-02
1.759065389633178711e-01
5.888670310378074646e-02
6.078311055898666382e-02
4.753809049725532532e-02
7.378806918859481812e-02
5.096498727798461914e-01
1.000000000000000000e+00
1.554371416568756104e-02
1.472680866718292236e-01
2.980142235755920410e-01
6.387620419263839722e-02
1.527029871940612793e-01
4.268927127122879028e-02
6.347569823265075684e-02
3.669686913490295410e-01
6.576998829841613770e-01
1.067719012498855591e-01
5.677973479032516479e-02
4.193378239870071411e-02
5.970740690827369690e-02
5.657592415809631348e-02
6.466288864612579346e-02
1.030977144837379456e-01
3.022218868136405945e-02
6.944034993648529053e-02
2.406553365290164948e-02
4.161293804645538330e-02
2.549519389867782593e-02
5.519888922572135925e-02
1.133100595325231552e-02
2.079596742987632751e-02
2.382291108369827271e-02
2.735175937414169312e-02
4.096115380525588989e-02
2.730094268918037415e-02
1.051425039768218994e-01
2.433046698570251465e-01
2.109518349170684814e-01
5.596320703625679016e-02
2.653741538524627686e-01
5.746513605117797852e-02
1.465806365013122559e-01
7.540430873632431030e-02
4.330641403794288635e-02
1.019494235515594482e-01
7.051908224821090698e-02
7.355722039937973022e-02
5.521970987319946289e-02
9.786828756332397461e-01
4.675914719700813293e-02
9.248598664999008179e-02
7.335170358419418335e-02
6.004237756133079529e-02
1.226538643240928650e-01
5.131276696920394897e-02
6.099108234047889709e-02
4.824444279074668884e-02
7.100629806518554688e-02
2.029933035373687744e-01
3.558780625462532043e-02
1.894590854644775391e-01
2.007840871810913086e-01
2.485147118568420410e-01
4.616965949535369873e-01
5.322255566716194153e-02
2.238580882549285889e-01
6.420907378196716309e-02
3.670212253928184509e-02
8.136712014675140381e-02
6.379820406436920166e-02
6.787699460983276367e-02
9.971599280834197998e-02
4.102315381169319153e-02
6.200513243675231934e-02
9.661927074193954468e-02
3.167832642793655396e-02
1.363388150930404663e-01
1.167033910751342773e-01
8.291666209697723389e-02
5.693274363875389099e-02
5.170838162302970886e-02
8.953073620796203613e-02
8.275374770164489746e-02
5.791624262928962708e-02
8.073201775550842285e-02
3.435274958610534668e-02
4.297241196036338806e-02
6.079413369297981262e-02
2.467765510082244873e-01
4.924052581191062927e-02
9.282124042510986328e-02
1.437896490097045898e-01
5.856867879629135132e-02
1.973131671547889709e-02
9.590256214141845703e-02
9.924426674842834473e-01
9.973216652870178223e-01
3.524277731776237488e-02
6.257835775613784790e-02
1.116080582141876221e-01
7.959485054016113281e-02
7.478330284357070923e-02
5.384260043501853943e-02
1.015278846025466919e-01
6.553188711404800415e-02
1.943383961915969849e-01
4.492381960153579712e-02
6.937853246927261353e-02
1.290831267833709717e-01
7.428941130638122559e-02
9.914515167474746704e-02
4.310524463653564453e-01
1.798783838748931885e-01
6.608644127845764160e-02
5.127239599823951721e-02
7.008647918701171875e-02
5.764596909284591675e-02
1.543073803186416626e-01
1.190073639154434204e-01
2.441500723361968994e-01
7.290633022785186768e-02
4.928929358720779419e-02
8.160861581563949585e-02
7.706585526466369629e-02
6.512979418039321899e-02
8.124987035989761353e-02
8.117729425430297852e-02
8.641143143177032471e-02
1.725242435932159424e-01
4.348076507449150085e-02
8.733326196670532227e-02
2.422977536916732788e-01
4.254554510116577148e-01
4.254554510116577148e-01
4.254554510116577148e-01
4.254554510116577148e-01
4.254554510116577148e-01
4.254554510116577148e-01
4.254554510116577148e-01
4.254554510116577148e-01
4.254554510116577148e-01
4.254554510116577148e-01
4.254554510116577148e-01
4.254554510116577148e-01
4.254554510116577148e-01
4.254554510116577148e-01
4.254554510116577148e-01
4.254554510116577148e-01
4.254554510116577148e-01
4.254554510116577148e-01
4.254554510116577148e-01
4.254554510116577148e-01
4.254554510116577148e-01
4.254554510116577148e-01
3.014054894447326660e-01
6.436506658792495728e-02
6.001443788409233093e-02
1.199898272752761841e-01
1.082932502031326294e-01
7.455413043498992920e-02
8.998686820268630981e-02
7.747211307287216187e-02
3.638219833374023438e-02
5.309442803263664246e-02
4.004423320293426514e-02
3.246094584465026855e-01
3.517293334007263184e-01
1.144280880689620972e-01
7.877336442470550537e-02
1.986737549304962158e-02
5.450449511408805847e-02
1.571770608425140381e-01
2.932561337947845459e-01
5.055939555168151855e-01
2.981642447412014008e-02
7.896209508180618286e-02
7.008214294910430908e-02
4.750131815671920776e-02
6.219820305705070496e-02
5.704573914408683777e-02
7.958603650331497192e-02
6.225145608186721802e-02
8.602908849716186523e-01
1.233558431267738342e-01
5.079615712165832520e-01
1.719746291637420654e-01
8.108078241348266602e-01
5.574888736009597778e-02
2.916723303496837616e-02
5.521044135093688965e-02
4.105739295482635498e-02
6.646689027547836304e-02
1.110421344637870789e-01
6.011733040213584900e-02
1.583706140518188477e-01
1.134464889764785767e-01
1.732925772666931152e-01
2.114631086587905884e-01
1.354462951421737671e-01
5.864337459206581116e-02
1.208672150969505310e-01
1.105665266513824463e-01
2.665364146232604980e-01
4.237233102321624756e-01
1.127283647656440735e-01
9.499493241310119629e-02
6.273147463798522949e-02
2.150936126708984375e-01
9.865060448646545410e-01
8.233445137739181519e-02
6.186873093247413635e-02
3.361601531505584717e-01
1.160605549812316895e-01
1.013531312346458435e-01
9.671654552221298218e-02
7.746144384145736694e-02
8.055166900157928467e-02
5.319987982511520386e-02
4.396311938762664795e-02
3.957577049732208252e-01
1.098403781652450562e-01
1.430231630802154541e-01
1.130976229906082153e-01
9.735554456710815430e-02
3.588644415140151978e-02
6.815354526042938232e-02
2.088845521211624146e-01
3.346727415919303894e-02
1.355920135974884033e-01
1.030963212251663208e-01
1.283802688121795654e-01
3.941828384995460510e-02
1.252026408910751343e-01
2.663896419107913971e-02
9.757611900568008423e-02
4.332900512963533401e-03
1.486177146434783936e-01
3.480187058448791504e-01
3.823991119861602783e-02
2.209331244230270386e-01
1.401177197694778442e-01
8.367067575454711914e-02
7.305863499641418457e-02
6.754469126462936401e-02
1.278326660394668579e-01
4.907315969467163086e-02
1.318374723196029663e-01
1.807776838541030884e-02
2.993638440966606140e-02
5.998183414340019226e-02
5.420315638184547424e-02
6.238026171922683716e-02
6.140874698758125305e-02
5.575931444764137268e-02
5.927261710166931152e-02
1.182874366641044617e-01
6.970555055886507034e-03
6.692270934581756592e-02
5.705995112657546997e-02
5.102429911494255066e-02
1.344237476587295532e-01
5.994627997279167175e-02
8.348341286182403564e-02
9.709469676017761230e-01
9.214103221893310547e-01
4.943716898560523987e-02
7.837320864200592041e-02
7.355585694313049316e-02
7.687605917453765869e-02
1.678451597690582275e-01
7.132345438003540039e-02
4.776914715766906738e-01
9.017568081617355347e-02
7.241678237915039062e-02
1.871757507324218750e-01
1.007529422640800476e-01
3.768010139465332031e-01
5.599021911621093750e-01
1.582006514072418213e-01
7.313142716884613037e-02
8.771680593490600586e-01
6.398670375347137451e-02
8.569858968257904053e-02
9.867623448371887207e-01
9.860364198684692383e-01
2.149069160223007202e-01
1.042686253786087036e-01
8.459686487913131714e-02
3.099181652069091797e-01
5.816193222999572754e-01
1.065616384148597717e-01
1.412013024091720581e-01
9.795913100242614746e-02
4.703538119792938232e-02
6.237326264381408691e-01
4.267210885882377625e-02
2.369835525751113892e-01
8.457767963409423828e-02
7.314590364694595337e-02
4.988590255379676819e-02
6.239677220582962036e-02
5.394930019974708557e-02
9.886716306209564209e-02
1.658913195133209229e-01
7.170446217060089111e-02
9.997434020042419434e-01
9.994367957115173340e-01
3.119530677795410156e-01
1.066540405154228210e-01
7.243604958057403564e-02
8.641459047794342041e-02
1.997238397598266602e-02
7.013301551342010498e-02
3.945503383874893188e-02
6.008533015847206116e-02
1.103372797369956970e-01
2.359523922204971313e-01
1.688162088394165039e-01
8.419251441955566406e-02
5.771791934967041016e-02
1.659321039915084839e-01
3.751106187701225281e-02
5.625675618648529053e-02
2.015924751758575439e-01
8.321014791727066040e-02
3.513883799314498901e-02
3.066607005894184113e-02
7.938397675752639771e-02
5.575158447027206421e-02
7.453372329473495483e-02
1.835395246744155884e-01
5.704994872212409973e-02
6.709650903940200806e-02
6.831526756286621094e-02
1.066425368189811707e-01
6.801384687423706055e-02
9.925371408462524414e-02
1.439200490713119507e-01
9.072722494602203369e-02
2.523408532142639160e-01
1.368692070245742798e-01
7.004511952400207520e-01
5.484343692660331726e-02
5.530370026826858521e-02
1.731294021010398865e-02
1.606520712375640869e-01
9.654366970062255859e-01
2.200710326433181763e-01
2.128559798002243042e-01
3.851588964462280273e-01
5.206663534045219421e-02
8.422950655221939087e-02
8.628756552934646606e-02
7.285515218973159790e-02
1.334575414657592773e-01
8.281667530536651611e-02
1.369903832674026489e-01
3.357525169849395752e-02
8.053069561719894409e-02
8.593524247407913208e-02
7.026167958974838257e-02
5.422477796673774719e-02
2.155943587422370911e-02
6.360165774822235107e-02
3.911038115620613098e-02
6.513030081987380981e-02
2.638149261474609375e-01
8.523257076740264893e-02
3.455017879605293274e-02
9.045718610286712646e-02
6.477732956409454346e-02
8.932769298553466797e-02
2.553263008594512939e-01
3.359540924429893494e-02
4.341851919889450073e-02
7.441174983978271484e-02
6.832340359687805176e-02
1.025981828570365906e-01
1.097704097628593445e-01
4.597389325499534607e-02
7.849268615245819092e-02
8.378645777702331543e-02
4.434639960527420044e-02
1.553986519575119019e-01
9.882212281227111816e-01
1.493379026651382446e-01
1.479757577180862427e-01
2.798998169600963593e-02
3.248076885938644409e-02
1.190797984600067139e-01
6.565263122320175171e-02
6.872892379760742188e-02
6.470652669668197632e-02
8.837845921516418457e-02
6.720983982086181641e-02
9.146092832088470459e-02
2.313959300518035889e-01
2.028227597475051880e-01
9.875335544347763062e-02
7.792980968952178955e-02
7.041129469871520996e-02
9.193918853998184204e-02
1.080204248428344727e-01
1.538310647010803223e-01
5.483971908688545227e-02
2.133440971374511719e-01
9.135884791612625122e-02
7.992659807205200195e-01
1.373624652624130249e-01
4.988319054245948792e-02
6.398248672485351562e-01
1.222243309020996094e-01
5.189921706914901733e-02
1.023017540574073792e-01
7.137070596218109131e-02
8.718420565128326416e-02
9.107455611228942871e-02
1.009106710553169250e-01
9.356854856014251709e-02
5.001344531774520874e-02
8.483081310987472534e-02
6.392965465784072876e-02
9.376483410596847534e-02
5.324281379580497742e-02
5.118968710303306580e-02
7.320198416709899902e-02
5.841756984591484070e-02
1.749045103788375854e-01
3.758788704872131348e-01
2.807057835161685944e-02
7.113790512084960938e-02
7.086111605167388916e-02
6.368438154458999634e-02
2.980142533779144287e-01
3.351194858551025391e-01
2.280556708574295044e-01
9.443779289722442627e-02
9.335345774888992310e-02
7.731134444475173950e-02
9.684173017740249634e-02
1.361106187105178833e-01
6.825859844684600830e-02
7.991800457239151001e-02
1.517027020454406738e-01
1.646214276552200317e-01
1.572420895099639893e-01
4.187780991196632385e-02
4.425033926963806152e-02
1.363390386104583740e-01
1.028938740491867065e-01
1.659987419843673706e-01
4.162750765681266785e-02
4.554072767496109009e-02
9.723840653896331787e-02
4.233442991971969604e-02
1.569531708955764771e-01
3.625139594078063965e-02
1.090015321969985962e-01
9.042264521121978760e-02
5.019034072756767273e-02
5.555693432688713074e-02
9.969187974929809570e-01
7.096226811408996582e-01
4.180261492729187012e-02
4.672192633152008057e-01
5.215918421745300293e-01
2.698515057563781738e-01
5.532002449035644531e-02
6.061986461281776428e-02
5.451999232172966003e-02
2.930838987231254578e-02
2.421401441097259521e-02
3.569275736808776855e-01
7.399328052997589111e-02
3.503704443573951721e-02
2.306819558143615723e-01
4.960415884852409363e-02
1.072290539741516113e-01
1.285080462694168091e-01
7.959471642971038818e-02
9.493809193372726440e-02
2.159726060926914215e-02
5.478047206997871399e-02
2.243065685033798218e-01
2.549480795860290527e-01
1.892624795436859131e-01
9.836124628782272339e-02
1.080565974116325378e-01
7.587215304374694824e-02
7.542425394058227539e-02
1.038399040699005127e-01
5.412177368998527527e-02
5.735657811164855957e-01
5.888045430183410645e-01
1.079265773296356201e-01
1.103033050894737244e-01
2.669889107346534729e-02
6.030640751123428345e-02
1.278639584779739380e-01
1.126711145043373108e-01
3.772979229688644409e-02
3.528983891010284424e-02
7.543416321277618408e-02
2.196640074253082275e-01
1.164543554186820984e-01
1.067638546228408813e-01
4.577178508043289185e-02
1.128523051738739014e-01
3.425033390522003174e-02
6.422559171915054321e-02
6.239068880677223206e-02
2.871308661997318268e-02
4.762437567114830017e-02
7.683069258928298950e-02
1.840615645051002502e-02
8.822143822908401489e-02
3.414229154586791992e-01
1.127558052539825439e-01
2.497092038393020630e-01
7.203641533851623535e-02
8.155846595764160156e-02
8.364938199520111084e-02
8.781386017799377441e-01
1.241301447153091431e-01
9.130966663360595703e-01
9.635075330734252930e-01
1.780274957418441772e-01
4.285695776343345642e-02
1.074396744370460510e-01
4.881457239389419556e-02
6.658016890287399292e-02
1.040351837873458862e-01
4.805486276745796204e-02
7.401929050683975220e-02
4.814678803086280823e-02
9.468106925487518311e-02
1.002721935510635376e-01
1.781622022390365601e-01
9.155502915382385254e-02
1.025517880916595459e-01
3.608701005578041077e-02
2.006773203611373901e-01
1.860322803258895874e-01
1.074324697256088257e-01
1.731524765491485596e-01
1.327628493309020996e-01
3.857440501451492310e-02
8.335332870483398438e-01
9.012780338525772095e-02
6.493121385574340820e-02
1.104473993182182312e-01
6.015637889504432678e-02
3.448439016938209534e-02
7.556983083486557007e-02
1.240027844905853271e-01
8.839882165193557739e-02
8.033645153045654297e-02
2.084877341985702515e-01
1.094742864370346069e-01
2.284550666809082031e-02
1.067223772406578064e-02
1.391732245683670044e-01
6.617069989442825317e-02
7.057765722274780273e-01
7.833054065704345703e-01
5.463602393865585327e-02
6.332007795572280884e-02
1.523822993040084839e-01
5.875891074538230896e-02
1.304303109645843506e-01
1.614843606948852539e-01
2.466900646686553955e-01
1.906259506940841675e-01
3.387820422649383545e-01
4.212075471878051758e-01
6.558233499526977539e-02
2.609041333198547363e-02
3.522908687591552734e-02
6.089358031749725342e-02
1.587585806846618652e-01
6.659301370382308960e-02
7.103207707405090332e-02
1.047795638442039490e-01
6.054815649986267090e-01
9.597646594047546387e-01
9.292010217905044556e-02
1.033809036016464233e-01
9.862035512924194336e-02
1.180825605988502502e-01
6.988548487424850464e-02
1.164585351943969727e-01
2.445021867752075195e-01
8.609779477119445801e-01
9.223314523696899414e-01
8.205582946538925171e-02
9.191247820854187012e-02
3.561377525329589844e-01
5.848383530974388123e-02
6.046301499009132385e-02
2.869367413222789764e-02
8.865398913621902466e-02
1.949019879102706909e-01
6.629047542810440063e-02
1.991967558860778809e-01
3.797093778848648071e-02
1.017143353819847107e-01
3.057797551155090332e-01
1.119617745280265808e-01
1.594655066728591919e-01
5.269373301416635513e-03
9.535357356071472168e-02
4.152378439903259277e-02
6.063601747155189514e-02
2.621620334684848785e-02
6.649195402860641479e-02
1.635464280843734741e-02
5.070701614022254944e-02
3.915982693433761597e-02
2.352886833250522614e-02
4.606378450989723206e-02
4.655912891030311584e-02
5.774363875389099121e-02
4.514940679073333740e-01
5.531515181064605713e-02
3.670024499297142029e-02
4.561745747923851013e-02
1.235105916857719421e-01
3.675016760826110840e-02
4.790123552083969116e-02
1.347167342901229858e-01
4.515219107270240784e-02
4.252276569604873657e-02
1.013447940349578857e-01
9.358043968677520752e-02
6.039203330874443054e-02
7.119008153676986694e-02
1.002223640680313110e-01
6.307063251733779907e-02
1.049535721540451050e-01
6.835569441318511963e-02
8.498721569776535034e-02
7.434648275375366211e-02
4.595636948943138123e-02
1.362171322107315063e-01
2.548906505107879639e-01
6.035941094160079956e-02
2.199192792177200317e-01
7.492992281913757324e-02
2.053325623273849487e-01
9.059696644544601440e-02
1.164753139019012451e-01
1.803643256425857544e-01
6.503298133611679077e-02
3.288576751947402954e-02
3.292364254593849182e-02
6.545960903167724609e-02
7.361478358507156372e-02
1.214574426412582397e-01
7.223927974700927734e-02
6.126493215560913086e-02
6.786347180604934692e-02
6.605655699968338013e-02
1.599921435117721558e-01
5.023577809333801270e-02
9.802982956171035767e-02
4.317589849233627319e-02
6.493850797414779663e-02
1.112126931548118591e-01
6.652139872312545776e-02
4.989388212561607361e-02
3.973264619708061218e-02
9.317594766616821289e-02
8.520348072052001953e-01
5.899448320269584656e-02
7.101582735776901245e-02
7.546114176511764526e-02
7.628540694713592529e-02
5.723920464515686035e-02
6.429804861545562744e-02
2.347964607179164886e-02
4.431791231036186218e-02
6.868344545364379883e-02
6.156408414244651794e-02
2.950387895107269287e-01
2.527470886707305908e-01
7.893671840429306030e-02
1.191888004541397095e-01
2.369038201868534088e-02
3.570023551583290100e-02
5.162608623504638672e-02
6.421718001365661621e-02
2.749909460544586182e-01
9.044230580329895020e-01
1.318718343973159790e-01
1.041611880064010620e-01
2.108986377716064453e-01
4.332070052623748779e-02
9.305240958929061890e-02
2.256739139556884766e-02
1.128839328885078430e-02
1.021742597222328186e-01
3.876223415136337280e-02
5.725955963134765625e-02
5.389933660626411438e-02
3.835937753319740295e-02
1.095813885331153870e-01
7.890323549509048462e-02
6.735225319862365723e-01
2.705957591533660889e-01
2.436274290084838867e-02
6.391335278749465942e-02
6.545820832252502441e-02
3.475902974605560303e-02
1.072313189506530762e-01
2.356044203042984009e-02
3.546109423041343689e-02
9.186132252216339111e-02
4.833662882447242737e-02
1.830364316701889038e-01
3.282918035984039307e-01
7.652202248573303223e-02
2.058121934533119202e-02
1.641085594892501831e-01
2.261561527848243713e-02
3.806122019886970520e-02
4.770910441875457764e-01
9.593407064676284790e-02
1.050603166222572327e-01
4.791312292218208313e-02
5.563412234187126160e-02
6.635057181119918823e-02
1.031012833118438721e-01
8.343715965747833252e-02
4.087492451071739197e-02
4.449830949306488037e-02
2.126398086547851562e-01
2.576498687267303467e-02
1.365421116352081299e-01
2.201653085649013519e-02
3.134389519691467285e-01
2.508563995361328125e-01
5.706939846277236938e-02
3.896245360374450684e-02
1.850666105747222900e-01
1.071567237377166748e-01
3.389294445514678955e-02
1.714020669460296631e-01
5.088683217763900757e-02
7.353410124778747559e-01
8.469287306070327759e-02
5.435936152935028076e-02
6.059037148952484131e-02
1.143037527799606323e-01
1.000951044261455536e-02
3.835007548332214355e-02
7.666295766830444336e-02
9.566120058298110962e-02
6.205542013049125671e-02
1.099610477685928345e-01
3.413081169128417969e-02
1.656976193189620972e-01
8.048510551452636719e-02
8.322470635175704956e-02
6.655330955982208252e-02
4.941654577851295471e-02
1.470778044313192368e-02
5.092275887727737427e-02
9.992729872465133667e-02
9.060804545879364014e-02
1.111569628119468689e-01
7.980148494243621826e-02
7.697909325361251831e-02
6.664079427719116211e-02
7.258363068103790283e-02
1.953074485063552856e-01
7.112128287553787231e-02
8.370358943939208984e-01
9.797471761703491211e-01
8.089193701744079590e-02
4.743273556232452393e-02
6.061780452728271484e-02
4.291974380612373352e-02
3.271058201789855957e-02
7.443011999130249023e-01
4.090743660926818848e-01
5.884937942028045654e-02
1.124002188444137573e-01
6.655446439981460571e-02
1.792522817850112915e-01
1.854494214057922363e-01
5.424488708376884460e-02
6.545132398605346680e-02
2.839536964893341064e-02
1.123874485492706299e-01
7.194644957780838013e-02
4.238163828849792480e-01
1.991373300552368164e-01
5.688767880201339722e-02
1.013607755303382874e-01
9.606111049652099609e-02
3.251082003116607666e-01
1.620627641677856445e-01
3.944841027259826660e-02
8.248940855264663696e-02
3.242694959044456482e-02
3.675686419010162354e-01
6.250362843275070190e-02
6.205487623810768127e-02
5.594648048281669617e-02
1.156365796923637390e-01
1.073109507560729980e-01
1.328074038028717041e-01
8.536118865013122559e-01
2.852208316326141357e-01
4.817570000886917114e-02
8.348876237869262695e-02
3.291058912873268127e-02
3.996904939413070679e-02
8.761069178581237793e-02
8.822012692689895630e-02
1.025160029530525208e-01
4.114684835076332092e-02
3.752861917018890381e-02
6.147124618291854858e-02
6.094550713896751404e-02
3.413366153836250305e-02
4.299890249967575073e-02
1.139514893293380737e-01
3.402627632021903992e-02
7.616262137889862061e-02
2.716358006000518799e-02
8.208753168582916260e-02
1.061038076877593994e-01
2.948726154863834381e-02
1.007831469178199768e-01
8.349347859621047974e-02
1.043543592095375061e-01
6.776670366525650024e-02
9.667795151472091675e-02
6.013470143079757690e-02
9.891833364963531494e-02
4.497304558753967285e-02
1.059156134724617004e-01
1.843576878309249878e-01
8.731492608785629272e-02
3.814661130309104919e-02
1.811380684375762939e-01
5.907469242811203003e-02
9.021465480327606201e-02
9.469788670539855957e-01
9.912536740303039551e-01
3.432839736342430115e-02
1.137574613094329834e-01
1.435569077730178833e-01
2.196548730134963989e-01
9.089937806129455566e-01
9.734532237052917480e-02
4.257292300462722778e-02
8.505788445472717285e-02
5.472601205110549927e-02
4.444448277354240417e-02
6.953106820583343506e-02
3.442176058888435364e-02
6.028000637888908386e-02
9.943873435258865356e-02
2.412551045417785645e-01
4.691519737243652344e-01
9.138459712266921997e-02
8.268009126186370850e-02
4.903056472539901733e-02
8.207892626523971558e-02
6.956201791763305664e-02
2.040051966905593872e-01
2.172135710716247559e-01
1.650851815938949585e-01
8.203212916851043701e-02
7.495404034852981567e-02
8.818344771862030029e-02
1.049289628863334656e-01
2.184976264834403992e-02
3.488567098975181580e-02
3.802188113331794739e-02
4.949398636817932129e-01
2.695289254188537598e-01
7.620396465063095093e-02
6.694112718105316162e-02
3.560601770877838135e-01
5.892426893115043640e-02
6.321648508310317993e-02
2.531416900455951691e-02
1.320747733116149902e-01
5.189672857522964478e-02
2.094019390642642975e-02
1.949930787086486816e-01
1.028518080711364746e-01
6.232499480247497559e-01
9.615758806467056274e-02
1.586021333932876587e-01
8.781579881906509399e-02
1.329155117273330688e-01
1.167284622788429260e-01
6.414899975061416626e-02
7.166953384876251221e-02
8.854525089263916016e-01
7.157316207885742188e-01
1.967266052961349487e-01
7.588077783584594727e-01
5.176815390586853027e-01
9.793556481599807739e-02
9.478236734867095947e-02
7.228422164916992188e-02
9.297394752502441406e-02
1.187395974993705750e-01
8.907185494899749756e-02
1.125999465584754944e-01
2.109248377382755280e-02
2.377830594778060913e-01
8.382805436849594116e-02
8.318360149860382080e-02
1.238354742527008057e-01
9.716158360242843628e-02
8.142620921134948730e-01
2.061466723680496216e-01
9.220020473003387451e-02
3.225196152925491333e-02
9.461024403572082520e-02
6.226069852709770203e-02
2.139738202095031738e-01
3.627484738826751709e-01
1.307799071073532104e-01
1.826495826244354248e-01
2.805153466761112213e-02
4.080175757408142090e-01
6.434617191553115845e-02
3.648236691951751709e-01
2.427984327077865601e-01
4.370545595884323120e-02
7.425152510404586792e-02
8.126039057970046997e-02
6.925207376480102539e-02
4.754435271024703979e-02
2.627587504684925079e-02
8.040238916873931885e-02
7.684975117444992065e-02
5.045393109321594238e-01
1.865909993648529053e-01
1.041528880596160889e-01
1.140101179480552673e-01
6.903751194477081299e-02
5.948755890130996704e-02
3.303267657756805420e-01
4.031391069293022156e-02
3.688315674662590027e-02
6.975860893726348877e-02
1.876957714557647705e-01
6.360723823308944702e-02
7.521200180053710938e-02
1.014682352542877197e-01
6.174150481820106506e-02
4.387407004833221436e-02
1.127025038003921509e-01
1.292161345481872559e-01
6.706845760345458984e-02
6.341828405857086182e-02
4.573618248105049133e-02
5.888403952121734619e-02
4.533088952302932739e-02
3.994335606694221497e-02
1.313995718955993652e-01
1.304350644350051880e-01
1.123139932751655579e-01
4.336620494723320007e-02
2.252796292304992676e-01
7.498744130134582520e-02
1.448943167924880981e-01
6.624922156333923340e-02
8.901589363813400269e-02
4.230930656194686890e-02
9.651845693588256836e-02
2.488934099674224854e-01
8.351243138313293457e-01
5.999233722686767578e-01
8.388100266456604004e-01
9.999572038650512695e-01
8.567921519279479980e-01
7.498528808355331421e-02
1.381795108318328857e-01
2.279014587402343750e-01
6.655216962099075317e-02
5.765457078814506531e-02
5.653311684727668762e-02
3.655477613210678101e-02
5.053056031465530396e-02
7.775226235389709473e-02
3.483200818300247192e-02
8.975047618150711060e-02
6.826101243495941162e-02
6.375849246978759766e-02
5.123445987701416016e-01
7.979429364204406738e-01
6.743153184652328491e-02
2.113786190748214722e-01
2.340327948331832886e-01
7.141544222831726074e-01
4.832587018609046936e-02
1.047704815864562988e-01
9.488698840141296387e-02
7.117983698844909668e-02
6.327947229146957397e-02
3.948372229933738708e-02
1.491437405347824097e-01
1.036444753408432007e-01
2.620754949748516083e-02
1.349438130855560303e-01
3.429560735821723938e-02
5.896273255348205566e-02
6.639433652162551880e-02
1.683094352483749390e-01
7.893602550029754639e-02
7.088977098464965820e-02
6.693053990602493286e-02
2.692703157663345337e-02
3.546684980392456055e-02
1.758271306753158569e-01
6.197065860033035278e-02
7.734455168247222900e-02
6.022934988141059875e-02
8.833014369010925293e-01
5.491014719009399414e-01
3.021733462810516357e-01
4.346640035510063171e-02
1.463038325309753418e-01
6.984408944845199585e-02
5.502124130725860596e-02
1.359579861164093018e-01
4.153159633278846741e-02
4.458927735686302185e-02
5.874338001012802124e-02
9.426765888929367065e-02
1.642877012491226196e-01
5.750995874404907227e-02
5.638158321380615234e-02
8.101724982261657715e-01
4.768961071968078613e-01
7.098970562219619751e-02
1.616998314857482910e-01
7.622230798006057739e-02
6.801863759756088257e-02
9.893772006034851074e-02
8.331880569458007812e-01
1.135814413428306580e-01
5.465413928031921387e-01
9.103157520294189453e-01
6.355068832635879517e-02
9.809529036283493042e-02
9.684315323829650879e-02
1.547381877899169922e-01
1.875018328428268433e-01
7.428960502147674561e-02
6.263505667448043823e-02
4.092700034379959106e-02
1.694630831480026245e-01
6.006338447332382202e-02
1.328906267881393433e-01
9.692302346229553223e-02
5.177183076739311218e-02
4.705717042088508606e-02
5.896512046456336975e-02
7.218370586633682251e-02
4.427519813179969788e-02
3.693117573857307434e-02
4.273673519492149353e-02
4.866254329681396484e-02
3.314780071377754211e-02
1.765922307968139648e-01
9.666661918163299561e-02
7.641406357288360596e-02
3.941803053021430969e-02
3.594794869422912598e-02
1.282502710819244385e-01
1.228078901767730713e-01
6.027091294527053833e-02
2.650325000286102295e-01
2.581484615802764893e-01
6.229236721992492676e-02
5.322909355163574219e-02
6.339469552040100098e-02
1.351892352104187012e-01
1.555834244936704636e-02
6.896035373210906982e-02
1.188113540410995483e-01
3.897643834352493286e-02
9.518182277679443359e-01
3.415390551090240479e-01
1.840107329189777374e-02
8.497047424316406250e-02
2.229791581630706787e-01
1.256491690874099731e-01
1.998179703950881958e-01
5.567345395684242249e-02
8.998344093561172485e-02
4.241028428077697754e-02
1.266816556453704834e-01
4.607098922133445740e-02
3.029090538620948792e-02
1.118299514055252075e-01
9.289106726646423340e-02
7.590239495038986206e-02
2.201219499111175537e-01
1.042178720235824585e-01
3.498145937919616699e-02
7.906244695186614990e-02
8.387574553489685059e-02
7.401335984468460083e-02
4.483940824866294861e-02
2.666916325688362122e-02
1.711453646421432495e-01
1.480598598718643188e-01
1.034934744238853455e-01
2.159879654645919800e-01
9.990530610084533691e-01
8.288817405700683594e-01
1.246617212891578674e-01
6.111093610525131226e-02
9.260582327842712402e-01
9.832471013069152832e-01
5.029573440551757812e-01
2.975131757557392120e-02
4.341490194201469421e-02
6.311278790235519409e-02
7.252354919910430908e-02
9.207530319690704346e-02
1.381031274795532227e-01
8.267614841461181641e-01
4.436853826045989990e-01
7.910156995058059692e-02
6.124576553702354431e-02
3.689754381775856018e-02
7.949306070804595947e-02
7.633470743894577026e-02
8.826058357954025269e-02
1.429124325513839722e-01
1.073004230856895447e-01
1.023291870951652527e-01
6.736449897289276123e-02
8.817286789417266846e-02
8.250507712364196777e-02
8.202670514583587646e-02
1.473525911569595337e-01
2.561326697468757629e-02
3.003222346305847168e-01
6.782715767621994019e-02
1.214675903320312500e-01
6.811972707509994507e-02
1.423924267292022705e-01
6.564916670322418213e-02
6.045838817954063416e-02
7.779849320650100708e-02
1.765938252210617065e-01
2.246530912816524506e-02
1.191845461726188660e-01
6.014547497034072876e-02
2.736467123031616211e-01
1.143278777599334717e-01
3.359646201133728027e-01
6.549355387687683105e-02
6.002639606595039368e-02
6.696073710918426514e-02
7.020538300275802612e-02
1.967300921678543091e-01
7.258769124746322632e-02
9.868159890174865723e-02
5.051876604557037354e-02
4.835760220885276794e-02
1.234525144100189209e-01
5.366094037890434265e-02
2.217794656753540039e-01
2.250186204910278320e-01
7.244149595499038696e-02
1.115375384688377380e-01
8.271048963069915771e-02
1.647598892450332642e-01
1.184331774711608887e-01
1.065027043223381042e-01
1.467455476522445679e-01
9.584928303956985474e-02
7.964150905609130859e-01
1.576505601406097412e-01
7.219130545854568481e-02
5.624511465430259705e-02
5.616544932126998901e-02
1.661973297595977783e-01
2.840376272797584534e-02
6.645087152719497681e-02
8.110117912292480469e-02
4.223302900791168213e-01
2.284302562475204468e-01
1.214684620499610901e-01
2.144371904432773590e-02
2.661359310150146484e-02
6.053366512060165405e-02
6.775453686714172363e-02
7.037541270256042480e-02
3.625302612781524658e-01
5.886281281709671021e-02
3.571443259716033936e-02
5.964094027876853943e-02
4.279056191444396973e-02
4.787939414381980896e-02
7.444801926612854004e-02
8.055295795202255249e-02
2.504038251936435699e-02
5.616857111454010010e-02
3.709164261817932129e-02
4.761956632137298584e-02
6.797051429748535156e-02
3.804304078221321106e-02
4.645453393459320068e-02
1.008012071251869202e-01
1.705303043127059937e-01
2.342248708009719849e-01
6.115495041012763977e-02
6.744619458913803101e-02
1.081892102956771851e-01
4.939552769064903259e-02
6.820159405469894409e-02
5.419745668768882751e-02
8.917378634214401245e-02
7.334381341934204102e-02
6.850778311491012573e-02
2.212543487548828125e-01
1.517412066459655762e-01
6.695649772882461548e-02
6.157004833221435547e-02
6.336677074432373047e-02
4.946394264698028564e-02
5.799628049135208130e-02
9.295173734426498413e-02
9.402482211589813232e-02
6.374775618314743042e-02
9.179916977882385254e-02
6.158944964408874512e-01
8.541085124015808105e-01
7.424093782901763916e-02
2.418662160634994507e-01
3.346597403287887573e-02
8.051913231611251831e-02
3.176709637045860291e-02
1.826897114515304565e-01
1.220574155449867249e-01
6.347393989562988281e-02
6.439770758152008057e-02
3.854640573263168335e-02
4.766655713319778442e-02
1.668832153081893921e-01
5.137697979807853699e-02
8.495507389307022095e-02
4.264638200402259827e-02
1.009053289890289307e-01
1.090089008212089539e-01
1.137582287192344666e-01
6.073313206434249878e-02
9.152893722057342529e-02
1.688134372234344482e-01
8.082728087902069092e-02
9.287595748901367188e-02
6.311145424842834473e-02
7.039803266525268555e-02
5.133374407887458801e-02
1.022596731781959534e-01
6.406610459089279175e-02
7.391877472400665283e-02
8.165476471185684204e-02
1.904441267251968384e-01
7.573043555021286011e-02
2.998670041561126709e-01
2.347075641155242920e-01
5.155074223875999451e-02
6.300275772809982300e-02
1.797180622816085815e-01
1.176616102457046509e-01
7.780788093805313110e-02
9.813860058784484863e-02
2.747094072401523590e-02
1.050404533743858337e-01
1.406116038560867310e-01
6.044037640094757080e-02
6.954558193683624268e-02
1.019790098071098328e-01
2.075773030519485474e-01
4.077361151576042175e-02
8.968754112720489502e-02
6.213395670056343079e-02
5.851398408412933350e-02
1.264851093292236328e-01
7.971246540546417236e-02
1.011075824499130249e-01
1.030058562755584717e-01
6.040450930595397949e-02
1.411365121603012085e-01
6.377205252647399902e-01
3.440182805061340332e-01
2.453647106885910034e-01
6.851695775985717773e-01
7.763682603836059570e-01
3.435138985514640808e-02
4.990406334400177002e-02
1.934895478188991547e-02
4.870002716779708862e-02
4.334447160363197327e-02
9.807053208351135254e-01
8.987004160881042480e-01
6.291614174842834473e-01
1.963778585195541382e-01
8.669547438621520996e-01
7.159630656242370605e-01
2.383058965206146240e-01
2.484506964683532715e-01
1.650801151990890503e-01
1.653128564357757568e-01
4.659017622470855713e-01
1.398786623030900955e-02
9.007979929447174072e-02
5.350080505013465881e-02
4.666807129979133606e-02
8.170828968286514282e-02
1.104227155447006226e-01
5.149933323264122009e-02
5.105379223823547363e-02
2.536566555500030518e-01
9.267804026603698730e-02
1.892371922731399536e-01
5.781066045165061951e-02
2.351264953613281250e-01
3.391395211219787598e-01
1.271361559629440308e-01
5.917248874902725220e-02
5.290370583534240723e-01
4.298529773950576782e-02
6.257582455873489380e-02
5.803544819355010986e-02
3.857687115669250488e-02
1.989457756280899048e-01
4.889139533042907715e-02
5.848307162523269653e-02
1.179829686880111694e-01
2.793799340724945068e-02
1.414336860179901123e-01
7.460818439722061157e-02
1.966480910778045654e-01
9.502695202827453613e-01
6.358896493911743164e-01
1.551163345575332642e-01
4.991774633526802063e-02
1.033569276332855225e-01
9.242019802331924438e-02
1.160349473357200623e-01
9.944858402013778687e-02
2.319759130477905273e-01
1.511312723159790039e-01
8.657305687665939331e-02
2.067725360393524170e-01
5.033265352249145508e-01
7.972516119480133057e-02
1.515489071607589722e-01
7.459473609924316406e-02
7.794178277254104614e-02
1.420013606548309326e-01
6.299418956041336060e-02
1.701306104660034180e-01
9.631949067115783691e-01
9.289243817329406738e-01
3.328331187367439270e-02
7.730098813772201538e-02
4.342107102274894714e-02
8.745394647121429443e-02
1.575451791286468506e-01
2.602550685405731201e-01
5.609222874045372009e-02
6.257102638483047485e-02
4.068415984511375427e-02
3.665960431098937988e-01
3.865584135055541992e-01
1.791715994477272034e-02
2.207015007734298706e-01
1.198370382189750671e-01
4.597937315702438354e-02
6.560371071100234985e-02
7.684841752052307129e-02
4.530947282910346985e-02
3.867543116211891174e-02
1.691015362739562988e-01
3.604783415794372559e-01
1.574671715497970581e-01
7.628847658634185791e-02
9.696763753890991211e-02
9.554932266473770142e-02
1.136429533362388611e-01
4.918872937560081482e-02
5.667517706751823425e-02
6.377881765365600586e-02
1.453121006488800049e-01
8.581376075744628906e-02
4.017190039157867432e-01
1.780176907777786255e-01
2.477243542671203613e-02
6.265202164649963379e-02
1.841329187154769897e-01
6.593546271324157715e-02
7.345179468393325806e-02
4.676325991749763489e-02
7.531567662954330444e-02
3.909733891487121582e-02
5.464618280529975891e-02
7.327578961849212646e-02
4.229251667857170105e-02
7.287006825208663940e-02
6.689360737800598145e-02
7.784450054168701172e-02
5.556756630539894104e-02
1.014489680528640747e-01
1.854477375745773315e-01
1.016491428017616272e-01
9.419312328100204468e-02
8.972003310918807983e-02
5.654627829790115356e-02
1.596012413501739502e-01
2.773952186107635498e-01
4.730748012661933899e-02
1.078325062990188599e-01
4.162475094199180603e-02
5.734250321984291077e-02
6.616144627332687378e-02
7.092774659395217896e-02
9.590138494968414307e-02
1.403465773910284042e-02
5.132186785340309143e-02
3.769337013363838196e-02
6.739100068807601929e-02
7.259130477905273438e-02
2.300861328840255737e-01
8.552319556474685669e-02
1.481749862432479858e-01
6.809737533330917358e-02
7.424092292785644531e-02
5.424817651510238647e-02
1.274867057800292969e-01
3.987942263484001160e-02
8.496515452861785889e-02
4.512563720345497131e-02
9.698873758316040039e-02
5.001624673604965210e-02
6.917206943035125732e-02
1.699547022581100464e-01
8.027899265289306641e-02
6.974225491285324097e-02
6.510457396507263184e-02
9.332185983657836914e-02
1.386109143495559692e-01
3.962275013327598572e-02
4.541372880339622498e-02
3.451437875628471375e-02
2.753829061985015869e-01
1.271029561758041382e-01
8.935194462537765503e-02
5.924340486526489258e-01
6.239067390561103821e-02
4.349004104733467102e-02
1.083381325006484985e-01
9.147144109010696411e-02
1.521820425987243652e-01
1.057545393705368042e-01
2.135295420885086060e-02
3.162160813808441162e-01
6.872024387121200562e-02
9.218680113554000854e-02
7.530184090137481689e-02
1.013023704290390015e-01
6.265325099229812622e-02
4.069600626826286316e-02
1.631408333778381348e-01
5.401601195335388184e-01
3.290589749813079834e-01
2.522671818733215332e-01
7.462918013334274292e-02
8.546397089958190918e-02
6.759913265705108643e-02
8.294703811407089233e-02
3.826349377632141113e-01
1.948446780443191528e-01
1.348972767591476440e-01
5.408074259757995605e-01
6.429695487022399902e-01
1.431869864463806152e-01
1.513234525918960571e-01
3.530274927616119385e-01
8.173555135726928711e-02
7.512700557708740234e-02
1.562968641519546509e-01
9.154280275106430054e-02
5.364640802145004272e-02
6.820386648178100586e-02
8.404441177845001221e-02
3.992257267236709595e-02
3.362304717302322388e-02
8.377581089735031128e-02
7.814858853816986084e-02
3.509806469082832336e-02
6.087052226066589355e-01
4.254554510116577148e-01
4.254554510116577148e-01
4.254554510116577148e-01
4.254554510116577148e-01
7.984655499458312988e-01
3.076783716678619385e-01
3.941372036933898926e-01
1.043280735611915588e-01
5.196332186460494995e-02
6.762223690748214722e-02
1.009452044963836670e-01
4.346623271703720093e-02
8.710626512765884399e-02
1.328359395265579224e-01
1.562137901782989502e-01
3.712461888790130615e-02
4.549938440322875977e-02
2.025164291262626648e-02
3.104982078075408936e-01
1.115717291831970215e-01
1.031133159995079041e-01
5.436829477548599243e-02
4.116829112172126770e-02
8.055581897497177124e-02
2.455912679433822632e-01
1.677500903606414795e-01
3.801987469196319580e-01
9.251940846443176270e-01
5.248844251036643982e-02
9.290284663438796997e-02
1.467090696096420288e-01
3.118172883987426758e-01
2.824054285883903503e-02
6.908401846885681152e-02
4.047894477844238281e-02
5.547292530536651611e-02
6.049971655011177063e-02
7.899723947048187256e-02
5.985509231686592102e-02
6.187902763485908508e-02
9.397036582231521606e-02
8.563964813947677612e-02
1.153632178902626038e-01
1.683621406555175781e-01
2.022704333066940308e-01
7.675841450691223145e-02
6.427972018718719482e-02
2.593283355236053467e-01
4.151361584663391113e-01
1.130163148045539856e-01
1.053192242980003357e-01
1.383091062307357788e-01
3.331123292446136475e-02
6.802830845117568970e-02
4.046046361327171326e-02
5.523689985275268555e-01
4.528285935521125793e-02
1.306527704000473022e-01
2.511026263236999512e-01
9.179122000932693481e-02
4.989001527428627014e-02
9.429217129945755005e-02
1.235333755612373352e-01
4.364580661058425903e-02
1.091868951916694641e-01
1.249283105134963989e-01
8.427903056144714355e-02
3.307079523801803589e-02
7.124326378107070923e-02
2.804410159587860107e-01
8.240818977355957031e-02
9.498011320829391479e-02
1.240263134241104126e-01
9.977504611015319824e-02
1.599022932350635529e-02
5.454163253307342529e-02
3.898167237639427185e-02
6.587135046720504761e-02
4.931101575493812561e-02
1.861910223960876465e-01
1.397944986820220947e-01
2.467778138816356659e-02
2.868703305721282959e-01
1.033378392457962036e-01
9.075264632701873779e-02
5.013783648610115051e-02
6.600793451070785522e-02
4.251612722873687744e-02
1.019788756966590881e-01
7.001237273216247559e-01
7.801567912101745605e-01
2.278440445661544800e-02
5.832843482494354248e-02
9.526078402996063232e-02
5.162428691983222961e-02
1.096118465065956116e-01
5.592323094606399536e-02
5.697581171989440918e-02
9.246636182069778442e-02
8.482696115970611572e-02
9.280158579349517822e-02
8.032912015914916992e-01
3.216412290930747986e-02
6.709795445203781128e-02
3.395252674818038940e-02
5.874400138854980469e-01
1.563593596220016479e-01
6.919473409652709961e-02
1.091934517025947571e-01
1.419940739870071411e-01
2.818807214498519897e-02
6.981435418128967285e-02
5.496691912412643433e-02
4.592294991016387939e-02
1.324557512998580933e-01
7.742591202259063721e-02
1.828969419002532959e-01
7.428460568189620972e-02
4.631449654698371887e-02
8.625253289937973022e-02
1.021039411425590515e-01
5.057764798402786255e-02
8.989598602056503296e-02
1.185916364192962646e-01
4.593791440129280090e-02
9.562464058399200439e-02
3.734273016452789307e-01
9.570623934268951416e-02
8.833170682191848755e-02
1.830040812492370605e-01
2.573948167264461517e-02
5.204237625002861023e-02
6.631193310022354126e-02
1.376737505197525024e-01
1.256786584854125977e-01
4.110390320420265198e-02
5.763736739754676819e-02
5.546398460865020752e-02
1.446511149406433105e-01
1.393643170595169067e-01
8.864381909370422363e-02
4.766485840082168579e-02
2.426759004592895508e-01
5.349869281053543091e-02
8.009708672761917114e-02
8.788292109966278076e-02
2.162236124277114868e-01
2.521769888699054718e-02
9.312333911657333374e-02
6.566582620143890381e-02
5.357825011014938354e-02
7.076805830001831055e-02
6.293481588363647461e-02
1.933822967112064362e-02
4.988520219922065735e-02
8.688099682331085205e-02
1.197654008865356445e-01
3.856651857495307922e-02
3.219236060976982117e-02
1.243522837758064270e-01
8.296055346727371216e-02
3.013117983937263489e-02
5.488900840282440186e-02
9.205079078674316406e-02
1.953417211771011353e-01
1.284818947315216064e-01
8.060538023710250854e-02
3.004954569041728973e-02
7.790315151214599609e-02
1.277350485324859619e-01
1.667532473802566528e-01
1.485999971628189087e-01
1.235132962465286255e-01
5.842943117022514343e-02
1.300138831138610840e-01
1.378550976514816284e-01
5.409239977598190308e-02
9.147784113883972168e-02
5.742671713232994080e-02
4.365044459700584412e-02
3.885501921176910400e-01
7.579759955406188965e-01
3.124881908297538757e-02
6.887189298868179321e-02
1.177553683519363403e-01
3.977670520544052124e-02
9.864559769630432129e-02
1.739127933979034424e-02
3.976709023118019104e-02
7.099433988332748413e-02
6.736692041158676147e-02
5.013363957405090332e-01
3.284234181046485901e-02
4.435926303267478943e-02
6.364902108907699585e-02
5.472137778997421265e-02
5.341289937496185303e-02
5.332696065306663513e-02
6.171962991356849670e-02
1.382731050252914429e-01
9.586773812770843506e-02
6.300759315490722656e-02
3.553148731589317322e-02
1.195309832692146301e-01
9.122607111930847168e-02
7.671625167131423950e-02
6.002774089574813843e-02
8.305205404758453369e-02
6.269559264183044434e-02
8.415395021438598633e-02
9.548254311084747314e-02
1.097190976142883301e-01
1.154760494828224182e-01
8.171884715557098389e-02
1.086989864706993103e-01
4.320346564054489136e-02
1.898161880671977997e-02
6.440103054046630859e-02
1.260886341333389282e-01
7.192803919315338135e-02
8.538243919610977173e-02
9.461732953786849976e-02
9.989308714866638184e-01
9.922801256179809570e-01
1.411939412355422974e-01
6.375333666801452637e-02
3.395360410213470459e-01
1.338395029306411743e-01
1.553923189640045166e-01
2.054719626903533936e-01
1.833726167678833008e-01
1.146771237254142761e-01
6.478818506002426147e-02
1.113491877913475037e-01
6.346791982650756836e-02
3.100484311580657959e-01
2.534348890185356140e-02
3.067692928016185760e-02
1.138707920908927917e-01
2.402657121419906616e-01
4.474879801273345947e-02
4.129711091518402100e-01
1.433532387018203735e-01
3.686235472559928894e-02
3.502371907234191895e-02
2.845509722828865051e-02
7.285314053297042847e-02
2.356563955545425415e-01
2.581413686275482178e-01
6.465314328670501709e-02
8.355024456977844238e-02
7.479713112115859985e-02
1.040470749139785767e-01
8.858489990234375000e-02
5.917650833725929260e-02
5.291552841663360596e-02
1.466748714447021484e-01
1.110828816890716553e-01
6.055778637528419495e-02
6.045608595013618469e-02
6.944081187248229980e-02
8.909407258033752441e-02
8.765401691198348999e-02
3.878124058246612549e-02
7.089032232761383057e-02
4.951900988817214966e-02
4.287945330142974854e-01
1.049688011407852173e-01
8.539873361587524414e-02
5.845086276531219482e-02
9.394436329603195190e-02
1.806259714066982269e-02
1.231648474931716919e-01
1.278349757194519043e-01
6.782804429531097412e-02
1.024033278226852417e-01
4.412261024117469788e-02
8.415432274341583252e-02
2.466709464788436890e-01
2.423032373189926147e-01
3.736226856708526611e-01
3.952057287096977234e-02
9.758107364177703857e-02
4.192054271697998047e-02
5.556855723261833191e-02
8.248533308506011963e-02
5.370964482426643372e-02
7.292299717664718628e-02
6.896849721670150757e-02
9.176030755043029785e-01
9.942469000816345215e-01
2.528192996978759766e-01
1.025530397891998291e-01
5.733166635036468506e-02
1.645590364933013916e-01
8.079002052545547485e-02
2.294203937053680420e-01
3.415596485137939453e-02
1.046521961688995361e-01
4.518377408385276794e-02
6.722794473171234131e-02
5.217988044023513794e-02
9.857045114040374756e-02
1.266845166683197021e-01
5.900799110531806946e-02
4.268562048673629761e-02
8.688592910766601562e-02
5.292320996522903442e-02
1.930540949106216431e-01
9.832986444234848022e-02
1.323290765285491943e-01
6.830586493015289307e-02
9.547683596611022949e-02
4.910972714424133301e-02
8.904441446065902710e-02
3.888254240155220032e-02
1.204937174916267395e-01
2.374303489923477173e-01
1.092810332775115967e-01
9.889192134141921997e-02
4.266806691884994507e-02
9.469241648912429810e-02
4.112879186868667603e-02
4.554174467921257019e-02
7.255166769027709961e-02
3.536935895681381226e-02
9.774275124073028564e-02
3.414923325181007385e-02
1.140264719724655151e-01
8.594921231269836426e-02
3.968464583158493042e-02
1.033500134944915771e-01
1.150388643145561218e-01
7.258881628513336182e-02
9.312368929386138916e-02
3.297572955489158630e-02
4.565509781241416931e-02
7.410586625337600708e-02
4.028357192873954773e-02
1.445449143648147583e-01
2.105157077312469482e-01
1.302960067987442017e-01
7.206609845161437988e-02
1.276855021715164185e-01
3.293772041797637939e-02
7.611516863107681274e-02
8.160056918859481812e-02
6.880024075508117676e-02
1.352040916681289673e-01
2.059697806835174561e-01
1.159241348505020142e-01
8.829877525568008423e-02
6.541687250137329102e-02
2.904892712831497192e-02
1.508965790271759033e-01
4.963618218898773193e-01
4.972246289253234863e-02
4.430652409791946411e-02
9.442462027072906494e-02
2.234254628419876099e-01
4.637363925576210022e-02
1.251327544450759888e-01
3.031467087566852570e-02
1.610629409551620483e-01
3.138217329978942871e-01
3.479668498039245605e-01
3.552740067243576050e-02
3.467749357223510742e-01
2.875505089759826660e-01
2.518720552325248718e-02
7.646004110574722290e-02
7.772143185138702393e-02
2.501605451107025146e-01
1.382753998041152954e-02
2.148029580712318420e-02
5.942043289542198181e-02
5.293078348040580750e-02
9.277515858411788940e-02
3.305011689662933350e-01
1.897314339876174927e-01
2.103228271007537842e-01
4.118357971310615540e-02
5.347127467393875122e-02
9.138212352991104126e-02
6.075533106923103333e-02
1.985112428665161133e-01
1.325228214263916016e-01
6.673655658960342407e-02
5.120747536420822144e-02
8.643279224634170532e-02
1.457578390836715698e-01
3.282065689563751221e-01
8.318884372711181641e-01
1.130389794707298279e-01
3.772557526826858521e-02
4.149308800697326660e-02
8.365856111049652100e-02
1.791716068983078003e-01
2.673256695270538330e-01
3.431337773799896240e-01
2.374089211225509644e-01
4.862052947282791138e-02
4.628251492977142334e-02
1.290541589260101318e-01
2.007700055837631226e-01
1.028626188635826111e-01
1.639929115772247314e-01
1.064205095171928406e-01
1.236568242311477661e-01
3.625902831554412842e-01
8.896781206130981445e-01
8.704389929771423340e-01
5.013567209243774414e-01
6.125465035438537598e-01
7.305518537759780884e-02
8.345760405063629150e-02
4.564012214541435242e-02
1.226976811885833740e-01
1.368192136287689209e-01
5.751860514283180237e-02
3.318164497613906860e-02
7.845785468816757202e-02
5.317169800400733948e-02
5.808864906430244446e-02
5.715749785304069519e-02
4.793833196163177490e-02
3.627594932913780212e-02
1.655628345906734467e-02
5.517333000898361206e-02
9.594174474477767944e-02
1.564258933067321777e-01
1.821456998586654663e-01
9.458253532648086548e-02
1.042311787605285645e-01
2.218516618013381958e-01
7.646246999502182007e-02
9.603931754827499390e-02
1.507946848869323730e-01
9.244561195373535156e-02
6.864128261804580688e-02
9.214981645345687866e-02
7.988191395998001099e-02
1.025778576731681824e-01
1.234509423375129700e-01
7.595396041870117188e-02
6.869008392095565796e-02
7.347311824560165405e-03
1.202627271413803101e-01
6.512444466352462769e-02
5.471553280949592590e-02
4.673882201313972473e-02
2.775428816676139832e-02
6.472799926996231079e-02
6.997057050466537476e-02
9.140744209289550781e-01
3.082835376262664795e-01
8.980662822723388672e-01
4.364339113235473633e-01
1.641210466623306274e-01
8.819669485092163086e-02
8.509585261344909668e-02
9.294334799051284790e-02
9.903396964073181152e-01
9.467401504516601562e-01
8.014769852161407471e-02
9.474158287048339844e-02
1.208071634173393250e-01
9.055961668491363525e-02
8.020515739917755127e-02
7.345605641603469849e-02
6.998880207538604736e-02
2.483313381671905518e-01
8.215638250112533569e-02
3.913315758109092712e-02
7.945179939270019531e-02
1.891140453517436981e-02
1.292853243649005890e-02
4.608763381838798523e-02
8.551315963268280029e-02
1.889338344335556030e-01
7.892733812332153320e-02
2.194580584764480591e-01
3.123904764652252197e-01
5.805467441678047180e-02
8.459704369306564331e-02
3.535031527280807495e-02
8.319445699453353882e-02
9.398291260004043579e-02
9.647839516401290894e-02
8.313768357038497925e-02
5.981524661183357239e-02
6.884104013442993164e-02
5.379403755068778992e-02
2.662268094718456268e-02
4.406787827610969543e-02
5.472620204091072083e-02
6.089150309562683105e-01
5.113821029663085938e-01
4.935166239738464355e-01
6.720279902219772339e-02
6.239755079150199890e-02
4.140930622816085815e-02
9.493392705917358398e-02
6.182622537016868591e-02
2.345715276896953583e-02
4.871134087443351746e-02
6.014814600348472595e-02
2.932115830481052399e-02
7.669254392385482788e-02
7.314905524253845215e-02
1.073552668094635010e-01
7.103928327560424805e-01
4.566525295376777649e-02
1.013439968228340149e-01
2.990425527095794678e-01
8.722434043884277344e-01
1.053664013743400574e-01
1.139349341392517090e-01
6.723067909479141235e-02
3.993858769536018372e-02
1.488668322563171387e-01
1.152592897415161133e-01
7.059518992900848389e-02
7.971328496932983398e-02
9.637249261140823364e-02
3.576665744185447693e-02
1.016374975442886353e-01
9.000670164823532104e-02
1.927645355463027954e-01
3.383907675743103027e-02
3.157168030738830566e-01
4.959375411272048950e-02
8.757481724023818970e-02
7.483149766921997070e-01
5.371827483177185059e-01
1.152622178196907043e-01
1.252511888742446899e-01
7.563513517379760742e-02
1.093076765537261963e-01
1.504941582679748535e-01
6.785377860069274902e-02
5.348316207528114319e-02
1.140398830175399780e-01
4.065782204270362854e-02
5.349961668252944946e-02
5.257157236337661743e-02
6.595188379287719727e-01
8.167938590049743652e-01
1.671122759580612183e-01
8.939050436019897461e-01
4.484584331512451172e-01
6.621567904949188232e-02
5.155854672193527222e-02
1.195589900016784668e-01
1.743626147508621216e-01
2.548015117645263672e-02
3.648722469806671143e-01
4.727451130747795105e-02
3.801369294524192810e-02
9.543733298778533936e-02
1.312841325998306274e-01
5.208824202418327332e-02
1.102651208639144897e-01
2.547659352421760559e-02
5.198309198021888733e-02
5.798060074448585510e-02
1.080519929528236389e-01
3.366809710860252380e-02
6.970894336700439453e-02
7.097943872213363647e-02
1.141490563750267029e-01
8.102042227983474731e-02
1.412430405616760254e-01
8.038873225450515747e-02
1.140069514513015747e-01
7.855528593063354492e-02
6.466970592737197876e-02
8.938427269458770752e-02
5.786491036415100098e-01
3.102457821369171143e-01
1.474417001008987427e-01
2.463115304708480835e-01
1.634382158517837524e-01
1.867227256298065186e-01
2.819758057594299316e-01
2.083687633275985718e-01
2.143140733242034912e-01
8.554096519947052002e-02
1.419577300548553467e-01
5.176467895507812500e-01
3.652734681963920593e-02
4.324372112751007080e-02
9.963533282279968262e-02
4.157702997326850891e-02
1.987054646015167236e-01
6.416884064674377441e-02
8.014498651027679443e-02
6.337333470582962036e-02
6.093706563115119934e-02
1.440576016902923584e-01
1.211947500705718994e-01
4.628890156745910645e-01
6.375501155853271484e-01
1.256268620491027832e-01
5.672693252563476562e-02
8.465739339590072632e-02
5.399527400732040405e-02
7.020743936300277710e-02
7.323278486728668213e-02
5.826749280095100403e-02
7.537040859460830688e-02
5.996137484908103943e-02
2.687516622245311737e-02
1.442275047302246094e-01
6.709246337413787842e-02
1.505339145660400391e-01
1.452187001705169678e-01
7.612405717372894287e-02
5.925869569182395935e-02
1.129049435257911682e-01
1.586214005947113037e-01
1.915220320224761963e-01
4.848423600196838379e-02
5.744877830147743225e-02
1.113652959465980530e-01
1.397517621517181396e-01
1.156674996018409729e-01
7.011444121599197388e-02
3.447098657488822937e-02
8.539474010467529297e-01
7.535974979400634766e-01
3.660581633448600769e-02
6.802398711442947388e-02
5.127347633242607117e-02
1.498423814773559570e-01
4.640667513012886047e-02
1.141380742192268372e-01
6.713257730007171631e-02
7.394494116306304932e-02
7.281701266765594482e-02
4.789569228887557983e-02
2.000409811735153198e-01
1.204099953174591064e-01
5.279805511236190796e-02
8.437589555978775024e-02
2.885944582521915436e-02
6.155956909060478210e-02
4.266892373561859131e-02
1.167505085468292236e-01
4.204282164573669434e-02
1.216272190213203430e-01
7.578399777412414551e-02
3.632343113422393799e-01
4.419427737593650818e-02
1.001688018441200256e-01
6.095673143863677979e-02
4.460326582193374634e-02
3.588425517082214355e-01
5.424344539642333984e-02
7.772792875766754150e-02
1.095691844820976257e-01
1.747553646564483643e-01
4.890515282750129700e-02
4.404457286000251770e-02
5.109072923660278320e-01
1.346451938152313232e-01
5.642892792820930481e-02
9.306510537862777710e-02
2.440604120492935181e-01
2.027977705001831055e-01
5.192324891686439514e-02
5.814671516418457031e-02
1.013242155313491821e-01
1.130998134613037109e-01
7.025986909866333008e-02
2.555220387876033783e-02
9.064105898141860962e-02
8.468791097402572632e-02
5.844661593437194824e-02
7.607125490903854370e-02
7.742997258901596069e-02
3.779669851064682007e-02
6.349036842584609985e-02
1.311416476964950562e-01
7.148288190364837646e-02
3.064345717430114746e-01
1.139458790421485901e-01
6.088136881589889526e-02
1.164696440100669861e-01
5.452728867530822754e-01
2.583267688751220703e-01
5.721946060657501221e-02
1.733403801918029785e-01
4.068075492978096008e-02
5.563599988818168640e-02
9.592589735984802246e-02
9.668111205101013184e-01
3.446680307388305664e-01
4.640467092394828796e-02
7.221066355705261230e-01
8.338347077369689941e-01
8.441768586635589600e-02
6.033609807491302490e-02
9.401538223028182983e-02
6.007125601172447205e-02
1.885990649461746216e-01
6.897290796041488647e-02
5.262879282236099243e-02
1.195379868149757385e-01
2.043144106864929199e-01
7.522804141044616699e-01
1.428525894880294800e-01
1.287766695022583008e-01
4.760865494608879089e-02
1.637605018913745880e-02
8.718698471784591675e-02
2.419811040163040161e-01
6.049436330795288086e-01
9.647701382637023926e-01
