9.116279333829879761e-02
3.528883680701255798e-02
1.025235876441001892e-01
3.591990098357200623e-02
2.095631137490272522e-02
8.360199630260467529e-02
1.219160556793212891e-01
7.865015417337417603e-02
7.963257282972335815e-02
3.536454588174819946e-02
4.351750016212463379e-02
3.926463425159454346e-02
1.040067449212074280e-01
7.216338068246841431e-02
2.304951697587966919e-01
8.204630613327026367e-01
5.308709144592285156e-01
2.312323898077011108e-01
1.273462027311325073e-01
1.059660613536834717e-01
4.875246435403823853e-02
1.582843363285064697e-01
8.431626111268997192e-02
8.072170615196228027e-02
8.960420638322830200e-02
1.886042207479476929e-01
2.640612423419952393e-02
3.523223102092742920e-02
3.991872966289520264e-01
1.808471381664276123e-01
4.668721929192543030e-02
2.722143754363059998e-02
2.523853480815887451e-01
8.209124952554702759e-02
9.534136205911636353e-02
3.330175206065177917e-02
7.022876143455505371e-01
7.693529725074768066e-01
1.394813209772109985e-01
7.529803514480590820e-01
2.030667662620544434e-01
2.535104937851428986e-02
8.647610247135162354e-02
1.076623126864433289e-01
1.157087162137031555e-01
6.562787294387817383e-02
1.146726533770561218e-01
7.208056002855300903e-02
4.518899321556091309e-02
6.552003026008605957e-01
5.879683047533035278e-02
4.216569662094116211e-02
5.599964410066604614e-02
3.139950037002563477e-01
1.960962861776351929e-01
5.046555772423744202e-02
1.700266897678375244e-01
1.205228567123413086e-01
1.861193627119064331e-01
3.293411731719970703e-01
8.739196509122848511e-02
9.173563867807388306e-02
6.591088324785232544e-02
7.316063344478607178e-02
7.604733109474182129e-02
1.672991923987865448e-02
2.760339528322219849e-02
4.267303943634033203e-01
9.907285124063491821e-02
2.175448089838027954e-01
3.070769831538200378e-02
1.685906387865543365e-02
5.274611711502075195e-02
1.015183553099632263e-01
8.609940409660339355e-01
1.712593287229537964e-01
1.416259258985519409e-01
4.357010871171951294e-02
1.839963942766189575e-01
2.635155618190765381e-01
4.199583828449249268e-02
7.283525168895721436e-02
1.039133667945861816e-01
1.388872265815734863e-01
2.806177921593189240e-02
1.847112923860549927e-01
9.924497604370117188e-01
2.917749434709548950e-02
8.430385589599609375e-02
2.313076257705688477e-01
2.320297360420227051e-01
1.798344403505325317e-01
1.099451333284378052e-01
6.010314077138900757e-02
3.532542660832405090e-02
4.129911586642265320e-02
1.749387085437774658e-01
1.188216656446456909e-01
4.799295961856842041e-02
3.562294319272041321e-02
2.996671497821807861e-01
9.000873565673828125e-02
5.792801380157470703e-01
2.095384523272514343e-02
7.427032291889190674e-02
6.106730923056602478e-02
8.626884967088699341e-02
4.223361238837242126e-02
1.711665391921997070e-01
3.317835032939910889e-01
9.931469708681106567e-02
9.038392454385757446e-02
3.802527859807014465e-02
5.225111544132232666e-02
4.254554510116577148e-01
5.388835072517395020e-01
2.130905985832214355e-01
2.069400548934936523e-01
3.484764695167541504e-01
8.163375854492187500e-01
4.896781742572784424e-01
6.040638685226440430e-02
1.015184819698333740e-01
1.096391528844833374e-01
9.955428540706634521e-02
2.309554815292358398e-01
4.519236832857131958e-02
1.908258646726608276e-01
4.978702589869499207e-02
9.741672873497009277e-02
7.235568761825561523e-02
4.934311285614967346e-02
1.158081144094467163e-01
5.176967754960060120e-02
4.485011100769042969e-02
1.494429558515548706e-01
1.924621909856796265e-01
5.813906341791152954e-02
5.791776627302169800e-02
1.006306409835815430e-01
1.534118950366973877e-01
2.519702911376953125e-01
5.399584025144577026e-02
5.610617995262145996e-02
6.343289017677307129e-01
7.894036173820495605e-01
1.884166598320007324e-01
5.505351349711418152e-02
5.774224922060966492e-02
1.995220333337783813e-01
5.385338515043258667e-02
6.844881176948547363e-02
5.531559884548187256e-02
6.927745044231414795e-02
4.981798306107521057e-02
1.117173209786415100e-01
2.584077119827270508e-01
4.237616658210754395e-01
6.485543400049209595e-02
8.660672903060913086e-01
5.712373182177543640e-02
4.491459950804710388e-02
8.586695045232772827e-02
5.418347939848899841e-02
2.274915203452110291e-02
5.552201345562934875e-02
1.688923090696334839e-01
5.387595295906066895e-02
1.045632138848304749e-01
8.164295554161071777e-01
2.441739588975906372e-01
7.453940808773040771e-02
3.448467850685119629e-01
2.154992222785949707e-01
9.036418795585632324e-01
5.978044867515563965e-02
1.824352443218231201e-01
7.161951661109924316e-01
9.889131039381027222e-02
2.599298655986785889e-01
4.762640222907066345e-02
4.746421054005622864e-02
5.900423228740692139e-02
5.942040681838989258e-02
9.645561873912811279e-02
4.654107615351676941e-02
4.296316951513290405e-02
6.696102768182754517e-02
4.912974312901496887e-02
5.194557458162307739e-02
4.003846645355224609e-02
2.344833463430404663e-01
5.524560809135437012e-02
1.013813614845275879e-01
1.962585747241973877e-02
1.572835296392440796e-01
9.218229353427886963e-02
1.805946230888366699e-01
1.588616669178009033e-01
9.490383863449096680e-01
1.286630928516387939e-01
1.164889037609100342e-01
5.490294098854064941e-02
4.517775774002075195e-01
6.374582648277282715e-01
1.777493804693222046e-01
7.905957102775573730e-02
6.423405557870864868e-02
7.082914561033248901e-02
9.547924995422363281e-02
5.334074497222900391e-01
3.191273659467697144e-02
7.007933408021926880e-02
6.217823550105094910e-02
3.530874103307723999e-02
1.576116830110549927e-01
8.874990791082382202e-02
5.933871492743492126e-02
8.994892984628677368e-02
9.377205371856689453e-01
9.992738366127014160e-01
4.178583249449729919e-02
1.752435863018035889e-01
2.916149497032165527e-01
1.344960927963256836e-01
7.752958685159683228e-02
6.892172992229461670e-02
7.587136030197143555e-01
9.556522965431213379e-01
1.849354989826679230e-02
1.782667040824890137e-01
7.990916818380355835e-02
1.172111108899116516e-01
2.067769020795822144e-01
8.780029416084289551e-02
3.722181543707847595e-02
4.717968031764030457e-02
5.628328025341033936e-02
8.340744674205780029e-02
4.688012227416038513e-02
9.226318448781967163e-02
3.498349338769912720e-02
4.819558933377265930e-02
9.870049357414245605e-01
9.940555095672607422e-01
4.834155738353729248e-01
7.095764875411987305e-01
9.557191282510757446e-02
7.148141413927078247e-02
6.430746316909790039e-01
4.024710506200790405e-02
3.210887312889099121e-01
2.368732839822769165e-01
9.747629165649414062e-01
7.627009153366088867e-01
2.844430804252624512e-01
8.464082479476928711e-01
2.422930672764778137e-02
1.818034052848815918e-02
6.198434531688690186e-02
2.771999835968017578e-01
9.265387803316116333e-02
1.313920617103576660e-01
7.944391667842864990e-02
8.134716004133224487e-02
3.091927431523799896e-02
3.977432847023010254e-02
1.906630098819732666e-01
3.423898816108703613e-01
3.885963559150695801e-02
1.957244575023651123e-01
3.167684003710746765e-02
4.850966632366180420e-01
9.934056997299194336e-01
2.123875468969345093e-01
5.459855124354362488e-02
8.860424757003784180e-01
3.463666141033172607e-02
1.121943444013595581e-01
6.848341971635818481e-02
1.294329166412353516e-01
2.536252439022064209e-01
9.255833923816680908e-02
3.679548501968383789e-01
1.677912026643753052e-01
4.028392136096954346e-01
9.666750431060791016e-01
1.325664203613996506e-02
4.285094514489173889e-02
5.390542745590209961e-02
7.902679592370986938e-02
6.219282373785972595e-02
1.530424058437347412e-01
2.101229578256607056e-01
5.249921604990959167e-02
1.710912138223648071e-01
7.967985421419143677e-02
2.894866466522216797e-02
4.279910922050476074e-01
1.476296335458755493e-01
1.185690686106681824e-01
1.397930085659027100e-01
3.720780462026596069e-02
4.174324497580528259e-02
3.080048039555549622e-02
2.263731658458709717e-01
5.610662326216697693e-02
4.263322427868843079e-02
3.859460726380348206e-02
2.583030164241790771e-01
2.932650446891784668e-01
5.276641622185707092e-02
9.877845048904418945e-01
9.437704086303710938e-01
2.079792767763137817e-01
5.833736434578895569e-02
1.265199631452560425e-01
8.244121074676513672e-02
8.618669956922531128e-02
2.591404318809509277e-02
9.739362448453903198e-02
7.072252035140991211e-02
3.621062040328979492e-01
8.486687391996383667e-02
1.831474900245666504e-01
8.751137554645538330e-02
7.488100230693817139e-02
8.286037296056747437e-02
5.848618596792221069e-02
7.861842215061187744e-02
5.288077890872955322e-02
3.777462840080261230e-01
8.003843575716018677e-02
4.288688302040100098e-02
2.799295485019683838e-01
8.748357295989990234e-01
1.940173953771591187e-01
2.745684050023555756e-02
3.324740007519721985e-02
1.076881736516952515e-01
9.348572492599487305e-01
9.247549772262573242e-01
9.999611377716064453e-01
1.230663806200027466e-01
1.733679324388504028e-01
3.517564833164215088e-01
7.845508307218551636e-02
6.136155873537063599e-02
6.346755474805831909e-02
8.335709571838378906e-02
9.524021297693252563e-02
1.141273304820060730e-01
2.379544675350189209e-01
5.205585807561874390e-02
1.056442186236381531e-01
8.211086690425872803e-02
1.048642918467521667e-01
2.823280692100524902e-01
1.059672608971595764e-01
1.989158242940902710e-01
1.000397205352783203e-01
4.559173062443733215e-02
9.116607904434204102e-02
3.104716837406158447e-01
3.974285125732421875e-01
8.844032883644104004e-02
2.949566021561622620e-02
8.583167940378189087e-02
4.948208108544349670e-02
7.458116114139556885e-02
2.931260764598846436e-01
3.763885796070098877e-02
2.277081310749053955e-01
8.782784640789031982e-02
4.419939592480659485e-02
