9.804920852184295654e-02
7.724409103393554688e-01
9.845314621925354004e-01
7.896935343742370605e-01
9.960888624191284180e-01
2.961348295211791992e-01
3.288313746452331543e-01
1.264129728078842163e-01
6.559510529041290283e-02
1.237606555223464966e-01
4.000928252935409546e-02
6.941108405590057373e-02
7.523762434720993042e-02
1.749747544527053833e-01
2.756299078464508057e-01
1.105850860476493835e-01
1.309135407209396362e-01
1.379421353340148926e-01
9.254373610019683838e-02
5.629550665616989136e-02
5.368758738040924072e-02
6.798081994056701660e-01
6.651475429534912109e-01
1.007568091154098511e-01
5.742421373724937439e-02
4.465188458561897278e-02
8.349902927875518799e-02
3.013932704925537109e-02
9.116279333829879761e-02
3.528883680701255798e-02
1.025235876441001892e-01
3.591990098357200623e-02
2.095631137490272522e-02
8.360199630260467529e-02
1.219160556793212891e-01
7.865015417337417603e-02
7.963257282972335815e-02
3.536454588174819946e-02
4.351750016212463379e-02
3.926463425159454346e-02
1.040067449212074280e-01
7.216338068246841431e-02
2.304951697587966919e-01
8.204630613327026367e-01
5.308709144592285156e-01
2.312323898077011108e-01
1.273462027311325073e-01
1.059660613536834717e-01
4.875246435403823853e-02
1.582843363285064697e-01
8.431626111268997192e-02
8.072170615196228027e-02
8.960420638322830200e-02
1.886042207479476929e-01
2.640612423419952393e-02
3.523223102092742920e-02
3.991872966289520264e-01
1.808471381664276123e-01
4.668721929192543030e-02
2.722143754363059998e-02
2.523853480815887451e-01
8.209124952554702759e-02
9.534136205911636353e-02
3.330175206065177917e-02
7.022876143455505371e-01
7.693529725074768066e-01
1.394813209772109985e-01
7.529803514480590820e-01
2.030667662620544434e-01
2.535104937851428986e-02
8.647610247135162354e-02
1.076623126864433289e-01
1.157087162137031555e-01
6.562787294387817383e-02
1.146726533770561218e-01
7.208056002855300903e-02
4.518899321556091309e-02
6.552003026008605957e-01
5.879683047533035278e-02
4.216569662094116211e-02
5.599964410066604614e-02
3.139950037002563477e-01
1.960962861776351929e-01
5.046555772423744202e-02
1.700266897678375244e-01
1.205228567123413086e-01
1.861193627119064331e-01
3.293411731719970703e-01
8.739196509122848511e-02
9.173563867807388306e-02
6.591088324785232544e-02
7.316063344478607178e-02
7.604733109474182129e-02
1.672991923987865448e-02
2.760339528322219849e-02
4.267303943634033203e-01
9.907285124063491821e-02
2.175448089838027954e-01
3.070769831538200378e-02
1.685906387865543365e-02
5.274611711502075195e-02
1.015183553099632263e-01
8.609940409660339355e-01
1.712593287229537964e-01
1.416259258985519409e-01
4.357010871171951294e-02
1.839963942766189575e-01
2.635155618190765381e-01
4.199583828449249268e-02
7.283525168895721436e-02
1.039133667945861816e-01
1.388872265815734863e-01
2.806177921593189240e-02
1.847112923860549927e-01
9.924497604370117188e-01
2.917749434709548950e-02
8.430385589599609375e-02
2.313076257705688477e-01
2.320297360420227051e-01
1.798344403505325317e-01
1.099451333284378052e-01
6.010314077138900757e-02
3.532542660832405090e-02
4.129911586642265320e-02
1.749387085437774658e-01
1.188216656446456909e-01
4.799295961856842041e-02
3.562294319272041321e-02
2.996671497821807861e-01
9.000873565673828125e-02
5.792801380157470703e-01
2.095384523272514343e-02
7.427032291889190674e-02
6.106730923056602478e-02
8.626884967088699341e-02
4.223361238837242126e-02
1.711665391921997070e-01
3.317835032939910889e-01
9.931469708681106567e-02
9.038392454385757446e-02
3.802527859807014465e-02
5.225111544132232666e-02
4.254554510116577148e-01
5.388835072517395020e-01
2.130905985832214355e-01
2.069400548934936523e-01
3.484764695167541504e-01
8.163375854492187500e-01
4.896781742572784424e-01
6.040638685226440430e-02
1.015184819698333740e-01
1.096391528844833374e-01
9.955428540706634521e-02
2.309554815292358398e-01
4.519236832857131958e-02
1.908258646726608276e-01
4.978702589869499207e-02
9.741672873497009277e-02
7.235568761825561523e-02
4.934311285614967346e-02
1.158081144094467163e-01
5.176967754960060120e-02
4.485011100769042969e-02
1.494429558515548706e-01
1.924621909856796265e-01
5.813906341791152954e-02
5.791776627302169800e-02
1.006306409835815430e-01
1.534118950366973877e-01
2.519702911376953125e-01
5.399584025144577026e-02
5.610617995262145996e-02
6.343289017677307129e-01
7.894036173820495605e-01
1.884166598320007324e-01
5.505351349711418152e-02
5.774224922060966492e-02
1.995220333337783813e-01
5.385338515043258667e-02
6.844881176948547363e-02
5.531559884548187256e-02
6.927745044231414795e-02
4.981798306107521057e-02
1.117173209786415100e-01
2.584077119827270508e-01
4.237616658210754395e-01
6.485543400049209595e-02
8.660672903060913086e-01
5.712373182177543640e-02
4.491459950804710388e-02
8.586695045232772827e-02
5.418347939848899841e-02
2.274915203452110291e-02
5.552201345562934875e-02
1.688923090696334839e-01
5.387595295906066895e-02
1.045632138848304749e-01
8.164295554161071777e-01
2.441739588975906372e-01
7.453940808773040771e-02
3.448467850685119629e-01
2.154992222785949707e-01
9.036418795585632324e-01
5.978044867515563965e-02
1.824352443218231201e-01
7.161951661109924316e-01
9.889131039381027222e-02
2.599298655986785889e-01
4.762640222907066345e-02
4.746421054005622864e-02
5.900423228740692139e-02
5.942040681838989258e-02
9.645561873912811279e-02
4.654107615351676941e-02
4.296316951513290405e-02
6.696102768182754517e-02
4.912974312901496887e-02
5.194557458162307739e-02
4.003846645355224609e-02
2.344833463430404663e-01
5.524560809135437012e-02
1.013813614845275879e-01
1.962585747241973877e-02
1.572835296392440796e-01
9.218229353427886963e-02
1.805946230888366699e-01
1.588616669178009033e-01
9.490383863449096680e-01
1.286630928516387939e-01
1.164889037609100342e-01
5.490294098854064941e-02
4.517775774002075195e-01
6.374582648277282715e-01
1.777493804693222046e-01
7.905957102775573730e-02
6.423405557870864868e-02
7.082914561033248901e-02
9.547924995422363281e-02
5.334074497222900391e-01
3.191273659467697144e-02
7.007933408021926880e-02
6.217823550105094910e-02
3.530874103307723999e-02
1.576116830110549927e-01
8.874990791082382202e-02
5.933871492743492126e-02
8.994892984628677368e-02
9.377205371856689453e-01
9.992738366127014160e-01
4.178583249449729919e-02
1.752435863018035889e-01
2.916149497032165527e-01
1.344960927963256836e-01
7.752958685159683228e-02
6.892172992229461670e-02
7.587136030197143555e-01
9.556522965431213379e-01
1.849354989826679230e-02
1.782667040824890137e-01
7.990916818380355835e-02
1.172111108899116516e-01
2.067769020795822144e-01
8.780029416084289551e-02
3.722181543707847595e-02
4.717968031764030457e-02
5.628328025341033936e-02
8.340744674205780029e-02
4.688012227416038513e-02
9.226318448781967163e-02
3.498349338769912720e-02
4.819558933377265930e-02
9.870049357414245605e-01
9.940555095672607422e-01
4.834155738353729248e-01
7.095764875411987305e-01
9.557191282510757446e-02
7.148141413927078247e-02
6.430746316909790039e-01
4.024710506200790405e-02
3.210887312889099121e-01
2.368732839822769165e-01
9.747629165649414062e-01
7.627009153366088867e-01
2.844430804252624512e-01
8.464082479476928711e-01
2.422930672764778137e-02
1.818034052848815918e-02
6.198434531688690186e-02
2.771999835968017578e-01
9.265387803316116333e-02
1.313920617103576660e-01
7.944391667842864990e-02
8.134716004133224487e-02
3.091927431523799896e-02
3.977432847023010254e-02
1.906630098819732666e-01
3.423898816108703613e-01
3.885963559150695801e-02
1.957244575023651123e-01
3.167684003710746765e-02
4.850966632366180420e-01
9.934056997299194336e-01
2.123875468969345093e-01
5.459855124354362488e-02
8.860424757003784180e-01
3.463666141033172607e-02
1.121943444013595581e-01
6.848341971635818481e-02
1.294329166412353516e-01
2.536252439022064209e-01
9.255833923816680908e-02
3.679548501968383789e-01
1.677912026643753052e-01
4.028392136096954346e-01
9.666750431060791016e-01
1.325664203613996506e-02
4.285094514489173889e-02
5.390542745590209961e-02
7.902679592370986938e-02
6.219282373785972595e-02
1.530424058437347412e-01
2.101229578256607056e-01
5.249921604990959167e-02
1.710912138223648071e-01
7.967985421419143677e-02
2.894866466522216797e-02
4.279910922050476074e-01
1.476296335458755493e-01
1.185690686106681824e-01
1.397930085659027100e-01
3.720780462026596069e-02
4.174324497580528259e-02
3.080048039555549622e-02
2.263731658458709717e-01
5.610662326216697693e-02
4.263322427868843079e-02
3.859460726380348206e-02
2.583030164241790771e-01
2.932650446891784668e-01
5.276641622185707092e-02
9.877845048904418945e-01
9.437704086303710938e-01
2.079792767763137817e-01
5.833736434578895569e-02
1.265199631452560425e-01
8.244121074676513672e-02
8.618669956922531128e-02
2.591404318809509277e-02
9.739362448453903198e-02
7.072252035140991211e-02
3.621062040328979492e-01
8.486687391996383667e-02
1.831474900245666504e-01
8.751137554645538330e-02
7.488100230693817139e-02
8.286037296056747437e-02
5.848618596792221069e-02
7.861842215061187744e-02
5.288077890872955322e-02
3.777462840080261230e-01
8.003843575716018677e-02
4.288688302040100098e-02
2.799295485019683838e-01
8.748357295989990234e-01
1.940173953771591187e-01
2.745684050023555756e-02
3.324740007519721985e-02
1.076881736516952515e-01
9.348572492599487305e-01
9.247549772262573242e-01
9.999611377716064453e-01
1.230663806200027466e-01
1.733679324388504028e-01
3.517564833164215088e-01
7.845508307218551636e-02
6.136155873537063599e-02
6.346755474805831909e-02
8.335709571838378906e-02
9.524021297693252563e-02
1.141273304820060730e-01
2.379544675350189209e-01
5.205585807561874390e-02
1.056442186236381531e-01
8.211086690425872803e-02
1.048642918467521667e-01
2.823280692100524902e-01
1.059672608971595764e-01
1.989158242940902710e-01
1.000397205352783203e-01
4.559173062443733215e-02
9.116607904434204102e-02
3.104716837406158447e-01
3.974285125732421875e-01
8.844032883644104004e-02
2.949566021561622620e-02
8.583167940378189087e-02
4.948208108544349670e-02
7.458116114139556885e-02
2.931260764598846436e-01
3.763885796070098877e-02
2.277081310749053955e-01
8.782784640789031982e-02
4.419939592480659485e-02
2.070614993572235107e-01
4.797662049531936646e-02
1.948610395193099976e-01
1.341114491224288940e-01
1.322638392448425293e-01
1.218945309519767761e-01
1.126824766397476196e-01
5.589259788393974304e-02
7.259675860404968262e-02
5.262134224176406860e-02
1.002274230122566223e-01
4.747757688164710999e-02
5.603531002998352051e-02
4.387195408344268799e-02
3.835065364837646484e-01
2.115491628646850586e-01
8.521258831024169922e-02
1.105373501777648926e-01
1.125982552766799927e-01
5.215106904506683350e-02
4.673871397972106934e-02
1.418565362691879272e-01
8.965432047843933105e-01
9.353832602500915527e-01
6.217432767152786255e-02
2.671939320862293243e-02
5.801011621952056885e-02
8.773119002580642700e-02
6.856425851583480835e-02
6.879234313964843750e-01
6.077690124511718750e-01
5.494609475135803223e-02
1.381383240222930908e-01
7.974921911954879761e-02
4.903715476393699646e-02
4.456782042980194092e-01
1.004130840301513672e-01
2.163777500391006470e-01
6.208651885390281677e-02
3.760530427098274231e-02
8.031763881444931030e-02
4.370226562023162842e-01
4.497788250446319580e-01
1.247891187667846680e-01
3.822574391961097717e-02
3.790757060050964355e-02
2.790814824402332306e-02
1.152789145708084106e-01
5.452845618128776550e-02
9.606523066759109497e-02
5.059407353401184082e-01
2.735795080661773682e-01
7.984590530395507812e-02
6.312659382820129395e-02
9.487470239400863647e-02
8.749660104513168335e-02
1.124341785907745361e-01
2.618361636996269226e-02
1.457626372575759888e-01
2.147561684250831604e-02
9.102158248424530029e-02
1.083605140447616577e-01
7.966886162757873535e-01
8.373028784990310669e-02
1.624479293823242188e-01
4.171654582023620605e-03
8.801937103271484375e-02
5.294954404234886169e-02
6.899595260620117188e-02
4.718157276511192322e-02
1.043320819735527039e-01
2.997989356517791748e-01
3.626964241266250610e-02
1.083071380853652954e-01
2.885792031884193420e-02
1.711243763566017151e-02
4.848362877964973450e-02
5.686349421739578247e-02
1.207070648670196533e-01
8.240055292844772339e-02
4.107943922281265259e-02
9.150126576423645020e-01
8.830776214599609375e-01
2.260263264179229736e-02
4.441297054290771484e-01
6.293865293264389038e-02
1.033151596784591675e-01
4.006435349583625793e-02
8.911158144474029541e-02
1.660837084054946899e-01
2.229840457439422607e-01
7.883881777524948120e-02
6.703858822584152222e-02
8.337946981191635132e-02
5.739659070968627930e-02
9.141053557395935059e-01
9.963655471801757812e-01
3.412281870841979980e-01
9.023585319519042969e-01
9.173495173454284668e-01
8.188776671886444092e-02
4.072169065475463867e-01
4.843382239341735840e-01
3.743385896086692810e-02
2.442944049835205078e-02
6.612776964902877808e-02
6.967820227146148682e-02
1.336370855569839478e-01
7.957724928855895996e-01
2.933283746242523193e-01
2.861170470714569092e-01
1.136233359575271606e-01
6.068120151758193970e-02
4.023511707782745361e-02
2.051201760768890381e-01
3.374902009963989258e-01
1.442469656467437744e-01
2.784102223813533783e-02
3.318135738372802734e-01
3.079995810985565186e-01
4.222074896097183228e-02
9.452860355377197266e-01
9.953758716583251953e-01
7.424011826515197754e-02
6.175643578171730042e-02
2.104738540947437286e-02
5.075343847274780273e-01
2.549743838608264923e-02
3.684695437550544739e-02
1.676649004220962524e-01
1.549451649188995361e-01
4.273324459791183472e-02
1.665498167276382446e-01
3.349186778068542480e-01
4.593692421913146973e-01
8.223251700401306152e-01
1.307028084993362427e-01
1.314568072557449341e-01
2.658314816653728485e-02
2.011992037296295166e-02
1.724760979413986206e-01
6.644671410322189331e-02
6.867600679397583008e-01
1.611991524696350098e-01
4.573948308825492859e-02
9.464785456657409668e-01
8.504584431648254395e-01
1.398290544748306274e-01
3.815679624676704407e-02
3.226517140865325928e-01
1.000910177826881409e-01
1.194520592689514160e-01
1.883979886770248413e-01
8.516583591699600220e-02
1.859953254461288452e-01
4.672382175922393799e-01
1.414084583520889282e-01
1.457995176315307617e-01
9.731080383062362671e-03
2.811658568680286407e-02
8.971140533685684204e-02
4.822599887847900391e-02
5.912325531244277954e-02
4.906244277954101562e-01
6.786854863166809082e-01
5.320394784212112427e-02
1.530627608299255371e-01
5.595958232879638672e-02
1.309258192777633667e-01
7.019308209419250488e-01
7.033697962760925293e-01
4.029899537563323975e-01
5.178428813815116882e-02
2.011933363974094391e-02
6.619233638048171997e-02
9.734909236431121826e-02
1.300526410341262817e-01
1.619069725275039673e-01
2.280052751302719116e-02
7.449800521135330200e-02
7.427703589200973511e-02
7.463079690933227539e-01
9.382192492485046387e-01
1.069146022200584412e-01
3.588095307350158691e-01
4.131785035133361816e-02
7.511082291603088379e-02
5.924215912818908691e-02
3.519372642040252686e-01
3.784912079572677612e-02
1.975664049386978149e-01
1.829236894845962524e-01
1.035232692956924438e-01
1.990119367837905884e-01
2.001777291297912598e-02
1.397959291934967041e-01
8.134507387876510620e-02
3.881147876381874084e-02
3.498036414384841919e-02
2.728270590305328369e-01
1.673609316349029541e-01
2.391423583030700684e-01
4.254554510116577148e-01
8.022524118423461914e-01
1.801031678915023804e-01
6.983662396669387817e-02
4.406983256340026855e-01
5.616325139999389648e-02
6.731695532798767090e-01
2.332979887723922729e-01
1.429047882556915283e-01
4.554999619722366333e-02
1.681139171123504639e-01
2.316301465034484863e-01
1.738801449537277222e-01
5.377305150032043457e-01
8.151949048042297363e-01
1.665527559816837311e-02
3.941560089588165283e-01
3.499354049563407898e-02
6.718555837869644165e-02
6.326282769441604614e-02
4.264333844184875488e-01
6.670038700103759766e-01
2.290458977222442627e-01
4.361517727375030518e-02
2.351140044629573822e-02
3.372555598616600037e-02
5.254049599170684814e-02
2.442490607500076294e-01
2.319091930985450745e-02
1.101912558078765869e-01
1.583960950374603271e-01
5.557623878121376038e-02
5.467259511351585388e-02
4.747272655367851257e-02
8.628521859645843506e-02
1.278587281703948975e-01
7.017511129379272461e-02
1.170177310705184937e-01
6.780171394348144531e-02
5.895050615072250366e-02
7.136870175600051880e-02
6.126322597265243530e-02
6.375648081302642822e-02
1.036679148674011230e-01
7.556872963905334473e-01
9.642777591943740845e-02
3.366364911198616028e-02
5.107504129409790039e-02
6.928764283657073975e-02
8.462873846292495728e-02
6.884139031171798706e-02
1.321776360273361206e-01
7.709676027297973633e-02
7.801765203475952148e-02
1.067350879311561584e-01
1.485011279582977295e-01
5.348460748791694641e-02
1.988152712583541870e-01
7.434204220771789551e-02
4.437374696135520935e-02
3.649664521217346191e-01
7.311778515577316284e-02
1.021755933761596680e-01
3.680199012160301208e-02
4.681506380438804626e-02
1.043329089879989624e-01
9.244257211685180664e-02
5.858100578188896179e-02
9.527619928121566772e-02
7.384097576141357422e-02
3.583941236138343811e-02
3.888543695211410522e-02
1.038816720247268677e-01
4.741249606013298035e-02
2.145699560642242432e-01
4.538027197122573853e-02
4.162976145744323730e-02
1.379094868898391724e-01
7.081505656242370605e-02
9.420868009328842163e-02
8.399661630392074585e-02
6.130471825599670410e-02
9.741380810737609863e-02
8.567931652069091797e-01
9.771950840950012207e-01
7.652109265327453613e-01
3.912669420242309570e-02
6.948793679475784302e-02
1.459085941314697266e-01
6.444556266069412231e-02
4.046942591667175293e-01
1.866135746240615845e-01
4.279881119728088379e-01
4.291751980781555176e-01
5.322512611746788025e-02
1.032589375972747803e-01
6.502105295658111572e-02
7.225826382637023926e-02
6.620967388153076172e-01
3.133623301982879639e-02
1.958448067307472229e-02
9.877886623144149780e-02
9.673266857862472534e-02
1.238536685705184937e-01
8.917852491140365601e-02
2.917681261897087097e-02
1.577311009168624878e-01
3.093998879194259644e-02
1.683691889047622681e-01
5.161148905754089355e-01
6.909961253404617310e-02
2.574003636837005615e-01
3.215914592146873474e-02
1.672861129045486450e-01
4.950069785118103027e-01
6.337098777294158936e-02
8.401855081319808960e-02
1.732259392738342285e-01
3.560844659805297852e-01
8.967509120702743530e-02
8.902730047702789307e-02
1.775369644165039062e-01
7.665371149778366089e-02
3.591435402631759644e-02
1.165357902646064758e-01
4.944597184658050537e-02
1.694741398096084595e-01
3.178405761718750000e-02
6.865271329879760742e-01
9.818938970565795898e-01
