4.070156440138816833e-02
9.129057079553604126e-02
1.735238730907440186e-02
8.595666289329528809e-02
6.486562639474868774e-02
7.871458679437637329e-02
1.226641088724136353e-01
1.058099120855331421e-01
8.525697886943817139e-02
1.879326701164245605e-01
2.887458913028240204e-02
2.409332394599914551e-01
5.304127931594848633e-01
2.746872603893280029e-01
7.830677181482315063e-02
1.936964094638824463e-01
8.772039413452148438e-02
3.883707523345947266e-02
6.922388076782226562e-02
6.650338321924209595e-02
1.007702872157096863e-01
5.258568376302719116e-02
1.446895599365234375e-01
1.096845865249633789e-01
4.387620687484741211e-01
2.497039437294006348e-01
4.529370367527008057e-02
5.003800988197326660e-02
1.216705739498138428e-01
1.483959406614303589e-01
5.624620243906974792e-02
5.530536919832229614e-02
1.115707233548164368e-01
1.766052693128585815e-01
3.120563626289367676e-01
4.152146875858306885e-01
7.612251490354537964e-02
8.399333059787750244e-02
9.996714442968368530e-02
1.064131259918212891e-01
4.569762647151947021e-01
8.817070722579956055e-02
1.402358338236808777e-02
2.900903113186359406e-02
6.313139945268630981e-02
7.221946865320205688e-02
4.069001674652099609e-01
4.656603932380676270e-02
4.827142879366874695e-02
6.438183784484863281e-02
6.832756847143173218e-02
1.070994809269905090e-01
2.268821001052856445e-01
1.073838919401168823e-01
1.084553226828575134e-01
3.585400283336639404e-01
4.063905775547027588e-01
1.839010119438171387e-01
9.909982681274414062e-01
8.605108857154846191e-01
2.560970783233642578e-01
1.350359916687011719e-01
3.630558773875236511e-02
2.588772773742675781e-01
4.263820350170135498e-01
4.589881598949432373e-01
3.141928836703300476e-02
6.374000310897827148e-01
1.179722473025321960e-01
5.280942842364311218e-02
1.250292807817459106e-01
1.053254902362823486e-01
7.140756398439407349e-02
2.531945332884788513e-02
2.324838340282440186e-01
2.660308182239532471e-01
3.410811424255371094e-01
3.713429346680641174e-02
3.503194078803062439e-02
1.141005530953407288e-01
1.615021824836730957e-01
1.896830834448337555e-02
3.790710121393203735e-02
1.074383631348609924e-01
2.765930257737636566e-02
3.277938440442085266e-02
6.077357754111289978e-02
6.493623554706573486e-02
7.430373877286911011e-02
5.256224051117897034e-02
3.886728361248970032e-02
1.185254007577896118e-01
1.336772739887237549e-01
4.521570801734924316e-01
1.412041783332824707e-01
8.799114823341369629e-02
5.672773718833923340e-02
9.238168597221374512e-02
2.887930348515510559e-02
7.686284184455871582e-02
2.203548401594161987e-01
2.824569046497344971e-01
7.228787243366241455e-02
7.595777511596679688e-02
4.142461717128753662e-02
5.637387186288833618e-02
6.828768551349639893e-02
8.375650644302368164e-02
3.892542421817779541e-02
7.860913127660751343e-02
1.018160879611968994e-01
7.315658777952194214e-02
7.351818680763244629e-02
1.104860603809356689e-01
8.150868862867355347e-02
1.175879836082458496e-01
3.384998142719268799e-01
2.170649319887161255e-01
7.602576166391372681e-02
6.586963683366775513e-02
7.449999451637268066e-02
5.566206946969032288e-02
7.967898249626159668e-02
1.899616271257400513e-01
2.312678843736648560e-01
1.128697767853736877e-01
1.618612706661224365e-01
1.232035756111145020e-01
6.879036128520965576e-02
5.796334892511367798e-02
2.020967155694961548e-01
3.235251829028129578e-02
8.292365074157714844e-02
5.417353287339210510e-02
5.824932456016540527e-02
9.651009738445281982e-02
7.456020265817642212e-02
1.780508905649185181e-01
2.573429644107818604e-01
3.407594934105873108e-02
9.756694547832012177e-03
8.116630464792251587e-02
5.578033924102783203e-01
8.685446381568908691e-01
9.948832988739013672e-01
9.855493903160095215e-02
1.247032508254051208e-01
1.003857180476188660e-01
4.280268400907516479e-02
1.694799363613128662e-01
1.750419437885284424e-01
1.662108749151229858e-01
3.292171657085418701e-02
4.255891218781471252e-02
6.798722594976425171e-02
1.196464523673057556e-01
5.182217061519622803e-02
7.464072108268737793e-02
3.099777176976203918e-02
9.258328378200531006e-02
5.502261593937873840e-02
8.134489506483078003e-02
1.018251553177833557e-01
5.088245496153831482e-02
6.134497374296188354e-02
1.283755302429199219e-01
1.105654910206794739e-01
6.829242408275604248e-02
9.988921284675598145e-01
1.088714748620986938e-01
5.230448395013809204e-02
7.747101783752441406e-02
4.304355755448341370e-02
5.716079846024513245e-02
8.478999137878417969e-02
8.682614564895629883e-02
1.599848717451095581e-01
5.807324498891830444e-02
1.020123735070228577e-01
7.267660647630691528e-02
6.985695660114288330e-02
3.086869977414608002e-02
4.735125228762626648e-02
1.135989725589752197e-01
9.079030156135559082e-02
1.174964085221290588e-01
4.302680492401123047e-02
4.218685254454612732e-02
1.263415813446044922e-01
4.254554510116577148e-01
4.254554510116577148e-01
4.254554510116577148e-01
4.254554510116577148e-01
4.544348418712615967e-01
2.381188608705997467e-02
1.435648649930953979e-01
5.232828855514526367e-02
6.642131507396697998e-02
1.351263374090194702e-01
8.054035156965255737e-02
9.349319338798522949e-02
2.693269215524196625e-02
4.962639883160591125e-02
9.620050340890884399e-02
1.685908883810043335e-01
7.590268850326538086e-01
4.855060279369354248e-01
2.054301835596561432e-02
2.894752472639083862e-02
1.283933669328689575e-01
2.241311818361282349e-01
8.835504055023193359e-01
4.429139494895935059e-01
2.474359124898910522e-01
2.753442712128162384e-02
2.799280546605587006e-02
1.222796365618705750e-01
4.415782168507575989e-02
4.953923448920249939e-02
3.014138154685497284e-02
1.000538915395736694e-01
1.617066413164138794e-01
2.084071934223175049e-01
2.512747049331665039e-02
3.901716321706771851e-02
5.129475891590118408e-02
6.352116912603378296e-02
1.856402009725570679e-01
3.973800316452980042e-02
7.091171741485595703e-01
1.472926735877990723e-01
5.860535800457000732e-02
1.132401302456855774e-01
5.615302547812461853e-02
5.308999493718147278e-02
8.642423152923583984e-02
9.132321178913116455e-02
1.002489849925041199e-01
1.249790191650390625e-01
5.986458063125610352e-02
6.107893213629722595e-02
7.735616564750671387e-01
9.395295977592468262e-01
1.118909567594528198e-01
3.745098412036895752e-02
5.280228704214096069e-02
1.888725757598876953e-01
1.363350152969360352e-01
4.772687703371047974e-02
1.030129045248031616e-01
3.422973304986953735e-02
4.041368067264556885e-01
1.412080675363540649e-01
1.542939245700836182e-01
4.291743040084838867e-02
7.177533209323883057e-02
1.166773438453674316e-01
5.262234061956405640e-02
5.553807616233825684e-01
7.220894694328308105e-01
1.554882973432540894e-01
7.172058522701263428e-02
3.480616956949234009e-02
4.605197906494140625e-02
5.853321775794029236e-02
1.349758505821228027e-01
2.321482449769973755e-02
1.096218302845954895e-01
3.808507323265075684e-02
9.912981837987899780e-02
5.716272443532943726e-02
1.384246051311492920e-01
2.420407533645629883e-01
3.555318713188171387e-01
8.192627876996994019e-02
3.439614176750183105e-01
2.296337783336639404e-01
1.531839650124311447e-02
7.394495606422424316e-02
3.601433336734771729e-02
1.547726094722747803e-01
5.741010978817939758e-02
5.497867241501808167e-02
3.992824628949165344e-02
8.041127771139144897e-02
5.852383375167846680e-02
9.190276265144348145e-02
2.439938783645629883e-01
3.347917795181274414e-01
9.584660083055496216e-02
4.809565246105194092e-01
1.026468351483345032e-01
1.877860575914382935e-01
8.305130898952484131e-02
8.055085688829421997e-02
1.373609900474548340e-01
1.843557655811309814e-01
3.356093540787696838e-02
8.180669695138931274e-02
4.858175665140151978e-02
6.961050629615783691e-02
6.992292404174804688e-02
1.267495006322860718e-01
7.613974064588546753e-02
9.310630708932876587e-02
5.369662120938301086e-02
8.340449631214141846e-02
4.216013848781585693e-02
1.060763448476791382e-01
3.322414308786392212e-02
1.846618391573429108e-02
9.988255798816680908e-02
4.201722145080566406e-02
6.716650724411010742e-02
2.935686409473419189e-01
7.925609946250915527e-01
8.769504427909851074e-01
2.720301151275634766e-01
6.838842481374740601e-02
4.362733066082000732e-01
2.227278798818588257e-01
5.530043691396713257e-02
6.955222040414810181e-02
7.204610854387283325e-02
4.971000179648399353e-02
7.293834537267684937e-02
1.097241714596748352e-01
6.411777436733245850e-02
3.421164676547050476e-02
1.073452383279800415e-01
1.122349873185157776e-01
8.710613846778869629e-02
8.141781389713287354e-02
8.521031588315963745e-02
5.248661339282989502e-02
6.737542152404785156e-02
7.419349998235702515e-02
7.025334239006042480e-02
4.732355847954750061e-02
3.459260240197181702e-02
1.253769844770431519e-01
4.401937499642372131e-02
9.764815866947174072e-02
8.007764816284179688e-02
6.645368039608001709e-02
8.642549067735671997e-02
9.650706052780151367e-01
7.872107028961181641e-01
9.626910686492919922e-01
1.258144229650497437e-01
4.411146789789199829e-02
7.829138636589050293e-02
5.670718848705291748e-02
8.803804963827133179e-02
1.056830808520317078e-01
4.156868904829025269e-02
4.137758538126945496e-02
8.200822770595550537e-02
5.113506689667701721e-02
9.761761128902435303e-02
7.249592244625091553e-02
3.751251846551895142e-02
3.724330291152000427e-02
9.773946404457092285e-01
9.979127049446105957e-01
1.018932536244392395e-01
7.615236937999725342e-02
3.783290460705757141e-02
3.192112222313880920e-02
8.021277934312820435e-02
7.794114947319030762e-02
1.337873097509145737e-02
1.370192021131515503e-01
8.092989772558212280e-02
9.902651309967041016e-01
9.909510612487792969e-01
5.882589146494865417e-02
1.323091238737106323e-01
6.996730715036392212e-02
3.153544962406158447e-01
5.503125488758087158e-02
6.602227687835693359e-02
3.478299677371978760e-01
2.019284367561340332e-01
5.399773269891738892e-02
1.038737669587135315e-01
4.693364724516868591e-02
1.204234212636947632e-01
7.721238583326339722e-02
1.149694621562957764e-01
9.058728814125061035e-02
1.426111459732055664e-01
3.568590804934501648e-02
1.985109001398086548e-01
3.786991164088249207e-02
2.482311427593231201e-02
5.114006623625755310e-02
1.226068809628486633e-01
3.181451261043548584e-01
5.810185670852661133e-01
1.741558164358139038e-01
8.385189622640609741e-02
8.170627057552337646e-02
7.962123304605484009e-02
1.022845730185508728e-01
4.009541496634483337e-02
4.460450634360313416e-02
1.187944188714027405e-01
4.961388558149337769e-02
7.720331102609634399e-02
6.095443665981292725e-02
3.099460005760192871e-01
8.638993650674819946e-02
1.094822585582733154e-01
4.870590567588806152e-02
8.803696185350418091e-02
7.221589982509613037e-02
1.031807363033294678e-01
3.679740726947784424e-01
3.177311718463897705e-01
5.332872644066810608e-02
5.015996098518371582e-02
1.794474273920059204e-01
1.667693555355072021e-01
1.221712157130241394e-01
1.418883502483367920e-01
3.099856711924076080e-02
1.684635132551193237e-02
5.902764946222305298e-02
1.809523552656173706e-01
1.738421916961669922e-01
5.385603383183479309e-02
8.335573226213455200e-02
2.838780879974365234e-01
4.512144625186920166e-02
6.435592472553253174e-02
9.381738305091857910e-02
1.287711560726165771e-01
4.921814426779747009e-02
3.666584566235542297e-02
2.201344966888427734e-01
5.847099423408508301e-01
1.847876906394958496e-01
1.252358257770538330e-01
1.040250062942504883e-01
1.187789067625999451e-01
8.367539197206497192e-02
4.809864759445190430e-01
6.944694519042968750e-01
5.935179442167282104e-02
4.800209775567054749e-02
7.419348508119583130e-02
2.897822111845016479e-02
1.016025915741920471e-01
3.556008264422416687e-02
9.709923714399337769e-02
2.708508968353271484e-01
9.996877908706665039e-01
1.218953803181648254e-01
1.337650567293167114e-01
8.880883455276489258e-02
9.991243481636047363e-01
5.107415840029716492e-02
3.253588452935218811e-02
6.531783938407897949e-02
3.056553564965724945e-02
1.931903138756752014e-02
9.245508313179016113e-01
4.875104129314422607e-02
1.784304678440093994e-01
6.658738851547241211e-02
6.880860328674316406e-01
8.849071264266967773e-01
5.382370576262474060e-02
5.498573556542396545e-02
8.911444246768951416e-02
2.463841587305068970e-01
1.806156784296035767e-01
2.980362623929977417e-02
1.048006862401962280e-01
3.232710361480712891e-01
4.379626736044883728e-02
1.038586124777793884e-01
7.922096550464630127e-02
2.562976442277431488e-02
2.475179359316825867e-02
8.075135946273803711e-02
5.494394898414611816e-01
1.589898169040679932e-01
4.938001558184623718e-02
1.287150830030441284e-01
6.674046069383621216e-02
4.301074892282485962e-02
5.896771699190139771e-02
1.245591714978218079e-01
9.388123452663421631e-02
6.045173853635787964e-02
6.040721759200096130e-02
3.968492522835731506e-02
1.194590032100677490e-01
3.409223631024360657e-02
9.410674124956130981e-02
2.786242663860321045e-01
9.469848871231079102e-02
6.622840464115142822e-02
7.463721185922622681e-02
4.527910053730010986e-02
7.455813139677047729e-02
6.867920160293579102e-01
1.933638006448745728e-01
9.289540350437164307e-02
9.796185046434402466e-02
3.985118865966796875e-02
6.650144606828689575e-02
5.478808283805847168e-02
4.426341503858566284e-02
8.320787549018859863e-02
3.425814211368560791e-01
8.192959427833557129e-02
9.156811982393264771e-02
1.081919223070144653e-01
1.556285656988620758e-02
6.425650417804718018e-02
3.042035102844238281e-01
1.839813143014907837e-01
1.431190520524978638e-01
1.156049668788909912e-01
1.319091469049453735e-01
3.346159309148788452e-02
1.175880357623100281e-01
1.974722743034362793e-01
1.054531261324882507e-01
5.651534795761108398e-01
7.904714345932006836e-02
1.752514988183975220e-01
6.125105172395706177e-02
8.580618351697921753e-02
5.937447398900985718e-02
8.480714261531829834e-02
8.947297185659408569e-02
6.454537808895111084e-02
4.181795120239257812e-01
6.311814486980438232e-02
1.112859323620796204e-01
1.133038848638534546e-01
9.477344900369644165e-02
4.706461131572723389e-01
3.369330763816833496e-01
5.957674607634544373e-02
5.004568397998809814e-02
6.630925089120864868e-02
4.947083443403244019e-02
6.851894408464431763e-02
2.171662822365760803e-02
5.160964280366897583e-02
6.787157803773880005e-02
1.841946318745613098e-02
2.816843986511230469e-02
5.113491788506507874e-02
1.027880460023880005e-01
1.233392134308815002e-01
6.614937633275985718e-02
9.470257908105850220e-02
2.078890986740589142e-02
1.167042478919029236e-01
1.149545684456825256e-01
5.539284273982048035e-02
8.253113925457000732e-02
1.161344945430755615e-01
3.776364773511886597e-02
1.425698697566986084e-01
8.059808611869812012e-02
1.018554940819740295e-01
3.175979554653167725e-01
2.942542545497417450e-02
3.355084061622619629e-01
6.884383410215377808e-02
3.313866257667541504e-02
5.785847082734107971e-02
6.876862794160842896e-02
1.547134369611740112e-01
8.921947479248046875e-01
6.479920148849487305e-01
8.443384617567062378e-02
3.178684413433074951e-02
7.321738451719284058e-02
9.288477897644042969e-02
3.819554299116134644e-02
9.456066787242889404e-02
2.849176228046417236e-01
1.032878309488296509e-01
6.464754790067672729e-02
6.591928005218505859e-02
5.093851312994956970e-02
2.664264291524887085e-02
9.472753107547760010e-02
1.343305259943008423e-01
6.902536749839782715e-02
4.584805667400360107e-02
5.970438942313194275e-02
8.370055258274078369e-02
7.253448665142059326e-02
1.257443279027938843e-01
4.530000686645507812e-02
2.959349565207958221e-02
2.226782292127609253e-01
2.571896612644195557e-01
3.597055971622467041e-01
2.558949589729309082e-01
1.857540607452392578e-01
8.909793943166732788e-02
1.878816783428192139e-01
5.036667734384536743e-02
8.087999373674392700e-02
1.028572097420692444e-01
1.881336718797683716e-01
1.180479899048805237e-01
7.308234274387359619e-02
3.282755240797996521e-02
4.518536105751991272e-02
1.305339485406875610e-01
4.278981089591979980e-01
2.075823694467544556e-01
5.184391885995864868e-02
1.294592916965484619e-01
6.913719326257705688e-02
4.531439021229743958e-02
1.395931839942932129e-01
4.063170403242111206e-02
3.088789246976375580e-02
9.637207537889480591e-02
1.482970416545867920e-01
2.225791662931442261e-01
1.095669269561767578e-01
7.387908697128295898e-01
8.425218611955642700e-02
7.530497014522552490e-02
6.953424215316772461e-02
4.245449975132942200e-02
3.971549496054649353e-02
8.592629432678222656e-02
1.227201893925666809e-01
2.691413164138793945e-01
8.260036259889602661e-02
5.556032434105873108e-02
7.040183991193771362e-02
4.094432592391967773e-01
3.241731524467468262e-01
8.235057443380355835e-02
4.634042829275131226e-02
4.151673018932342529e-01
9.296548366546630859e-02
5.117444694042205811e-02
1.597311198711395264e-01
7.292112708091735840e-02
1.080334559082984924e-01
5.898073315620422363e-02
1.131910383701324463e-01
1.856097765266895294e-02
1.076589971780776978e-01
1.367623507976531982e-01
4.826249927282333374e-02
1.727371364831924438e-01
7.256159186363220215e-02
2.853499725461006165e-02
6.226111948490142822e-02
1.026426255702972412e-01
7.518628239631652832e-02
3.917289376258850098e-01
3.805448114871978760e-02
1.165498942136764526e-01
3.244060575962066650e-01
1.554954797029495239e-01
6.640271842479705811e-02
5.821208953857421875e-01
5.186542868614196777e-01
1.443773508071899414e-01
8.744778484106063843e-02
1.578665673732757568e-01
5.618791282176971436e-02
7.105839997529983521e-02
2.181100547313690186e-01
9.617799520492553711e-02
7.784150540828704834e-02
1.421371698379516602e-01
4.887370392680168152e-02
9.999351203441619873e-02
2.585690841078758240e-02
9.658440202474594116e-02
2.404566109180450439e-01
1.583081185817718506e-01
3.035536408424377441e-02
1.891013830900192261e-01
1.301849484443664551e-01
1.664495170116424561e-01
1.830780506134033203e-01
5.464783683419227600e-02
8.535686135292053223e-02
1.796797662973403931e-01
2.082909047603607178e-01
9.284780174493789673e-02
2.628113031387329102e-01
1.598962545394897461e-01
4.256331175565719604e-02
1.344175189733505249e-01
6.314931064844131470e-02
8.470760285854339600e-02
1.026364415884017944e-01
1.047201827168464661e-01
4.200823977589607239e-02
7.851453870534896851e-02
7.946592569351196289e-02
2.518467605113983154e-02
6.048775091767311096e-02
7.981384545564651489e-02
6.815674155950546265e-02
2.169193476438522339e-01
6.228455156087875366e-02
1.556036621332168579e-01
6.521407514810562134e-02
2.634661830961704254e-02
8.758132159709930420e-02
2.345769256353378296e-01
8.549366146326065063e-02
3.587976470589637756e-02
1.260194778442382812e-01
2.075656503438949585e-01
3.231100738048553467e-01
3.852303698658943176e-02
8.762992173433303833e-02
1.906851083040237427e-01
5.564464256167411804e-02
4.471087828278541565e-02
1.190387606620788574e-01
2.329686433076858521e-01
1.930460520088672638e-02
7.577998191118240356e-02
6.749896705150604248e-02
9.712022542953491211e-02
3.698666393756866455e-01
6.159950047731399536e-02
2.196230590343475342e-01
4.029429331421852112e-02
6.762281805276870728e-02
4.508355259895324707e-02
1.175796464085578918e-01
1.006893068552017212e-01
5.410610511898994446e-02
3.285255655646324158e-02
9.169069677591323853e-02
5.390727892518043518e-02
8.352145552635192871e-02
7.824645936489105225e-02
1.309666931629180908e-01
3.894694894552230835e-02
5.490705743432044983e-02
1.223636791110038757e-01
1.207332387566566467e-01
4.368549957871437073e-02
1.754033714532852173e-01
4.508036375045776367e-02
5.002376809716224670e-02
1.649516522884368896e-01
2.064884006977081299e-01
1.487304717302322388e-01
2.831016182899475098e-01
5.533719435334205627e-02
6.760582327842712402e-02
2.822968363761901855e-02
1.241055205464363098e-01
9.597725421190261841e-02
3.603750839829444885e-02
5.796539410948753357e-02
9.516297280788421631e-02
5.897724255919456482e-02
4.669066891074180603e-02
5.571982637047767639e-02
4.559628665447235107e-02
5.758793652057647705e-02
6.683791428804397583e-02
5.432498082518577576e-02
4.852820560336112976e-02
1.401736140251159668e-01
3.633418306708335876e-02
4.662131518125534058e-02
7.850656658411026001e-02
1.045802012085914612e-01
1.141053512692451477e-01
4.250501468777656555e-02
8.237016201019287109e-02
6.197927892208099365e-02
2.170955985784530640e-01
3.012056462466716766e-02
1.085346341133117676e-01
2.002261281013488770e-01
9.016480296850204468e-02
4.141196981072425842e-02
2.496353723108768463e-02
6.391797661781311035e-01
4.630686342716217041e-01
8.663189411163330078e-02
6.687632948160171509e-02
1.070158332586288452e-01
3.290562927722930908e-01
1.466507613658905029e-01
1.258164048194885254e-01
4.675504192709922791e-02
7.687206566333770752e-02
9.965521097183227539e-02
2.603861317038536072e-02
8.498004078865051270e-02
6.461063772439956665e-02
4.075750336050987244e-02
3.040298260748386383e-02
3.589189052581787109e-02
5.141805857419967651e-02
1.253846436738967896e-01
1.470623910427093506e-01
5.365225300192832947e-02
1.156143248081207275e-01
2.629114128649234772e-02
1.310744136571884155e-01
4.514877498149871826e-02
1.137488335371017456e-01
4.549902677536010742e-02
2.236713469028472900e-01
3.563775122165679932e-01
9.134678542613983154e-02
8.770795911550521851e-02
1.011611819267272949e-01
7.048308104276657104e-02
8.312254399061203003e-02
5.516979098320007324e-02
1.673146337270736694e-01
8.822204172611236572e-02
8.923491090536117554e-02
1.250959336757659912e-01
2.300640381872653961e-02
3.095245361328125000e-02
1.065631881356239319e-01
2.798077836632728577e-02
1.409662216901779175e-01
5.450449511408805847e-02
1.284500956535339355e-01
6.532815694808959961e-01
1.163543388247489929e-01
8.324864506721496582e-02
2.922412939369678497e-02
1.096834838390350342e-01
7.751510143280029297e-01
9.369114041328430176e-02
6.081581115722656250e-02
5.262650251388549805e-01
3.275118172168731689e-01
4.643041640520095825e-02
1.031012609601020813e-01
8.337260782718658447e-02
8.894892781972885132e-02
1.086114272475242615e-01
6.056170538067817688e-02
3.763592243194580078e-02
2.081126160919666290e-02
1.310396045446395874e-01
5.663935095071792603e-02
5.889026448130607605e-02
1.553160399198532104e-01
4.910206049680709839e-02
1.571155041456222534e-01
2.593823894858360291e-02
8.672319352626800537e-02
8.044072985649108887e-02
8.263693749904632568e-02
5.778418481349945068e-02
8.451109379529953003e-02
4.556512087583541870e-02
1.174968257546424866e-01
1.109509691596031189e-01
7.587300539016723633e-01
7.653767615556716919e-02
1.539690047502517700e-01
9.863478690385818481e-02
6.270541250705718994e-02
9.245331585407257080e-02
6.370050460100173950e-02
8.993832021951675415e-02
7.631168514490127563e-02
3.147185966372489929e-02
3.630074858665466309e-02
6.058773770928382874e-02
7.793116569519042969e-01
6.745492666959762573e-02
1.023568063974380493e-01
5.818295478820800781e-02
1.491165608167648315e-01
3.885700553655624390e-02
9.062498062849044800e-02
3.516525775194168091e-02
1.038527339696884155e-01
4.647352918982505798e-02
4.396256059408187866e-02
2.744670771062374115e-02
7.200092077255249023e-02
1.355908215045928955e-01
3.812666833400726318e-01
2.413523346185684204e-01
5.531885102391242981e-02
5.773811414837837219e-02
6.768610328435897827e-02
1.196881905198097229e-01
3.004992902278900146e-01
6.978122889995574951e-02
1.292815208435058594e-01
5.939354375004768372e-02
7.386036962270736694e-02
4.863654449582099915e-02
7.071000337600708008e-02
8.224032521247863770e-01
3.226188942790031433e-02
1.128088682889938354e-01
1.912646591663360596e-01
7.770510762929916382e-02
9.396652877330780029e-02
4.573912918567657471e-02
7.206798344850540161e-02
5.604562535881996155e-02
1.287383735179901123e-01
2.834474295377731323e-02
8.325590938329696655e-02
5.797819420695304871e-02
8.502166718244552612e-02
9.856539219617843628e-02
4.303088784217834473e-02
6.319884210824966431e-02
5.766993761062622070e-02
8.082905411720275879e-02
1.049814969301223755e-01
7.806985825300216675e-02
5.003706738352775574e-02
1.811473369598388672e-01
9.605824351310729980e-01
8.945718407630920410e-02
5.574992299079895020e-02
8.761538565158843994e-02
7.152291387319564819e-02
1.047958955168724060e-01
3.987374529242515564e-02
8.148831874132156372e-02
6.468974798917770386e-02
5.757464841008186340e-02
9.292469918727874756e-02
6.116452440619468689e-02
4.433449730277061462e-02
5.043214932084083557e-02
7.749114930629730225e-02
4.297131672501564026e-02
4.354203864932060242e-02
3.096941411495208740e-01
2.163837105035781860e-01
1.661628037691116333e-01
9.261734783649444580e-02
2.507846951484680176e-01
8.769981265068054199e-01
3.000207543373107910e-01
2.018593549728393555e-01
6.527052074670791626e-02
4.460431262850761414e-02
1.427469849586486816e-01
2.815560102462768555e-01
1.000000000000000000e+00
6.978073716163635254e-01
6.836282014846801758e-01
1.384830623865127563e-01
6.553159654140472412e-02
6.227654591202735901e-02
7.518582940101623535e-01
9.425346255302429199e-01
1.004471555352210999e-01
1.094278320670127869e-01
1.464911103248596191e-01
1.054606735706329346e-01
2.317131161689758301e-01
6.246447935700416565e-02
1.400124430656433105e-01
9.466450661420822144e-02
6.173418462276458740e-02
5.020475387573242188e-02
2.335811406373977661e-01
9.091484546661376953e-02
7.350566238164901733e-02
9.040533006191253662e-02
2.566922605037689209e-01
1.150203272700309753e-01
7.497931122779846191e-01
6.662150472402572632e-02
4.847323521971702576e-02
5.950247868895530701e-02
7.811414450407028198e-02
3.727714121341705322e-01
1.821486800909042358e-01
8.797071874141693115e-02
6.286416947841644287e-02
5.254514813423156738e-01
4.552796110510826111e-02
1.297021061182022095e-01
6.791087985038757324e-02
1.328639239072799683e-01
5.099937319755554199e-02
4.566972702741622925e-02
8.715745061635971069e-02
7.429514825344085693e-02
9.491880983114242554e-02
2.217404246330261230e-01
1.094228178262710571e-01
7.902228236198425293e-01
5.745842456817626953e-01
4.174160063266754150e-01
6.971753239631652832e-01
4.799054861068725586e-01
6.841494888067245483e-02
6.082454696297645569e-02
6.879370659589767456e-02
1.118967682123184204e-01
9.488932788372039795e-02
1.660721898078918457e-01
6.885679811239242554e-02
5.277751013636589050e-02
7.282570004463195801e-02
4.964538291096687317e-02
7.690188288688659668e-02
1.402106881141662598e-01
4.196992516517639160e-02
4.427458345890045166e-02
5.738331750035285950e-02
5.726033449172973633e-02
6.714706867933273315e-02
1.400114297866821289e-01
1.358584910631179810e-01
4.486624151468276978e-02
4.948015511035919189e-02
2.719058282673358917e-02
9.909986704587936401e-02
5.981564894318580627e-02
7.628562301397323608e-02
3.070158325135707855e-02
1.584222018718719482e-01
9.475413709878921509e-02
4.052303731441497803e-02
8.543611317873001099e-02
5.146019533276557922e-02
1.341451406478881836e-01
7.242193818092346191e-02
1.180751994252204895e-01
1.689945608377456665e-01
2.484886199235916138e-01
1.138156652450561523e-01
8.475506305694580078e-02
1.173610612750053406e-01
7.779877632856369019e-03
3.537926822900772095e-02
6.830453872680664062e-02
1.442052721977233887e-01
4.126245900988578796e-02
1.409629434347152710e-01
1.503558903932571411e-01
1.129341796040534973e-01
2.286571823060512543e-02
1.672284305095672607e-01
5.666054412722587585e-02
4.945142865180969238e-01
7.447914481163024902e-01
5.526517517864704132e-03
9.885258674621582031e-01
4.112047553062438965e-01
2.401471734046936035e-01
1.762122064828872681e-01
5.683197081089019775e-02
2.583631873130798340e-01
1.566250473260879517e-01
1.713274121284484863e-01
4.126365184783935547e-01
4.729876667261123657e-02
9.776053577661514282e-02
3.057421930134296417e-02
4.875087365508079529e-02
6.683905422687530518e-02
4.054401069879531860e-02
2.221324443817138672e-01
5.235781893134117126e-02
1.617677956819534302e-01
1.598381847143173218e-01
7.064675539731979370e-02
4.929460957646369934e-02
2.262283712625503540e-01
2.031136006116867065e-01
1.814763993024826050e-01
9.591542184352874756e-02
5.699276924133300781e-02
8.960650116205215454e-02
6.252562254667282104e-02
1.641831099987030029e-01
1.479683816432952881e-01
9.932158589363098145e-01
9.941576719284057617e-01
3.861401081085205078e-01
6.472151279449462891e-01
1.396461576223373413e-01
7.639972865581512451e-02
5.151878669857978821e-02
1.527925487607717514e-02
1.251279413700103760e-01
8.984825760126113892e-02
2.600719928741455078e-01
1.906182914972305298e-01
1.470103412866592407e-01
1.233507245779037476e-01
1.474466919898986816e-02
4.042078554630279541e-01
2.358178608119487762e-02
2.962991409003734589e-02
5.820347368717193604e-02
1.585472673177719116e-01
5.480961874127388000e-02
9.589834213256835938e-01
9.932599663734436035e-01
9.473234415054321289e-01
7.834159731864929199e-01
6.137771904468536377e-02
9.841091930866241455e-02
1.033013537526130676e-01
1.764672100543975830e-01
2.831162512302398682e-01
1.167858988046646118e-01
8.920729756355285645e-01
9.144719690084457397e-02
1.942232400178909302e-01
2.187044173479080200e-01
5.882976204156875610e-02
6.578706204891204834e-02
4.405403882265090942e-02
9.090382605791091919e-02
3.123680315911769867e-02
8.349474072456359863e-01
9.999321699142456055e-01
5.039829760789871216e-02
7.612066715955734253e-02
1.464963853359222412e-01
5.250421166419982910e-02
7.497508823871612549e-02
1.850000023841857910e-01
9.736852347850799561e-02
4.850335046648979187e-02
5.860983580350875854e-02
4.505910277366638184e-01
9.741601347923278809e-02
1.024483442306518555e-01
7.506880760192871094e-01
7.100921869277954102e-01
7.259777188301086426e-02
2.765262313187122345e-02
6.676205992698669434e-01
4.355498775839805603e-02
4.646724462509155273e-02
3.979463279247283936e-01
3.258504867553710938e-01
1.318574249744415283e-01
1.144019961357116699e-01
6.564435362815856934e-02
9.220010787248611450e-02
1.116812676191329956e-01
1.090740785002708435e-01
7.154460996389389038e-02
4.183451235294342041e-01
2.361030131578445435e-01
3.973397240042686462e-02
1.116610169410705566e-01
1.735404580831527710e-01
1.720255464315414429e-01
2.372456341981887817e-01
2.254678308963775635e-01
1.251469105482101440e-01
2.404097281396389008e-02
4.956601560115814209e-02
7.234090566635131836e-02
5.661664158105850220e-02
6.311547011137008667e-02
1.013921350240707397e-01
7.054502516984939575e-02
1.813948154449462891e-01
5.173093080520629883e-02
7.077376544475555420e-02
6.158171594142913818e-02
3.419224917888641357e-02
5.475912988185882568e-02
6.304267793893814087e-02
9.824789762496948242e-01
9.574787020683288574e-01
1.508838385343551636e-01
1.243360787630081177e-01
5.082361772656440735e-02
7.045070827007293701e-02
1.743221469223499298e-02
2.303477227687835693e-01
1.173107698559761047e-01
5.620254203677177429e-02
3.255794942378997803e-02
9.969437718391418457e-01
1.223422661423683167e-01
1.448573619127273560e-01
6.851387768983840942e-02
6.895966827869415283e-02
7.598903775215148926e-02
6.460916250944137573e-02
1.260861456394195557e-01
1.750675439834594727e-01
7.935200631618499756e-02
4.075865447521209717e-02
3.312768787145614624e-02
3.687531501054763794e-02
5.603495612740516663e-02
8.879968523979187012e-02
3.955964371562004089e-02
1.585460454225540161e-01
1.321935951709747314e-01
6.250263750553131104e-02
1.077168360352516174e-01
8.155533671379089355e-02
7.940700650215148926e-02
8.481331914663314819e-02
2.916454523801803589e-02
5.907624214887619019e-02
1.487766057252883911e-01
5.102898925542831421e-02
3.996807709336280823e-02
3.853866457939147949e-02
1.121314093470573425e-01
8.182162791490554810e-02
4.376481473445892334e-02
7.501297444105148315e-02
2.227620407938957214e-02
5.777119845151901245e-02
6.039974093437194824e-02
8.007545024156570435e-02
3.868153691291809082e-02
7.192707806825637817e-02
1.211811900138854980e-01
6.167555600404739380e-02
6.058862060308456421e-02
5.393876433372497559e-01
3.947006762027740479e-01
5.259469896554946899e-02
7.052486389875411987e-02
4.774729534983634949e-02
4.919531941413879395e-02
5.691720545291900635e-02
2.086458057165145874e-01
7.064194679260253906e-01
1.481892317533493042e-01
4.960154369473457336e-02
6.112289056181907654e-02
5.135598406195640564e-02
2.734625525772571564e-02
1.397323310375213623e-01
3.640648126602172852e-01
5.639694631099700928e-02
5.077251046895980835e-02
6.612171977758407593e-02
4.812854900956153870e-02
5.063155665993690491e-02
1.114773452281951904e-01
1.483712196350097656e-01
6.176485493779182434e-02
6.937748938798904419e-02
8.263350278139114380e-02
6.595603376626968384e-02
9.711853414773941040e-02
5.333942547440528870e-02
6.743028759956359863e-02
9.191329777240753174e-02
4.645273834466934204e-02
7.568089365959167480e-01
7.811137437820434570e-01
2.342418767511844635e-02
2.777571976184844971e-01
4.845401644706726074e-02
1.207125112414360046e-01
7.155308127403259277e-02
1.435611248016357422e-01
2.672615051269531250e-01
1.310159862041473389e-01
9.355750679969787598e-02
4.232907295227050781e-02
9.456390887498855591e-02
4.456641897559165955e-02
8.955647051334381104e-02
1.396471112966537476e-01
1.569698750972747803e-01
1.491380035877227783e-01
1.262485533952713013e-01
2.180792391300201416e-01
5.531693994998931885e-02
5.139273777604103088e-02
1.638721227645874023e-01
3.824286907911300659e-02
2.103432640433311462e-02
5.148533731698989868e-02
4.850519821047782898e-02
4.411995410919189453e-02
1.086173132061958313e-01
5.298829451203346252e-02
4.951826035976409912e-01
5.474254116415977478e-02
8.298409730195999146e-02
7.267979532480239868e-02
3.979988768696784973e-02
1.673346459865570068e-01
5.224812775850296021e-02
2.486340701580047607e-02
1.955181956291198730e-01
1.226839721202850342e-01
9.578180313110351562e-02
8.829222619533538818e-02
1.735477000474929810e-01
1.157401204109191895e-01
2.559746801853179932e-01
1.708882302045822144e-01
1.309584826231002808e-01
2.839410006999969482e-01
5.129152163863182068e-02
7.116752266883850098e-01
1.460926979780197144e-01
4.184951186180114746e-01
8.063848316669464111e-02
4.570472240447998047e-01
9.075460582971572876e-02
2.120805159211158752e-02
3.325241431593894958e-02
6.730417162179946899e-02
1.087557971477508545e-01
4.348203539848327637e-02
4.163885489106178284e-02
2.695130556821823120e-02
4.946732521057128906e-02
1.069865822792053223e-01
8.657059669494628906e-01
3.292364254593849182e-02
1.682196110486984253e-01
5.403236672282218933e-02
3.560720384120941162e-02
1.043199896812438965e-01
5.511207506060600281e-02
1.467408090829849243e-01
8.861654996871948242e-02
6.040322184562683105e-01
6.342738866806030273e-01
6.349650770425796509e-02
6.459479033946990967e-02
2.016405016183853149e-02
4.222473874688148499e-02
1.585225164890289307e-01
7.974806427955627441e-02
9.228353202342987061e-02
2.736071050167083740e-01
5.317885279655456543e-01
2.627144455909729004e-01
5.173948034644126892e-02
1.046259403228759766e-01
4.298750683665275574e-02
6.203830987215042114e-02
1.428464353084564209e-01
4.458892345428466797e-02
5.157520622014999390e-02
9.904623776674270630e-02
4.791291803121566772e-02
1.130250617861747742e-01
5.905837938189506531e-02
4.529842734336853027e-02
5.328651517629623413e-02
4.262283444404602051e-02
9.999945163726806641e-01
9.999991655349731445e-01
1.527646631002426147e-01
1.623567640781402588e-01
2.696254253387451172e-01
3.305607736110687256e-01
1.181402131915092468e-01
7.701221853494644165e-02
9.092310070991516113e-02
1.610286533832550049e-01
7.232519984245300293e-01
7.037040591239929199e-02
7.186354696750640869e-02
9.197801351547241211e-02
4.606175720691680908e-01
2.113230228424072266e-01
3.012624680995941162e-01
5.058337748050689697e-02
4.593932032585144043e-01
1.889071017503738403e-01
1.522825956344604492e-01
1.561524122953414917e-01
7.613618671894073486e-02
7.900549471378326416e-02
5.340095236897468567e-02
3.718820810317993164e-01
3.641946986317634583e-02
6.644760072231292725e-02
1.632347255945205688e-01
2.781106345355510712e-02
4.529726132750511169e-02
2.587503381073474884e-02
5.790885537862777710e-02
3.882789239287376404e-02
1.516224145889282227e-01
4.655333980917930603e-02
3.915230929851531982e-02
7.232020795345306396e-02
2.582172863185405731e-02
7.168549299240112305e-02
4.133578762412071228e-02
1.351450681686401367e-01
3.305539488792419434e-01
4.969203472137451172e-01
9.992066025733947754e-01
1.075415015220642090e-01
1.423839479684829712e-01
1.298019438982009888e-01
4.879127070307731628e-02
3.727026283740997314e-02
9.372074156999588013e-02
7.129275798797607422e-02
1.060665473341941833e-01
3.956387564539909363e-02
4.557152837514877319e-02
4.636032506823539734e-02
4.212899506092071533e-02
9.546560049057006836e-01
4.741354286670684814e-02
7.880339771509170532e-02
5.336583405733108521e-02
4.480588436126708984e-02
5.814886838197708130e-02
1.069616675376892090e-01
6.087342277169227600e-02
5.683601647615432739e-02
4.699010774493217468e-02
1.097801998257637024e-01
5.788215622305870056e-02
5.333985015749931335e-02
4.845952242612838745e-02
5.692806839942932129e-02
8.429531753063201904e-02
1.249798536300659180e-01
4.344604536890983582e-02
5.114913731813430786e-02
1.028213351964950562e-01
8.687577396631240845e-02
9.960687160491943359e-02
7.035075128078460693e-02
1.670990288257598877e-01
1.027645617723464966e-01
9.746511280536651611e-02
6.558179110288619995e-02
2.892533838748931885e-01
2.622062154114246368e-02
6.074806675314903259e-02
9.624060988426208496e-02
4.752679169178009033e-02
1.301737427711486816e-01
7.678878307342529297e-02
8.690013736486434937e-02
7.987396121025085449e-01
1.115888878703117371e-01
2.828578352928161621e-01
5.935058742761611938e-02
5.702407285571098328e-02
8.154971152544021606e-02
6.787711381912231445e-02
6.625892966985702515e-02
4.495365545153617859e-02
3.810384869575500488e-02
1.623033285140991211e-01
6.475310027599334717e-02
1.313365250825881958e-01
3.760463371872901917e-02
3.921529650688171387e-02
7.768097519874572754e-02
1.160122454166412354e-01
7.720740139484405518e-02
1.767914146184921265e-01
1.178174093365669250e-01
4.170097708702087402e-01
2.260628342628479004e-02
3.657652437686920166e-02
1.457411944866180420e-01
2.398430556058883667e-01
6.663152575492858887e-02
5.020093917846679688e-02
8.866494894027709961e-02
9.522295743227005005e-02
1.336685419082641602e-01
1.165792867541313171e-01
2.507026493549346924e-02
2.714734077453613281e-01
7.178106904029846191e-02
2.600603401660919189e-01
1.892787665128707886e-01
5.353477001190185547e-01
1.261228024959564209e-01
3.320194780826568604e-02
3.272842243313789368e-02
8.622970432043075562e-02
9.596783518791198730e-01
8.559062480926513672e-01
1.426324844360351562e-01
4.446771368384361267e-02
2.378812432289123535e-01
6.823521256446838379e-01
3.921788185834884644e-02
7.902409136295318604e-02
8.941194415092468262e-02
1.515161991119384766e-01
1.002995595335960388e-01
7.057518512010574341e-02
5.104348808526992798e-02
2.046279981732368469e-02
4.493073374032974243e-02
9.346894919872283936e-02
1.569241583347320557e-01
7.262708991765975952e-02
2.269419133663177490e-01
3.032311610877513885e-02
4.115911424160003662e-01
1.338908821344375610e-01
8.651507645845413208e-02
4.535540938377380371e-02
3.337299078702926636e-02
3.637955710291862488e-02
2.787523716688156128e-02
4.137773066759109497e-02
7.270391285419464111e-02
9.773433953523635864e-02
3.378212079405784607e-02
5.612113326787948608e-02
6.741700321435928345e-02
4.077623486518859863e-01
1.644752919673919678e-01
1.465902924537658691e-01
1.685303598642349243e-01
1.783621609210968018e-01
7.451702356338500977e-01
2.121914774179458618e-01
3.060960210859775543e-02
4.731451570987701416e-01
5.474310740828514099e-02
7.956866174936294556e-02
8.519848436117172241e-02
1.866741776466369629e-01
4.285714030265808105e-01
2.340623885393142700e-01
3.326452672481536865e-01
1.190212368965148926e-01
1.363192051649093628e-01
1.071460470557212830e-01
1.876172982156276703e-02
1.854165345430374146e-01
5.450550466775894165e-02
3.925638794898986816e-01
6.899145245552062988e-02
9.183064103126525879e-02
1.254819929599761963e-01
1.505788415670394897e-01
4.669119790196418762e-02
8.085105568170547485e-02
6.395665556192398071e-02
6.348463296890258789e-01
1.349958777427673340e-01
7.590694725513458252e-02
7.245346903800964355e-02
8.851917833089828491e-02
2.851219475269317627e-01
4.225016385316848755e-02
7.382544130086898804e-02
3.075343556702136993e-02
4.580643028020858765e-02
1.116044670343399048e-01
6.283364444971084595e-02
7.014918327331542969e-02
7.283341288566589355e-01
9.014664888381958008e-01
9.461141377687454224e-02
6.788780540227890015e-02
1.060423403978347778e-01
1.353074610233306885e-01
7.517431676387786865e-02
1.017975732684135437e-01
4.678900167346000671e-02
4.259926453232765198e-02
7.788870483636856079e-02
2.039732933044433594e-01
7.036230713129043579e-02
9.493346326053142548e-03
4.033102393150329590e-01
2.701489254832267761e-02
3.239532709121704102e-01
6.288019418716430664e-01
1.343732923269271851e-01
4.117707535624504089e-02
8.031690120697021484e-02
6.747290492057800293e-02
9.249579906463623047e-02
1.089564561843872070e-01
1.255303472280502319e-01
5.790169835090637207e-01
2.973880171775817871e-01
1.422695964574813843e-01
7.743720710277557373e-02
4.074011445045471191e-01
4.672266542911529541e-02
7.840631157159805298e-02
8.481459319591522217e-02
5.082365125417709351e-02
4.543585330247879028e-02
1.031519994139671326e-01
3.037386387586593628e-02
9.749320894479751587e-02
1.258521825075149536e-01
5.740976333618164062e-02
1.730672419071197510e-01
8.428701758384704590e-02
2.449440807104110718e-01
7.480495423078536987e-02
2.675116248428821564e-02
1.233179792761802673e-01
7.245261073112487793e-01
3.803185522556304932e-01
3.733630478382110596e-01
2.713542990386486053e-02
2.027708664536476135e-02
1.153106801211833954e-02
7.615391165018081665e-02
2.478642947971820831e-02
4.289533495903015137e-01
7.791157364845275879e-01
4.589416384696960449e-01
4.871482029557228088e-02
1.799152977764606476e-02
9.913087636232376099e-02
5.477367639541625977e-01
1.017324626445770264e-01
6.747058033943176270e-02
4.560176283121109009e-02
1.880513727664947510e-01
5.866192281246185303e-02
4.140190780162811279e-02
7.109820097684860229e-02
3.339152783155441284e-02
4.511565342545509338e-02
5.320727452635765076e-02
6.221584975719451904e-02
1.412185728549957275e-01
7.078461349010467529e-02
2.821205556392669678e-01
5.724112316966056824e-02
1.024018377065658569e-01
3.279604762792587280e-02
6.320048123598098755e-02
8.900344371795654297e-02
1.159044653177261353e-01
8.642867207527160645e-02
6.432311236858367920e-02
2.543747425079345703e-02
4.502970725297927856e-02
9.236577898263931274e-02
9.505625814199447632e-02
2.792811393737792969e-02
1.145065426826477051e-01
6.761871278285980225e-02
2.419298887252807617e-02
1.284555345773696899e-01
3.279240801930427551e-02
2.254803776741027832e-01
6.258172541856765747e-02
2.670834213495254517e-02
4.353079944849014282e-02
1.036820933222770691e-01
6.553846001625061035e-01
1.525944378226995468e-02
4.067190587520599365e-01
1.016362607479095459e-01
2.664868831634521484e-01
5.548111200332641602e-01
2.467585951089859009e-01
8.059674501419067383e-02
2.244043722748756409e-02
5.683911219239234924e-02
4.110226035118103027e-01
4.777355119585990906e-02
1.566277593374252319e-01
2.957216836512088776e-02
6.805248558521270752e-02
9.138732403516769409e-02
8.350995928049087524e-02
8.676972985267639160e-02
3.240716084837913513e-02
5.805471539497375488e-02
3.402038663625717163e-02
7.428619265556335449e-02
2.429605089128017426e-02
3.656101971864700317e-02
6.620888411998748779e-02
8.120069652795791626e-02
6.497345119714736938e-02
1.095865815877914429e-01
8.147813379764556885e-02
4.121284931898117065e-02
9.550159424543380737e-02
2.881879732012748718e-02
9.252726286649703979e-02
5.534584075212478638e-02
9.455330669879913330e-02
3.716630861163139343e-02
7.393545657396316528e-02
2.352945953607559204e-01
1.153743118047714233e-01
2.302378788590431213e-02
1.955880224704742432e-02
5.276634544134140015e-02
8.013054728507995605e-02
8.689400553703308105e-01
3.088412284851074219e-01
1.970075368881225586e-01
7.025098055601119995e-02
2.211835980415344238e-01
4.034082964062690735e-02
3.042047470808029175e-02
6.486768275499343872e-02
8.513788878917694092e-02
4.854625836014747620e-02
9.969634413719177246e-01
8.356180787086486816e-01
1.924272067844867706e-02
2.654007077217102051e-01
1.572415381669998169e-01
3.668648600578308105e-01
4.259550198912620544e-02
4.035954922437667847e-02
8.821320533752441406e-02
5.289359018206596375e-02
5.240883678197860718e-02
2.369914017617702484e-02
1.055964678525924683e-01
8.574916720390319824e-01
3.275831043720245361e-01
1.165292784571647644e-01
8.878932148218154907e-02
3.807608038187026978e-02
1.000504940748214722e-01
1.618781238794326782e-01
9.280561804771423340e-01
7.275394797325134277e-01
1.221358105540275574e-01
3.979199752211570740e-02
8.825986087322235107e-02
8.742414116859436035e-01
2.012491524219512939e-01
3.780347853899002075e-02
1.822472065687179565e-01
1.281213164329528809e-01
7.836220413446426392e-02
9.999705553054809570e-01
9.998750686645507812e-01
2.801624238491058350e-01
4.189812242984771729e-01
1.043693423271179199e-01
6.620171666145324707e-02
3.818549960851669312e-02
2.884167134761810303e-01
7.015078067779541016e-01
9.128941595554351807e-02
1.023868247866630554e-01
5.725975036621093750e-01
2.839244715869426727e-02
2.787894010543823242e-02
8.502923697233200073e-02
2.848406508564949036e-02
3.918295353651046753e-02
1.166783571243286133e-01
6.873829662799835205e-02
1.588895022869110107e-01
1.992999613285064697e-01
5.743148922920227051e-02
1.066678464412689209e-01
3.305331990122795105e-02
5.679236054420471191e-01
5.558093264698982239e-02
4.485544934868812561e-02
5.001637935638427734e-01
3.926251828670501709e-01
9.300789237022399902e-02
6.753413379192352295e-02
1.145846173167228699e-01
1.082398220896720886e-01
9.713540673255920410e-01
9.828715324401855469e-01
3.928129374980926514e-02
8.113494515419006348e-02
4.109846428036689758e-02
6.185597181320190430e-02
5.791233852505683899e-02
3.813924640417098999e-02
1.156160905957221985e-01
8.294326812028884888e-02
3.264551982283592224e-02
1.134294420480728149e-01
9.835777282714843750e-01
9.969958066940307617e-01
3.797687888145446777e-01
7.282636314630508423e-02
1.837877184152603149e-01
4.254554510116577148e-01
4.254554510116577148e-01
4.254554510116577148e-01
4.254554510116577148e-01
4.254554510116577148e-01
4.254554510116577148e-01
2.524314820766448975e-01
4.735216200351715088e-01
5.137125253677368164e-01
5.470471978187561035e-01
6.832738220691680908e-02
1.802293397486209869e-02
4.543347656726837158e-02
7.322383671998977661e-02
8.458484709262847900e-02
3.153063952922821045e-01
9.847666621208190918e-01
9.595820903778076172e-01
4.434789344668388367e-02
7.070589065551757812e-01
7.638337016105651855e-01
1.011810824275016785e-01
1.547468155622482300e-01
7.393075525760650635e-02
2.493344992399215698e-01
1.200598254799842834e-01
6.592622399330139160e-02
5.914729461073875427e-02
6.008182168006896973e-01
1.973554939031600952e-01
6.917545944452285767e-02
2.021994441747665405e-01
4.154158756136894226e-02
5.997579544782638550e-02
3.500639796257019043e-01
2.659334540367126465e-01
1.081991717219352722e-01
7.093718647956848145e-02
1.226106658577919006e-01
5.912822857499122620e-02
1.139834299683570862e-01
3.030563890933990479e-01
2.887373417615890503e-02
5.937436595559120178e-02
1.377817243337631226e-01
1.791214495897293091e-01
4.619969427585601807e-01
4.624770209193229675e-02
1.291991919279098511e-01
1.010190993547439575e-01
3.528540432453155518e-01
1.155197471380233765e-01
5.856728553771972656e-02
2.205865830183029175e-01
3.231659904122352600e-02
3.341846913099288940e-02
1.605555713176727295e-01
7.025843858718872070e-02
3.016596138477325439e-01
8.237252384424209595e-02
4.571153521537780762e-01
1.526252925395965576e-01
6.439394503831863403e-02
5.310910195112228394e-02
7.154456526041030884e-02
1.040888801217079163e-01
5.890688300132751465e-02
2.662215568125247955e-02
8.532741665840148926e-02
7.027792185544967651e-02
3.151617944240570068e-02
5.792911723256111145e-02
7.730560749769210815e-02
6.024476140737533569e-02
9.118405729532241821e-02
8.735886216163635254e-02
8.641225844621658325e-02
8.209947496652603149e-02
1.182127594947814941e-01
7.965025305747985840e-02
5.885463207960128784e-02
7.539486885070800781e-02
8.394777029752731323e-02
5.064144730567932129e-02
1.648843288421630859e-01
8.051203191280364990e-02
1.178727596998214722e-01
5.454404652118682861e-02
5.398789048194885254e-02
5.601732060313224792e-02
5.966117233037948608e-02
4.052254557609558105e-02
9.647330641746520996e-02
7.506369352340698242e-01
4.099109172821044922e-01
7.799752056598663330e-02
1.446278840303421021e-01
9.213926643133163452e-02
1.055698990821838379e-01
5.462206155061721802e-02
2.467899210751056671e-02
2.840350270271301270e-01
4.153929054737091064e-01
8.712262660264968872e-02
5.780506506562232971e-02
1.180390566587448120e-01
2.085074633359909058e-01
3.607272505760192871e-01
5.839925259351730347e-02
1.652311086654663086e-01
2.602558732032775879e-01
5.645644292235374451e-02
5.074423924088478088e-02
2.995389997959136963e-01
4.538867250084877014e-02
2.580174431204795837e-02
1.622342765331268311e-01
6.871083378791809082e-02
7.437548786401748657e-02
3.576064482331275940e-02
2.700000405311584473e-01
9.671162962913513184e-01
9.297017455101013184e-01
8.596111536026000977e-01
1.456166654825210571e-01
1.149873435497283936e-01
8.076506108045578003e-02
9.981541037559509277e-01
3.515211492776870728e-02
6.512781977653503418e-01
9.036967903375625610e-02
6.470268368721008301e-01
2.002277672290802002e-01
1.986019164323806763e-01
4.975559189915657043e-02
7.656998187303543091e-02
5.196145176887512207e-01
6.147293001413345337e-02
3.719646036624908447e-01
5.832559242844581604e-02
7.970867305994033813e-02
7.717254012823104858e-02
7.012738287448883057e-02
5.071988329291343689e-02
8.668842911720275879e-02
1.324213296175003052e-01
6.236402690410614014e-02
3.407966718077659607e-02
4.909821599721908569e-02
6.922084093093872070e-02
1.286974847316741943e-01
7.343600690364837646e-02
3.687550127506256104e-02
9.208899736404418945e-02
6.752111762762069702e-02
7.053372263908386230e-02
1.007684096693992615e-01
1.026332378387451172e-01
6.002934277057647705e-02
3.150542378425598145e-01
5.089560151100158691e-01
6.632724404335021973e-02
1.404493302106857300e-01
2.296212129294872284e-02
2.024035528302192688e-02
6.512306630611419678e-02
1.985279321670532227e-01
6.938167661428451538e-02
8.071576058864593506e-02
8.263469487428665161e-02
5.583304539322853088e-02
2.137218862771987915e-01
5.219281315803527832e-01
8.238563686609268188e-02
1.100247576832771301e-01
7.041819393634796143e-02
1.780755072832107544e-02
1.681774407625198364e-01
4.444491490721702576e-02
2.815540879964828491e-02
6.538992375135421753e-02
3.031317889690399170e-01
1.589081287384033203e-01
1.323741674423217773e-01
2.672291398048400879e-01
3.201999962329864502e-01
1.774885654449462891e-01
6.010148674249649048e-02
5.996258258819580078e-01
4.747530519962310791e-01
9.321624040603637695e-02
1.520583778619766235e-01
2.506957016885280609e-02
9.921232610940933228e-02
1.717082560062408447e-01
1.104359403252601624e-01
7.844977080821990967e-02
4.634035378694534302e-02
7.760364562273025513e-02
6.216437369585037231e-02
1.020686924457550049e-01
1.994786709547042847e-01
6.759022176265716553e-02
5.649294331669807434e-02
1.073509231209754944e-01
3.495679050683975220e-02
6.100820302963256836e-01
5.744925141334533691e-02
9.522949159145355225e-02
1.248043254017829895e-01
5.672653764486312866e-02
4.853259772062301636e-02
5.150501802563667297e-02
9.231118112802505493e-02
3.545571118593215942e-02
7.577046006917953491e-02
2.815035358071327209e-02
9.659498929977416992e-02
1.525140404701232910e-01
8.503313362598419189e-02
6.092876568436622620e-02
1.131415665149688721e-01
1.146144270896911621e-01
1.842029988765716553e-01
4.292190819978713989e-02
2.785486280918121338e-01
1.364361792802810669e-01
1.237312406301498413e-01
2.426607459783554077e-01
3.665291666984558105e-01
1.518937498331069946e-01
4.557020962238311768e-02
8.518837392330169678e-02
1.053757518529891968e-01
1.350264996290206909e-01
1.141988113522529602e-01
2.297406271100044250e-02
1.452593058347702026e-01
1.543265879154205322e-01
2.739634178578853607e-02
2.384379059076309204e-01
1.043123155832290649e-01
7.440283894538879395e-02
3.574929237365722656e-01
4.339485764503479004e-01
8.237493783235549927e-02
7.243060320615768433e-02
1.812793165445327759e-01
6.231667399406433105e-01
5.580165982246398926e-02
4.193157702684402466e-02
8.601068705320358276e-02
7.928467541933059692e-02
8.439413309097290039e-01
3.041677549481391907e-02
1.090608686208724976e-01
2.485735714435577393e-02
2.322123199701309204e-01
6.503163576126098633e-01
4.446111246943473816e-02
5.020219832658767700e-02
8.093881607055664062e-02
1.291457712650299072e-01
6.551592797040939331e-02
1.136208325624465942e-01
4.875183477997779846e-02
7.207652926445007324e-02
1.557878702878952026e-01
8.242427557706832886e-02
1.420121192932128906e-01
1.407692432403564453e-01
1.170900464057922363e-01
1.150474175810813904e-01
7.799742370843887329e-02
6.806943565607070923e-02
5.118307471275329590e-02
5.539882928133010864e-02
8.341030776500701904e-02
6.951956450939178467e-02
1.096984148025512695e-01
2.214262261986732483e-02
3.782889619469642639e-02
1.650687158107757568e-01
1.456374228000640869e-01
9.254302084445953369e-02
4.710162431001663208e-02
8.132795244455337524e-02
7.767829298973083496e-02
5.026011541485786438e-02
8.344312012195587158e-02
7.908406108617782593e-02
3.440740332007408142e-02
6.640592217445373535e-02
8.431616425514221191e-02
1.079664379358291626e-01
8.035012334585189819e-02
1.376682668924331665e-01
7.353806495666503906e-02
6.427063792943954468e-02
3.327659517526626587e-02
1.261464804410934448e-01
9.756658226251602173e-02
9.937474876642227173e-02
1.142016947269439697e-01
1.111833304166793823e-01
1.122426763176918030e-01
4.175455868244171143e-02
6.472325325012207031e-02
1.201522871851921082e-01
1.362013369798660278e-01
9.547984600067138672e-02
1.216477677226066589e-01
4.070109128952026367e-02
3.711959347128868103e-02
4.633402451872825623e-02
7.459266483783721924e-02
2.961696311831474304e-02
6.576224416494369507e-02
9.823452681303024292e-02
4.850118234753608704e-02
7.661470025777816772e-02
5.453122407197952271e-02
5.749422907829284668e-01
6.304823756217956543e-01
2.986286580562591553e-01
5.110496655106544495e-02
9.866153448820114136e-02
2.540792226791381836e-01
1.040369346737861633e-01
6.549313664436340332e-02
1.037028804421424866e-01
1.372274905443191528e-01
4.366250708699226379e-02
6.288326531648635864e-02
7.653797417879104614e-02
3.089904785156250000e-02
5.718838423490524292e-02
1.141140311956405640e-01
7.431618869304656982e-02
7.412011176347732544e-02
1.478354483842849731e-01
8.775867521762847900e-02
3.505725041031837463e-02
6.505105644464492798e-02
6.184641271829605103e-02
4.306552186608314514e-02
2.679304406046867371e-02
5.102924704551696777e-01
9.391490370035171509e-02
1.252913326025009155e-01
1.211145371198654175e-01
3.502098023891448975e-01
1.056050285696983337e-01
1.955547779798507690e-01
6.689035296440124512e-01
3.938119485974311829e-02
2.482867427170276642e-02
6.377635151147842407e-02
6.943657249212265015e-02
4.250116273760795593e-02
4.331052303314208984e-02
9.330859035253524780e-02
1.552512049674987793e-01
3.951078355312347412e-01
3.640082478523254395e-01
7.320252805948257446e-02
3.880559653043746948e-02
6.958252936601638794e-02
5.459050536155700684e-01
4.561822861433029175e-02
6.761324405670166016e-02
1.003079041838645935e-01
3.632542863488197327e-02
1.581133753061294556e-01
4.986745715141296387e-01
6.044833064079284668e-01
2.334977835416793823e-01
5.703976377844810486e-02
6.368876248598098755e-02
1.127509549260139465e-01
9.579140692949295044e-02
3.182148560881614685e-02
1.742815226316452026e-01
2.946928888559341431e-02
3.870199620723724365e-02
4.127426445484161377e-01
4.408554732799530029e-02
1.072293072938919067e-01
8.883196860551834106e-02
2.209722809493541718e-02
7.700105011463165283e-02
3.171538934111595154e-02
3.546357899904251099e-02
9.978627562522888184e-01
7.801546454429626465e-01
4.040034487843513489e-02
8.531694114208221436e-02
7.085575461387634277e-01
7.984071373939514160e-01
4.099648818373680115e-02
8.754684776067733765e-02
1.448212563991546631e-01
5.572110414505004883e-02
9.516907483339309692e-02
2.939959466457366943e-01
2.149182558059692383e-02
5.671470761299133301e-01
3.605121746659278870e-02
5.092687532305717468e-02
5.504101514816284180e-02
5.969145894050598145e-02
1.571985185146331787e-01
7.382266968488693237e-02
3.267161175608634949e-02
5.465735495090484619e-02
2.239269465208053589e-01
5.522289127111434937e-02
5.910926312208175659e-02
4.449141919612884521e-01
1.095517650246620178e-01
6.902568042278289795e-02
3.875628858804702759e-02
4.833136498928070068e-02
7.436148822307586670e-02
8.980335295200347900e-02
3.748394921422004700e-02
4.677304625511169434e-02
1.901352591812610626e-02
4.516232758760452271e-02
4.113402217626571655e-02
5.525347217917442322e-02
6.024922057986259460e-02
2.180215567350387573e-01
1.238451376557350159e-01
