9.816842675209045410e-01
4.581055343151092529e-01
8.550268411636352539e-02
1.419768631458282471e-01
1.382157653570175171e-01
6.794229149818420410e-02
6.710185110569000244e-02
2.252557724714279175e-01
3.292043134570121765e-02
6.282262504100799561e-02
1.030270084738731384e-01
1.565476059913635254e-01
8.297574520111083984e-01
8.497114181518554688e-01
5.369519442319869995e-02
3.862937912344932556e-02
5.964177846908569336e-01
1.262723654508590698e-01
7.820872962474822998e-02
7.783669829368591309e-01
1.304318904876708984e-01
4.616620838642120361e-01
8.086574077606201172e-02
4.363877326250076294e-02
8.438951522111892700e-02
3.672824501991271973e-01
9.850372672080993652e-01
9.522379636764526367e-01
1.191275939345359802e-01
1.015017405152320862e-01
4.318442940711975098e-01
8.210748434066772461e-02
1.336092799901962280e-01
2.903068959712982178e-01
3.341611027717590332e-01
7.942636311054229736e-02
9.123678505420684814e-02
6.058187782764434814e-02
7.515721023082733154e-02
4.146005585789680481e-02
6.479319185018539429e-02
1.642918214201927185e-03
1.299176272004842758e-02
8.448135852813720703e-02
3.764975070953369141e-02
9.265439584851264954e-03
1.830641366541385651e-02
6.583709269762039185e-03
8.432471007108688354e-02
2.853653393685817719e-03
8.342103101313114166e-03
7.574556395411491394e-03
2.705799043178558350e-02
4.204386100172996521e-02
4.863098263740539551e-02
9.879583120346069336e-02
9.738808870315551758e-02
8.240946531295776367e-01
7.255597114562988281e-01
8.420579135417938232e-03
2.745386958122253418e-01
3.168011307716369629e-01
4.835617542266845703e-02
2.405964583158493042e-01
5.552959442138671875e-02
4.973774775862693787e-02
3.449009358882904053e-02
3.998006507754325867e-02
6.975031644105911255e-02
9.837409853935241699e-02
7.856518030166625977e-02
7.962906733155250549e-03
3.217584639787673950e-02
7.016548514366149902e-02
5.621954426169395447e-02
4.515740275382995605e-02
2.529160305857658386e-02
1.435956079512834549e-02
4.954429715871810913e-02
4.566429182887077332e-02
8.852721005678176880e-02
6.337800621986389160e-02
4.087803512811660767e-02
3.494234010577201843e-02
9.445300698280334473e-02
3.440749645233154297e-02
1.263878792524337769e-01
2.171844393014907837e-01
4.578951895236968994e-01
6.249283552169799805e-01
8.035378903150558472e-02
7.529655098915100098e-02
6.739559024572372437e-02
2.877980284392833710e-02
6.209230050444602966e-02
2.379225753247737885e-02
1.663644798099994659e-02
1.767135411500930786e-02
3.256313875317573547e-02
7.870322465896606445e-02
2.534431777894496918e-02
1.210929267108440399e-02
8.756304159760475159e-03
3.904146701097488403e-02
1.843421161174774170e-01
1.471777539700269699e-02
4.569675400853157043e-02
4.260706529021263123e-02
1.034709736704826355e-01
1.010169908404350281e-01
9.307215362787246704e-02
9.853201359510421753e-02
6.695612519979476929e-02
4.677950739860534668e-01
5.610283464193344116e-02
1.847071200609207153e-01
9.919524788856506348e-01
1.055031120777130127e-01
1.113819032907485962e-01
1.779277622699737549e-01
6.692864894866943359e-01
1.407922208309173584e-01
5.923127382993698120e-02
2.718481421470642090e-02
7.431336492300033569e-02
5.660586059093475342e-02
1.151686906814575195e-02
3.527837246656417847e-02
5.836383104324340820e-01
9.999336004257202148e-01
5.230784788727760315e-02
3.525465726852416992e-02
3.900403156876564026e-02
1.781538315117359161e-02
1.120995208621025085e-01
2.853186428546905518e-01
6.223078966140747070e-01
1.037664897739887238e-02
1.143156550824642181e-02
6.133892536163330078e-01
4.598016142845153809e-01
8.603327721357345581e-02
9.754494577646255493e-02
2.961221523582935333e-02
1.919687911868095398e-02
4.605604801326990128e-03
1.734713651239871979e-02
9.709505736827850342e-02
1.572387516498565674e-01
4.774231091141700745e-02
3.839317336678504944e-02
8.496043682098388672e-01
2.209273576736450195e-01
8.485320955514907837e-02
1.066068708896636963e-01
6.417255848646163940e-02
2.893797494471073151e-02
1.549897342920303345e-01
5.688689649105072021e-02
4.969523847103118896e-02
9.629117697477340698e-02
2.377887815237045288e-01
3.789536282420158386e-02
8.698513731360435486e-03
7.580473273992538452e-02
7.213420420885086060e-02
1.155273057520389557e-02
2.253984659910202026e-02
7.027602195739746094e-02
8.001739531755447388e-02
1.003161296248435974e-01
8.458711504936218262e-01
8.247108012437820435e-02
4.291805624961853027e-02
2.630371600389480591e-02
1.143317744135856628e-01
6.094542145729064941e-02
8.359304070472717285e-02
3.429521620273590088e-02
4.707993939518928528e-02
9.049958735704421997e-02
5.648430436849594116e-02
1.353971287608146667e-02
7.791721820831298828e-02
3.854446858167648315e-02
1.989924535155296326e-02
1.465293206274509430e-02
6.615292280912399292e-02
9.644716233015060425e-02
7.819728553295135498e-02
7.820077240467071533e-02
3.791578114032745361e-02
6.070105358958244324e-02
2.301158159971237183e-01
8.778247982263565063e-02
5.184701457619667053e-02
8.252823352813720703e-02
1.003852207213640213e-02
8.246727287769317627e-02
2.521724253892898560e-02
1.771738566458225250e-02
4.032882675528526306e-02
1.300669740885496140e-02
2.598937414586544037e-02
8.955480158329010010e-02
9.098724275827407837e-02
5.447175726294517517e-02
6.380201131105422974e-02
4.707265645265579224e-02
7.214244604110717773e-01
4.468297958374023438e-02
7.444333750754594803e-03
4.682280868291854858e-02
1.376968622207641602e-01
1.390815973281860352e-01
4.339208360761404037e-03
5.108371004462242126e-02
8.202242851257324219e-02
9.130996465682983398e-02
4.587594792246818542e-02
3.657744964584708214e-03
1.264890842139720917e-02
3.871426358819007874e-02
7.235036790370941162e-02
6.508941203355789185e-02
8.683141320943832397e-02
2.254983969032764435e-02
3.052110783755779266e-02
2.345046214759349823e-02
2.905021794140338898e-02
1.629234850406646729e-02
2.063769549131393433e-01
3.719016611576080322e-01
1.702480576932430267e-02
2.379591912031173706e-01
3.226693719625473022e-02
4.770501703023910522e-02
9.403798729181289673e-02
9.390746355056762695e-01
9.003790020942687988e-01
2.110175937414169312e-01
5.225427150726318359e-01
7.716788351535797119e-02
1.290989518165588379e-01
2.045636251568794250e-02
7.443561404943466187e-02
6.769917905330657959e-02
8.056132197380065918e-01
8.394386768341064453e-01
1.544119119644165039e-01
9.745237231254577637e-02
7.282257825136184692e-02
2.634454965591430664e-01
2.800121009349822998e-01
9.756354242563247681e-02
5.680046603083610535e-02
3.195476830005645752e-01
1.071908250451087952e-01
5.839952081441879272e-02
2.277804762125015259e-01
1.909106522798538208e-01
1.070630550384521484e-01
1.338766813278198242e-01
8.216923475265502930e-02
1.222403626888990402e-02
5.281582474708557129e-02
2.372613549232482910e-02
7.709065675735473633e-01
7.525151371955871582e-01
1.349121183156967163e-01
8.366052806377410889e-02
1.419038623571395874e-01
3.856615722179412842e-02
9.401182085275650024e-02
1.836996078491210938e-01
5.026130005717277527e-02
2.196737974882125854e-01
7.498899847269058228e-02
1.522175073623657227e-01
2.096085995435714722e-01
1.450460106134414673e-01
2.138181626796722412e-01
8.830191940069198608e-02
4.227457940578460693e-02
9.332215785980224609e-02
7.655304670333862305e-02
2.209683135151863098e-02
7.995446324348449707e-01
8.543517589569091797e-01
9.918444752693176270e-01
3.245642185211181641e-01
5.947913601994514465e-02
7.793270796537399292e-02
4.783822000026702881e-01
4.291351512074470520e-02
7.690157741308212280e-02
2.551269531250000000e-01
2.657718062400817871e-01
7.761084288358688354e-02
1.106855496764183044e-01
1.068059429526329041e-01
1.436191946268081665e-01
9.188095480203628540e-02
1.966922432184219360e-01
1.859441846609115601e-01
1.696421056985855103e-01
7.842933386564254761e-02
4.077643528580665588e-02
7.462053000926971436e-02
4.688290357589721680e-01
9.071817398071289062e-01
8.784900307655334473e-01
6.065677106380462646e-02
3.201052919030189514e-02
2.180487662553787231e-02
4.206852614879608154e-02
2.092858254909515381e-01
7.560871541500091553e-02
1.886378228664398193e-02
1.899437420070171356e-02
1.449245959520339966e-01
4.344824329018592834e-02
1.727575249969959259e-02
2.368962578475475311e-02
1.448557227849960327e-01
5.776649713516235352e-01
4.355130195617675781e-01
1.699621677398681641e-01
1.622834801673889160e-01
4.245869219303131104e-01
4.783265590667724609e-01
1.024659350514411926e-01
2.418320924043655396e-01
1.001542061567306519e-01
9.232993125915527344e-01
1.669064462184906006e-01
8.302172422409057617e-01
1.479999125003814697e-01
1.229274123907089233e-01
9.730730652809143066e-01
1.223989203572273254e-01
2.151186317205429077e-01
3.827166557312011719e-02
1.443827301263809204e-01
1.542707383632659912e-01
2.423876896500587463e-02
4.522665962576866150e-02
6.521406173706054688e-01
6.180353164672851562e-01
6.257779598236083984e-01
2.914077639579772949e-01
7.552456855773925781e-01
4.842916727066040039e-01
3.390869870781898499e-02
5.512962117791175842e-02
1.394049525260925293e-01
1.220597624778747559e-01
1.549396514892578125e-01
6.058381870388984680e-02
1.579110026359558105e-01
1.721456944942474365e-01
2.677173912525177002e-01
2.095406875014305115e-02
8.720427751541137695e-02
2.830137126147747040e-02
3.143686056137084961e-02
2.418972924351692200e-02
2.944123446941375732e-01
1.210434064269065857e-01
1.521660983562469482e-01
1.519836336374282837e-01
8.559400439262390137e-01
9.138074517250061035e-01
1.081265360116958618e-01
2.369380593299865723e-01
5.273281037807464600e-02
5.379077047109603882e-02
4.282780364155769348e-02
7.135147228837013245e-03
1.214464660733938217e-02
2.787677571177482605e-02
3.424299135804176331e-02
9.582795947790145874e-02
4.284407198429107666e-02
3.160318732261657715e-02
3.975028544664382935e-02
1.391735821962356567e-01
2.895371615886688232e-02
3.569515794515609741e-02
3.094416670501232147e-02
2.059559896588325500e-02
1.875406689941883087e-02
2.332696132361888885e-02
4.289826750755310059e-02
1.396870315074920654e-01
5.924932286143302917e-02
4.180657863616943359e-02
6.144279837608337402e-01
4.689036905765533447e-01
3.087786585092544556e-02
2.495910972356796265e-01
1.333738267421722412e-01
1.322815120220184326e-01
1.902216672897338867e-01
2.383662015199661255e-02
2.286250144243240356e-02
2.505976855754852295e-01
4.572341963648796082e-02
6.123175099492073059e-02
5.671267211437225342e-02
3.221358358860015869e-02
6.499003618955612183e-02
2.801924571394920349e-02
1.312852650880813599e-01
8.704050444066524506e-03
1.769830882549285889e-01
7.512817978858947754e-01
9.790179729461669922e-01
3.235855698585510254e-01
2.514741122722625732e-01
2.901547215878963470e-02
9.998465776443481445e-01
9.550536870956420898e-01
4.638741165399551392e-02
2.202024124562740326e-02
1.522628311067819595e-02
1.704358607530593872e-01
5.406028032302856445e-02
6.056212261319160461e-02
5.220397934317588806e-02
9.832505136728286743e-02
4.096341133117675781e-02
3.695674240589141846e-02
6.440421938896179199e-02
8.905317634344100952e-02
6.657539308071136475e-02
8.048632740974426270e-02
3.931712731719017029e-02
9.014341235160827637e-02
3.513243794441223145e-02
2.556509338319301605e-03
1.281914953142404556e-02
8.025010675191879272e-02
1.731865555047988892e-01
6.396344900131225586e-01
2.131859362125396729e-01
3.011574745178222656e-01
2.805715240538120270e-02
4.861046001315116882e-02
3.350481018424034119e-02
1.184556186199188232e-01
3.006242811679840088e-01
8.937116712331771851e-02
4.375290498137474060e-02
4.021235555410385132e-02
2.255014479160308838e-01
9.860602766275405884e-02
1.148803234100341797e-01
5.149643123149871826e-02
3.260096162557601929e-02
4.503378868103027344e-01
8.210752904415130615e-02
1.006932482123374939e-01
8.922212570905685425e-02
6.614206731319427490e-02
2.468676306307315826e-02
4.258502274751663208e-02
8.923753350973129272e-02
2.749009132385253906e-01
4.066262245178222656e-01
9.006526321172714233e-02
1.750417649745941162e-01
7.126626558601856232e-03
4.483010154217481613e-03
3.653788939118385315e-02
1.276586949825286865e-01
4.345597699284553528e-02
1.747129857540130615e-02
1.783418506383895874e-01
9.230786561965942383e-02
1.555796712636947632e-01
7.162412256002426147e-02
9.999948740005493164e-01
9.986610412597656250e-01
4.055377244949340820e-01
1.858348101377487183e-01
6.813312321901321411e-02
9.967610239982604980e-01
9.467597007751464844e-01
1.540848463773727417e-01
4.406734183430671692e-02
8.453042060136795044e-02
1.628002077341079712e-01
9.487001597881317139e-02
3.797107934951782227e-02
1.853331550955772400e-02
5.625807493925094604e-02
1.287141442298889160e-01
1.424959897994995117e-01
1.637172102928161621e-01
8.221480995416641235e-03
6.576883196830749512e-01
6.628686785697937012e-01
7.676380872726440430e-02
6.102174893021583557e-02
2.304741926491260529e-02
8.881719112396240234e-01
9.444050788879394531e-01
5.709218606352806091e-02
8.054137974977493286e-02
3.942693397402763367e-02
1.558221131563186646e-01
1.494579911231994629e-01
2.467429637908935547e-02
8.565479516983032227e-02
7.876677811145782471e-02
4.389140754938125610e-02
1.485562473535537720e-01
6.069746986031532288e-02
6.486714631319046021e-02
2.198085375130176544e-02
7.497739046812057495e-02
6.195981055498123169e-02
3.391980007290840149e-02
1.463971938937902451e-02
2.091722749173641205e-02
7.324051856994628906e-02
1.321507841348648071e-01
3.932462260127067566e-02
1.564524620771408081e-01
4.195214435458183289e-02
1.946420818567276001e-01
1.895299106836318970e-01
3.169057965278625488e-01
2.092676609754562378e-01
5.107818543910980225e-02
6.471766531467437744e-02
1.056114211678504944e-01
1.137816384434700012e-01
2.362072467803955078e-02
2.766572535037994385e-01
3.080362379550933838e-01
5.227471888065338135e-02
9.601046890020370483e-02
1.150280144065618515e-02
3.600562736392021179e-02
1.321415789425373077e-02
3.151744604110717773e-02
8.173655718564987183e-02
8.635629713535308838e-02
9.382610917091369629e-01
1.439920812845230103e-01
2.354383915662765503e-01
5.328648164868354797e-02
5.282459855079650879e-01
4.573097229003906250e-01
7.350417226552963257e-02
7.609971612691879272e-02
9.957019686698913574e-01
2.866613268852233887e-01
6.193280965089797974e-02
1.555613726377487183e-01
5.534438788890838623e-02
6.930536031723022461e-02
4.798491299152374268e-02
3.153786435723304749e-02
2.739731967449188232e-02
9.043943881988525391e-01
1.734764873981475830e-01
7.559897005558013916e-02
2.680039405822753906e-02
3.141940534114837646e-01
2.695622146129608154e-01
3.608411550521850586e-02
2.218993306159973145e-01
2.105427235364913940e-01
3.662026226520538330e-01
6.149358749389648438e-01
5.474942550063133240e-02
4.010700434446334839e-02
7.843186706304550171e-02
6.413978338241577148e-02
1.115443035960197449e-01
6.331054121255874634e-02
3.124292939901351929e-03
4.477582871913909912e-03
3.511705622076988220e-02
1.121533289551734924e-01
9.231805801391601562e-02
1.109855696558952332e-01
9.564344286918640137e-01
7.524497509002685547e-01
1.682976186275482178e-01
1.227163821458816528e-01
5.959378555417060852e-02
7.307253777980804443e-02
8.481495380401611328e-01
9.999732971191406250e-01
1.466746479272842407e-01
6.005965471267700195e-01
3.500557690858840942e-02
3.211564943194389343e-02
1.402350980788469315e-02
1.845194958150386810e-02
5.181753262877464294e-02
6.992650777101516724e-02
7.249741256237030029e-02
8.490554243326187134e-02
1.132650151848793030e-01
1.730355471372604370e-01
9.881922602653503418e-01
9.608709812164306641e-02
2.293368428945541382e-01
9.182350337505340576e-02
1.884158104658126831e-01
9.814759492874145508e-01
1.152511313557624817e-01
5.694513395428657532e-02
1.138303577899932861e-01
7.679048925638198853e-02
2.438960783183574677e-02
7.929219305515289307e-02
9.924474358558654785e-02
1.200716346502304077e-01
4.191339388489723206e-02
6.652724742889404297e-02
1.378430128097534180e-01
1.037955656647682190e-01
1.013652533292770386e-01
3.632692247629165649e-02
5.019335448741912842e-02
3.329308703541755676e-02
2.666440233588218689e-02
1.367460787296295166e-01
5.267719924449920654e-02
3.412435203790664673e-02
2.944263070821762085e-02
1.068243980407714844e-01
3.378625214099884033e-02
1.808875799179077148e-02
3.489239141345024109e-02
9.063905477523803711e-02
2.189100831747055054e-01
4.067384004592895508e-01
5.953348278999328613e-01
9.630429744720458984e-01
5.305723547935485840e-01
1.036213934421539307e-01
4.299343004822731018e-02
7.526840269565582275e-02
5.932375043630599976e-02
3.139030933380126953e-02
7.341839373111724854e-02
6.533835083246231079e-02
1.624245643615722656e-01
1.907441169023513794e-01
1.689679324626922607e-01
9.899444878101348877e-02
1.704826578497886658e-02
1.038601696491241455e-01
1.601274907588958740e-01
2.979249954223632812e-01
4.565105959773063660e-02
6.189612746238708496e-01
3.387682512402534485e-02
8.037306368350982666e-02
1.778827793896198273e-02
2.827662602066993713e-02
8.465879410505294800e-02
6.419587135314941406e-02
4.153829440474510193e-02
7.986647635698318481e-02
3.463574871420860291e-02
6.527968496084213257e-02
2.335985451936721802e-01
2.860196307301521301e-02
3.716495260596275330e-02
8.616626262664794922e-01
9.563550353050231934e-01
3.631169348955154419e-02
7.026139646768569946e-02
3.700715303421020508e-02
6.558225490152835846e-03
2.970515377819538116e-02
8.784981369972229004e-01
8.494205772876739502e-02
6.342662125825881958e-02
5.415102466940879822e-02
1.288850456476211548e-01
2.813407182693481445e-01
5.692249536514282227e-01
1.043722778558731079e-01
4.273739084601402283e-02
3.204145282506942749e-02
2.683178186416625977e-01
6.219952553510665894e-02
2.733622305095195770e-02
4.979477450251579285e-02
1.149328425526618958e-01
7.113024592399597168e-02
9.852885454893112183e-02
5.216756463050842285e-01
1.259583085775375366e-01
1.450587809085845947e-01
1.002091690897941589e-01
1.670730412006378174e-01
1.189675405621528625e-01
1.710521131753921509e-01
8.956375718116760254e-01
8.039054870605468750e-01
1.332437545061111450e-01
5.957373976707458496e-02
9.079057723283767700e-02
4.590357840061187744e-02
8.671710640192031860e-02
7.176943868398666382e-02
3.629907220602035522e-02
1.373059600591659546e-01
2.974180877208709717e-02
1.298242360353469849e-01
8.684650063514709473e-02
6.407856941223144531e-02
8.186829835176467896e-02
1.196100637316703796e-01
2.467940002679824829e-01
1.293618977069854736e-01
4.632034897804260254e-02
2.800195813179016113e-01
5.362690612673759460e-02
5.240983366966247559e-01
5.325176715850830078e-01
3.131606578826904297e-01
1.638895571231842041e-01
1.584313660860061646e-01
2.336747050285339355e-01
1.867576986551284790e-01
5.786157250404357910e-01
1.082354560494422913e-01
1.470087021589279175e-01
2.320092171430587769e-01
7.175435125827789307e-02
1.358592659235000610e-01
5.533703044056892395e-02
8.578549027442932129e-01
4.344766736030578613e-01
7.016813009977340698e-02
1.979164928197860718e-01
6.352623552083969116e-02
6.894904375076293945e-02
1.199655160307884216e-01
1.609883159399032593e-01
8.982804417610168457e-02
8.600592613220214844e-02
7.108681648969650269e-02
6.824696063995361328e-01
4.251486361026763916e-01
1.147773191332817078e-01
6.042480841279029846e-02
6.895727664232254028e-02
1.030408442020416260e-01
7.109463959932327271e-02
1.589509248733520508e-01
3.901552781462669373e-02
1.177755370736122131e-01
8.079620599746704102e-01
2.622267790138721466e-02
4.457699656486511230e-01
1.851361542940139771e-01
8.439443260431289673e-02
1.795065104961395264e-01
1.021174937486648560e-01
9.271851927042007446e-02
8.851408362388610840e-01
1.932191103696823120e-01
9.947728514671325684e-01
5.174990892410278320e-01
1.572877354919910431e-02
1.089893504977226257e-01
3.140852972865104675e-02
4.197781533002853394e-02
1.710494458675384521e-01
1.460296660661697388e-01
8.021138608455657959e-02
4.870370775461196899e-02
7.277583330869674683e-02
3.529778122901916504e-01
8.423804044723510742e-01
9.366292357444763184e-01
2.706616222858428955e-01
7.151988893747329712e-02
8.215159922838211060e-02
5.245111137628555298e-02
1.459129452705383301e-01
8.363635838031768799e-02
6.782959401607513428e-02
3.075043298304080963e-02
2.881617546081542969e-01
3.097925782203674316e-01
2.990771643817424774e-02
5.900262296199798584e-02
5.373129621148109436e-02
4.382506012916564941e-02
4.397829622030258179e-02
8.518040180206298828e-02
7.218258827924728394e-02
4.084695130586624146e-02
7.636947035789489746e-01
8.091795444488525391e-01
9.832121729850769043e-01
9.909002780914306641e-01
1.090908721089363098e-01
6.586442887783050537e-02
2.471529133617877960e-02
1.594835966825485229e-01
1.399243921041488647e-01
5.952174961566925049e-02
2.621870040893554688e-01
2.000264972448348999e-01
9.548347443342208862e-02
8.759039640426635742e-02
5.084358453750610352e-01
9.847936034202575684e-02
1.025801599025726318e-01
1.150778457522392273e-01
5.635670572519302368e-02
5.995888635516166687e-02
1.125679388642311096e-01
8.050952851772308350e-02
1.592452377080917358e-01
3.367540985345840454e-02
1.385975778102874756e-01
5.159274488687515259e-02
1.781839877367019653e-01
8.347354829311370850e-02
2.115669548511505127e-01
5.003198236227035522e-02
7.095622271299362183e-02
6.813853979110717773e-02
4.096521809697151184e-02
1.007249951362609863e-01
1.504986733198165894e-01
3.944205120205879211e-02
8.679093420505523682e-02
6.489131599664688110e-02
7.093750685453414917e-02
2.487246245145797729e-01
1.412136554718017578e-01
4.994389787316322327e-02
1.686759889125823975e-01
6.329938769340515137e-01
3.257955908775329590e-01
5.736916884779930115e-02
5.147390067577362061e-02
4.152058809995651245e-02
2.296180464327335358e-02
9.177137166261672974e-03
1.432761363685131073e-02
1.251621842384338379e-01
3.110533058643341064e-01
1.983776241540908813e-01
4.678171128034591675e-02
1.004409492015838623e-01
5.474497377872467041e-02
4.844857379794120789e-02
1.124214753508567810e-01
3.787242248654365540e-02
9.355227649211883545e-02
1.029443666338920593e-01
2.529055066406726837e-02
4.734119772911071777e-02
5.165797472000122070e-02
4.714182391762733459e-02
8.857275545597076416e-02
1.579699665307998657e-01
6.036454811692237854e-02
1.443544030189514160e-01
1.496090739965438843e-01
5.110853314399719238e-01
3.538715839385986328e-01
