8.937116712331771851e-02
4.375290498137474060e-02
4.021235555410385132e-02
2.255014479160308838e-01
9.860602766275405884e-02
1.148803234100341797e-01
5.149643123149871826e-02
3.260096162557601929e-02
4.503378868103027344e-01
8.210752904415130615e-02
1.006932482123374939e-01
8.922212570905685425e-02
6.614206731319427490e-02
2.468676306307315826e-02
4.258502274751663208e-02
8.923753350973129272e-02
2.749009132385253906e-01
4.066262245178222656e-01
9.006526321172714233e-02
1.750417649745941162e-01
7.126626558601856232e-03
4.483010154217481613e-03
3.653788939118385315e-02
1.276586949825286865e-01
4.345597699284553528e-02
1.747129857540130615e-02
1.783418506383895874e-01
9.230786561965942383e-02
1.555796712636947632e-01
7.162412256002426147e-02
9.999948740005493164e-01
9.986610412597656250e-01
4.055377244949340820e-01
1.858348101377487183e-01
6.813312321901321411e-02
9.967610239982604980e-01
9.467597007751464844e-01
1.540848463773727417e-01
4.406734183430671692e-02
8.453042060136795044e-02
1.628002077341079712e-01
9.487001597881317139e-02
3.797107934951782227e-02
1.853331550955772400e-02
5.625807493925094604e-02
1.287141442298889160e-01
1.424959897994995117e-01
1.637172102928161621e-01
8.221480995416641235e-03
6.576883196830749512e-01
6.628686785697937012e-01
7.676380872726440430e-02
6.102174893021583557e-02
2.304741926491260529e-02
8.881719112396240234e-01
9.444050788879394531e-01
5.709218606352806091e-02
8.054137974977493286e-02
3.942693397402763367e-02
1.558221131563186646e-01
1.494579911231994629e-01
2.467429637908935547e-02
8.565479516983032227e-02
7.876677811145782471e-02
4.389140754938125610e-02
1.485562473535537720e-01
6.069746986031532288e-02
6.486714631319046021e-02
2.198085375130176544e-02
7.497739046812057495e-02
6.195981055498123169e-02
3.391980007290840149e-02
1.463971938937902451e-02
2.091722749173641205e-02
7.324051856994628906e-02
1.321507841348648071e-01
3.932462260127067566e-02
1.564524620771408081e-01
4.195214435458183289e-02
1.946420818567276001e-01
1.895299106836318970e-01
3.169057965278625488e-01
2.092676609754562378e-01
5.107818543910980225e-02
6.471766531467437744e-02
1.056114211678504944e-01
1.137816384434700012e-01
2.362072467803955078e-02
2.766572535037994385e-01
3.080362379550933838e-01
5.227471888065338135e-02
9.601046890020370483e-02
1.150280144065618515e-02
3.600562736392021179e-02
1.321415789425373077e-02
3.151744604110717773e-02
8.173655718564987183e-02
8.635629713535308838e-02
9.382610917091369629e-01
1.439920812845230103e-01
2.354383915662765503e-01
5.328648164868354797e-02
5.282459855079650879e-01
4.573097229003906250e-01
7.350417226552963257e-02
7.609971612691879272e-02
9.957019686698913574e-01
2.866613268852233887e-01
6.193280965089797974e-02
1.555613726377487183e-01
5.534438788890838623e-02
6.930536031723022461e-02
4.798491299152374268e-02
3.153786435723304749e-02
2.739731967449188232e-02
9.043943881988525391e-01
1.734764873981475830e-01
7.559897005558013916e-02
2.680039405822753906e-02
3.141940534114837646e-01
2.695622146129608154e-01
3.608411550521850586e-02
2.218993306159973145e-01
2.105427235364913940e-01
3.662026226520538330e-01
6.149358749389648438e-01
5.474942550063133240e-02
4.010700434446334839e-02
7.843186706304550171e-02
6.413978338241577148e-02
1.115443035960197449e-01
6.331054121255874634e-02
3.124292939901351929e-03
4.477582871913909912e-03
3.511705622076988220e-02
1.121533289551734924e-01
9.231805801391601562e-02
1.109855696558952332e-01
9.564344286918640137e-01
7.524497509002685547e-01
1.682976186275482178e-01
1.227163821458816528e-01
5.959378555417060852e-02
7.307253777980804443e-02
8.481495380401611328e-01
9.999732971191406250e-01
1.466746479272842407e-01
6.005965471267700195e-01
3.500557690858840942e-02
3.211564943194389343e-02
1.402350980788469315e-02
1.845194958150386810e-02
5.181753262877464294e-02
6.992650777101516724e-02
7.249741256237030029e-02
8.490554243326187134e-02
1.132650151848793030e-01
1.730355471372604370e-01
9.881922602653503418e-01
9.608709812164306641e-02
2.293368428945541382e-01
9.182350337505340576e-02
1.884158104658126831e-01
9.814759492874145508e-01
1.152511313557624817e-01
5.694513395428657532e-02
1.138303577899932861e-01
7.679048925638198853e-02
2.438960783183574677e-02
7.929219305515289307e-02
9.924474358558654785e-02
1.200716346502304077e-01
4.191339388489723206e-02
6.652724742889404297e-02
1.378430128097534180e-01
1.037955656647682190e-01
1.013652533292770386e-01
3.632692247629165649e-02
5.019335448741912842e-02
3.329308703541755676e-02
2.666440233588218689e-02
1.367460787296295166e-01
5.267719924449920654e-02
3.412435203790664673e-02
2.944263070821762085e-02
1.068243980407714844e-01
3.378625214099884033e-02
1.808875799179077148e-02
3.489239141345024109e-02
9.063905477523803711e-02
2.189100831747055054e-01
4.067384004592895508e-01
5.953348278999328613e-01
9.630429744720458984e-01
5.305723547935485840e-01
1.036213934421539307e-01
4.299343004822731018e-02
7.526840269565582275e-02
5.932375043630599976e-02
3.139030933380126953e-02
7.341839373111724854e-02
6.533835083246231079e-02
1.624245643615722656e-01
1.907441169023513794e-01
1.689679324626922607e-01
9.899444878101348877e-02
1.704826578497886658e-02
1.038601696491241455e-01
1.601274907588958740e-01
2.979249954223632812e-01
4.565105959773063660e-02
6.189612746238708496e-01
3.387682512402534485e-02
8.037306368350982666e-02
1.778827793896198273e-02
2.827662602066993713e-02
8.465879410505294800e-02
6.419587135314941406e-02
4.153829440474510193e-02
7.986647635698318481e-02
3.463574871420860291e-02
6.527968496084213257e-02
2.335985451936721802e-01
2.860196307301521301e-02
3.716495260596275330e-02
8.616626262664794922e-01
9.563550353050231934e-01
3.631169348955154419e-02
7.026139646768569946e-02
3.700715303421020508e-02
6.558225490152835846e-03
2.970515377819538116e-02
8.784981369972229004e-01
8.494205772876739502e-02
6.342662125825881958e-02
5.415102466940879822e-02
1.288850456476211548e-01
2.813407182693481445e-01
5.692249536514282227e-01
1.043722778558731079e-01
4.273739084601402283e-02
3.204145282506942749e-02
2.683178186416625977e-01
6.219952553510665894e-02
2.733622305095195770e-02
4.979477450251579285e-02
1.149328425526618958e-01
7.113024592399597168e-02
9.852885454893112183e-02
5.216756463050842285e-01
1.259583085775375366e-01
1.450587809085845947e-01
1.002091690897941589e-01
1.670730412006378174e-01
1.189675405621528625e-01
1.710521131753921509e-01
8.956375718116760254e-01
8.039054870605468750e-01
1.332437545061111450e-01
5.957373976707458496e-02
9.079057723283767700e-02
4.590357840061187744e-02
8.671710640192031860e-02
7.176943868398666382e-02
3.629907220602035522e-02
1.373059600591659546e-01
2.974180877208709717e-02
1.298242360353469849e-01
8.684650063514709473e-02
6.407856941223144531e-02
8.186829835176467896e-02
1.196100637316703796e-01
2.467940002679824829e-01
1.293618977069854736e-01
4.632034897804260254e-02
2.800195813179016113e-01
5.362690612673759460e-02
5.240983366966247559e-01
5.325176715850830078e-01
3.131606578826904297e-01
1.638895571231842041e-01
1.584313660860061646e-01
2.336747050285339355e-01
1.867576986551284790e-01
5.786157250404357910e-01
1.082354560494422913e-01
1.470087021589279175e-01
2.320092171430587769e-01
7.175435125827789307e-02
1.358592659235000610e-01
5.533703044056892395e-02
8.578549027442932129e-01
4.344766736030578613e-01
7.016813009977340698e-02
1.979164928197860718e-01
6.352623552083969116e-02
6.894904375076293945e-02
1.199655160307884216e-01
1.609883159399032593e-01
8.982804417610168457e-02
8.600592613220214844e-02
7.108681648969650269e-02
6.824696063995361328e-01
4.251486361026763916e-01
1.147773191332817078e-01
6.042480841279029846e-02
6.895727664232254028e-02
1.030408442020416260e-01
7.109463959932327271e-02
1.589509248733520508e-01
3.901552781462669373e-02
1.177755370736122131e-01
8.079620599746704102e-01
2.622267790138721466e-02
4.457699656486511230e-01
1.851361542940139771e-01
8.439443260431289673e-02
1.795065104961395264e-01
1.021174937486648560e-01
9.271851927042007446e-02
8.851408362388610840e-01
1.932191103696823120e-01
9.947728514671325684e-01
5.174990892410278320e-01
1.572877354919910431e-02
1.089893504977226257e-01
3.140852972865104675e-02
4.197781533002853394e-02
1.710494458675384521e-01
1.460296660661697388e-01
8.021138608455657959e-02
4.870370775461196899e-02
7.277583330869674683e-02
3.529778122901916504e-01
8.423804044723510742e-01
9.366292357444763184e-01
2.706616222858428955e-01
7.151988893747329712e-02
8.215159922838211060e-02
5.245111137628555298e-02
1.459129452705383301e-01
8.363635838031768799e-02
6.782959401607513428e-02
3.075043298304080963e-02
2.881617546081542969e-01
3.097925782203674316e-01
2.990771643817424774e-02
5.900262296199798584e-02
5.373129621148109436e-02
4.382506012916564941e-02
4.397829622030258179e-02
8.518040180206298828e-02
7.218258827924728394e-02
4.084695130586624146e-02
7.636947035789489746e-01
8.091795444488525391e-01
9.832121729850769043e-01
9.909002780914306641e-01
1.090908721089363098e-01
6.586442887783050537e-02
2.471529133617877960e-02
1.594835966825485229e-01
1.399243921041488647e-01
5.952174961566925049e-02
2.621870040893554688e-01
2.000264972448348999e-01
9.548347443342208862e-02
8.759039640426635742e-02
5.084358453750610352e-01
9.847936034202575684e-02
1.025801599025726318e-01
1.150778457522392273e-01
5.635670572519302368e-02
5.995888635516166687e-02
1.125679388642311096e-01
8.050952851772308350e-02
1.592452377080917358e-01
3.367540985345840454e-02
1.385975778102874756e-01
5.159274488687515259e-02
1.781839877367019653e-01
8.347354829311370850e-02
2.115669548511505127e-01
5.003198236227035522e-02
7.095622271299362183e-02
6.813853979110717773e-02
4.096521809697151184e-02
1.007249951362609863e-01
1.504986733198165894e-01
3.944205120205879211e-02
8.679093420505523682e-02
6.489131599664688110e-02
7.093750685453414917e-02
2.487246245145797729e-01
1.412136554718017578e-01
4.994389787316322327e-02
1.686759889125823975e-01
