5.063346773386001587e-02
4.394212663173675537e-01
1.642616987228393555e-01
8.218525350093841553e-02
7.817320525646209717e-02
2.221734374761581421e-01
1.337722241878509521e-01
2.592743635177612305e-01
5.456669628620147705e-02
1.462225168943405151e-01
1.450374573469161987e-01
8.274391293525695801e-02
1.186623796820640564e-01
4.071884602308273315e-02
6.635803729295730591e-02
8.143842220306396484e-02
4.673474282026290894e-02
6.493316590785980225e-02
8.818009495735168457e-02
5.216721296310424805e-01
6.729691028594970703e-01
1.431180089712142944e-01
6.782315671443939209e-02
5.854598805308341980e-02
1.199807971715927124e-01
4.955167695879936218e-02
9.331330657005310059e-02
5.876532942056655884e-02
3.380224481225013733e-02
2.328338287770748138e-02
3.614671900868415833e-02
1.147442385554313660e-01
5.551182031631469727e-01
6.816151738166809082e-01
1.434888839721679688e-01
1.836126595735549927e-01
1.316457092761993408e-01
6.306111812591552734e-02
8.658649772405624390e-02
7.827014476060867310e-02
2.490488812327384949e-02
2.631286531686782837e-02
8.848119527101516724e-02
7.232263684272766113e-02
7.823472470045089722e-02
1.066031381487846375e-01
6.621707975864410400e-02
1.862126216292381287e-02
2.456708811223506927e-02
6.136637553572654724e-02
8.460520952939987183e-02
1.454829126596450806e-01
2.583533897995948792e-02
1.224804297089576721e-01
2.940618805587291718e-02
2.164901420474052429e-02
7.276841253042221069e-02
4.735552147030830383e-02
1.441614478826522827e-01
9.950196743011474609e-01
9.999539852142333984e-01
4.393841698765754700e-02
1.042285710573196411e-01
1.267004311084747314e-01
9.231623262166976929e-02
5.613661929965019226e-02
7.148107886314392090e-02
5.016963556408882141e-02
3.394802212715148926e-01
3.386091813445091248e-02
9.879258461296558380e-03
8.262900263071060181e-02
1.124096140265464783e-01
1.076245754957199097e-01
6.899210810661315918e-02
4.765290394425392151e-02
7.910438627004623413e-02
5.163042992353439331e-02
6.275258213281631470e-02
3.015759959816932678e-02
4.002380743622779846e-02
2.134261839091777802e-02
1.783287152647972107e-02
1.016459520906209946e-02
4.223923981189727783e-01
1.449449062347412109e-01
2.368722409009933472e-01
1.010916307568550110e-01
1.527504771947860718e-01
5.885067209601402283e-02
1.424070745706558228e-01
7.838191837072372437e-02
7.477632910013198853e-02
1.005538031458854675e-01
8.620937913656234741e-02
1.119157969951629639e-01
1.143375337123870850e-01
1.679356694221496582e-01
8.506737947463989258e-01
1.433446258306503296e-01
8.022110164165496826e-02
1.724541932344436646e-02
8.053611218929290771e-02
9.462881088256835938e-02
1.072076261043548584e-01
6.053769215941429138e-02
3.191692829132080078e-01
3.838686272501945496e-02
3.132873028516769409e-02
2.155183255672454834e-01
7.856309413909912109e-02
8.477415144443511963e-02
8.325506746768951416e-02
3.722038120031356812e-02
2.658970095217227936e-02
7.066960632801055908e-02
2.358176708221435547e-01
6.264783442020416260e-02
2.692443318665027618e-02
2.325649932026863098e-02
1.010929569602012634e-01
1.055340543389320374e-01
5.394446253776550293e-01
6.380659341812133789e-02
7.505881786346435547e-02
5.156937241554260254e-02
1.267352998256683350e-01
2.265836857259273529e-02
6.361454259604215622e-03
6.790117919445037842e-02
3.598427399992942810e-02
3.409384563565254211e-02
1.633168160915374756e-01
9.950373321771621704e-02
5.888365581631660461e-02
9.545008093118667603e-02
3.870545700192451477e-02
5.097610503435134888e-02
5.475722625851631165e-02
1.526968181133270264e-01
5.260135233402252197e-02
8.480734378099441528e-02
4.453235566616058350e-01
5.693137645721435547e-02
8.240695111453533173e-03
1.963930204510688782e-02
5.174607038497924805e-03
3.079821541905403137e-02
5.637624114751815796e-02
4.229236245155334473e-01
1.044438481330871582e-01
4.923389852046966553e-02
9.276744723320007324e-02
3.452606871724128723e-02
1.896152496337890625e-01
4.072067141532897949e-01
4.856771975755691528e-02
1.930467784404754639e-02
8.408258855342864990e-02
3.652976127341389656e-03
6.810858845710754395e-02
2.141324132680892944e-01
1.068580448627471924e-01
1.820131391286849976e-01
1.202629730105400085e-01
3.046550787985324860e-02
9.279254078865051270e-02
4.828616976737976074e-02
2.964506745338439941e-01
2.645719982683658600e-02
9.292336180806159973e-03
4.156797751784324646e-02
2.939159609377384186e-02
9.442135691642761230e-02
3.915011882781982422e-02
7.963255792856216431e-02
3.453829139471054077e-02
3.838089853525161743e-02
2.003366053104400635e-01
1.449624821543693542e-02
1.349924504756927490e-01
3.340261802077293396e-02
8.487920463085174561e-02
2.958146296441555023e-02
6.066513434052467346e-02
4.845117628574371338e-01
5.176642164587974548e-02
6.855297088623046875e-02
6.060443446040153503e-02
7.089878618717193604e-02
8.083279430866241455e-02
1.327374391257762909e-02
2.541284821927547455e-02
8.150310814380645752e-02
1.906773149967193604e-01
4.373174160718917847e-02
5.140557140111923218e-02
4.821014776825904846e-02
6.806270778179168701e-02
1.062045693397521973e-01
9.928646683692932129e-02
1.290845274925231934e-01
1.005303412675857544e-01
2.169222198426723480e-02
1.268677711486816406e-01
1.155874878168106079e-02
2.378661744296550751e-02
6.957192718982696533e-02
9.620828181505203247e-02
8.373256772756576538e-03
1.875833608210086823e-02
2.178549394011497498e-02
1.487251818180084229e-01
2.282959781587123871e-02
9.690485149621963501e-02
6.368310004472732544e-02
3.326223418116569519e-02
1.050915643572807312e-01
1.064430996775627136e-01
5.063937976956367493e-02
1.711822897195816040e-01
1.398838311433792114e-01
4.813655093312263489e-02
8.220870979130268097e-03
1.816861890256404877e-02
5.843365192413330078e-02
9.274999797344207764e-02
9.900955855846405029e-02
1.365194916725158691e-01
4.041910171508789062e-02
3.542578965425491333e-02
2.851828746497631073e-02
7.091351598501205444e-02
8.305036276578903198e-02
1.356438398361206055e-01
3.733211383223533630e-02
6.423496454954147339e-02
7.989093661308288574e-02
3.424599394202232361e-02
2.458630055189132690e-01
5.024114996194839478e-02
4.864715784788131714e-02
5.525476485490798950e-02
1.297323703765869141e-01
8.821284025907516479e-02
6.071962881833314896e-03
1.361090317368507385e-02
3.643566370010375977e-02
7.476469874382019043e-02
8.642356842756271362e-02
6.459423899650573730e-02
7.888339459896087646e-02
5.785122886300086975e-02
6.793957203626632690e-02
2.594271302223205566e-02
9.693020582199096680e-02
3.418284282088279724e-02
6.072606891393661499e-02
9.530603885650634766e-02
1.435482949018478394e-01
7.085014134645462036e-02
3.768009319901466370e-02
2.150234431028366089e-01
1.383694559335708618e-01
1.432743761688470840e-02
4.706393182277679443e-02
1.104591339826583862e-01
7.164031267166137695e-02
4.296047985553741455e-02
8.697804063558578491e-02
4.732382670044898987e-02
5.121819302439689636e-02
7.008770853281021118e-02
4.276988282799720764e-02
2.263818383216857910e-01
5.533549562096595764e-02
6.579512357711791992e-02
9.962721168994903564e-02
1.984521895647048950e-01
7.780996710062026978e-02
8.258941024541854858e-02
4.014722406864166260e-01
1.076111793518066406e-01
3.133571892976760864e-02
6.111806631088256836e-02
5.895527079701423645e-03
1.858313567936420441e-02
2.451317310333251953e-01
8.662959933280944824e-02
2.924225106835365295e-02
1.551587879657745361e-01
2.871225029230117798e-02
5.012940987944602966e-02
7.532434910535812378e-02
4.565466195344924927e-02
4.245965555310249329e-02
1.738660223782062531e-02
3.743983060121536255e-02
4.985323175787925720e-02
5.699246749281883240e-02
3.612472862005233765e-02
2.400988712906837463e-02
1.159519925713539124e-01
6.277897953987121582e-02
6.356212496757507324e-02
2.733754925429821014e-02
1.267994344234466553e-01
5.987288430333137512e-02
5.073555558919906616e-02
4.564365372061729431e-02
6.997761130332946777e-02
4.668803885579109192e-02
7.684569060802459717e-02
1.011071503162384033e-01
5.144200846552848816e-02
9.274965524673461914e-02
2.375062927603721619e-02
3.628402203321456909e-02
6.036167591810226440e-02
4.662797972559928894e-02
5.247097462415695190e-02
6.212797015905380249e-02
9.193924069404602051e-02
9.320111572742462158e-02
6.620892882347106934e-02
8.937051147222518921e-02
1.474167257547378540e-01
6.056578829884529114e-02
5.682089179754257202e-02
4.327076673507690430e-02
7.860877364873886108e-02
7.250814139842987061e-02
8.000982552766799927e-02
5.650799348950386047e-02
7.529555261135101318e-02
8.195556700229644775e-02
1.001516506075859070e-01
6.452088803052902222e-02
7.167335599660873413e-02
3.331419080495834351e-02
4.807411506772041321e-02
1.624274067580699921e-02
4.012311622500419617e-02
1.503860354423522949e-01
7.442920655012130737e-02
3.208725526928901672e-02
1.011018157005310059e-01
8.260412514209747314e-02
9.517104178667068481e-02
4.095147922635078430e-02
1.140212342143058777e-01
6.108908727765083313e-02
6.012902408838272095e-02
2.849107980728149414e-02
6.366439163684844971e-02
1.671254634857177734e-01
1.619845181703567505e-01
5.645821243524551392e-02
1.238246113061904907e-01
1.395253688097000122e-01
8.887688070535659790e-02
1.660476326942443848e-01
1.808391511440277100e-02
1.411134302616119385e-01
1.852874755859375000e-01
2.830523438751697540e-02
2.469165027141571045e-01
9.129010885953903198e-02
3.087304830551147461e-01
6.091164350509643555e-01
7.832453399896621704e-02
9.825563430786132812e-02
5.414429679512977600e-02
4.231002926826477051e-02
6.517644226551055908e-02
3.043076209723949432e-02
1.254018694162368774e-01
8.739414811134338379e-02
6.786027550697326660e-02
9.093765914440155029e-02
7.987578213214874268e-02
3.393194973468780518e-01
6.714611649513244629e-01
7.125430554151535034e-02
5.834505334496498108e-02
1.082233712077140808e-02
1.309821102768182755e-02
1.904838159680366516e-02
5.305699631571769714e-02
1.491068303585052490e-01
1.632748395204544067e-01
5.885213986039161682e-02
1.332666445523500443e-02
5.323559045791625977e-02
1.629419326782226562e-01
1.487043946981430054e-01
6.926638633012771606e-02
1.453215032815933228e-01
6.163491606712341309e-01
7.211954891681671143e-02
3.530092164874076843e-02
3.706157952547073364e-02
1.000991538166999817e-01
2.577702403068542480e-01
7.437571883201599121e-02
5.189125537872314453e-01
1.241999268531799316e-01
9.285105764865875244e-02
7.255489379167556763e-02
4.463905468583106995e-02
8.229675143957138062e-02
8.371920138597488403e-02
5.857177823781967163e-02
1.395397931337356567e-01
6.769299507141113281e-02
3.666839748620986938e-02
6.743074953556060791e-02
4.841694235801696777e-02
4.490077495574951172e-02
6.685438752174377441e-02
7.815991342067718506e-02
2.277937345206737518e-02
3.759106993675231934e-02
1.170774921774864197e-01
6.223866343498229980e-01
3.148810267448425293e-01
5.272111669182777405e-02
1.119217425584793091e-01
5.418791249394416809e-02
1.276313215494155884e-01
7.782433927059173584e-02
1.723400056362152100e-01
7.880068384110927582e-03
1.153792906552553177e-02
2.073401585221290588e-02
3.245446085929870605e-02
3.767841458320617676e-01
1.128580495715141296e-01
7.733293175697326660e-01
4.469561949372291565e-02
1.447653323411941528e-01
5.430622026324272156e-02
1.538130827248096466e-02
1.817717850208282471e-01
2.349579036235809326e-01
4.561088979244232178e-02
8.300496637821197510e-02
1.121614277362823486e-01
5.633837357163429260e-02
9.038149565458297729e-02
9.717241674661636353e-02
7.772026956081390381e-02
1.609623581171035767e-01
1.397406905889511108e-01
1.156160831451416016e-01
3.230659663677215576e-01
7.265085726976394653e-02
5.450261384248733521e-02
6.142447516322135925e-02
6.936632841825485229e-02
5.064858868718147278e-02
1.020315289497375488e-01
1.172383427619934082e-01
7.342833280563354492e-02
9.388918429613113403e-02
3.781807795166969299e-02
6.916079670190811157e-02
3.555106744170188904e-02
9.123761206865310669e-02
4.148767516016960144e-02
3.096831589937210083e-02
2.620070986449718475e-02
2.447154186666011810e-02
3.046551533043384552e-02
7.327316701412200928e-02
8.239170163869857788e-02
1.929064840078353882e-01
5.337826535105705261e-02
4.642644897103309631e-02
1.932345144450664520e-02
2.047276124358177185e-02
1.968058571219444275e-02
1.608162224292755127e-01
3.831171244382858276e-02
9.217505156993865967e-02
1.001625508069992065e-01
6.354003399610519409e-02
9.631279855966567993e-02
5.538874864578247070e-01
4.250096902251243591e-02
3.483818098902702332e-02
1.605023890733718872e-01
9.411828964948654175e-02
8.233333379030227661e-02
9.909358620643615723e-02
6.158677861094474792e-02
5.537794530391693115e-02
6.051362156867980957e-01
3.944093734025955200e-02
7.930961996316909790e-02
1.056747958064079285e-01
7.412910461425781250e-02
6.730056554079055786e-02
1.215847954154014587e-01
5.988840386271476746e-02
5.228386446833610535e-02
4.712262749671936035e-02
9.976109266281127930e-01
6.567855477333068848e-01
3.258767724037170410e-02
4.714721441268920898e-02
3.523523360490798950e-02
4.826968014240264893e-01
7.165561616420745850e-02
8.274226635694503784e-02
6.396477669477462769e-02
6.384143978357315063e-02
5.675088614225387573e-02
1.792307756841182709e-02
3.402489796280860901e-02
3.617070987820625305e-02
7.909752428531646729e-02
8.505988866090774536e-02
9.478618949651718140e-02
7.638051360845565796e-02
1.762999594211578369e-02
6.874398887157440186e-02
6.009494513273239136e-02
9.391478449106216431e-02
2.655570209026336670e-02
3.026260435581207275e-01
1.283567696809768677e-01
2.990973554551601410e-02
1.900391727685928345e-01
7.566846162080764771e-02
8.080048114061355591e-02
2.805781550705432892e-02
5.731834098696708679e-02
1.102318894118070602e-02
3.410200402140617371e-02
3.302398696541786194e-02
2.453107684850692749e-01
1.314121484756469727e-01
7.222492992877960205e-02
8.474141359329223633e-02
4.355846345424652100e-02
6.308998167514801025e-02
5.640296936035156250e-01
1.019122153520584106e-01
4.942914843559265137e-02
3.588130697607994080e-02
1.232217028737068176e-01
1.952930726110935211e-02
1.226568780839443207e-02
2.008600160479545593e-02
1.386597156524658203e-01
2.415551096200942993e-01
1.619908064603805542e-01
5.779407918453216553e-02
6.450686603784561157e-02
5.955708026885986328e-02
4.018454626202583313e-02
1.017637699842453003e-01
2.547948658466339111e-01
1.564140170812606812e-01
4.837679862976074219e-02
1.598652452230453491e-01
7.079158723354339600e-02
7.330942153930664062e-02
7.091177254915237427e-02
5.254008993506431580e-02
2.819938361644744873e-01
2.615115940570831299e-01
8.979191631078720093e-02
9.873586148023605347e-02
9.467069059610366821e-02
1.527431011199951172e-01
1.179538518190383911e-01
3.273752629756927490e-01
3.471219539642333984e-01
1.020791195333003998e-02
9.730584174394607544e-02
6.583618372678756714e-02
8.287891000509262085e-02
1.509987860918045044e-01
8.943556994199752808e-02
9.321850538253784180e-02
3.737663477659225464e-02
2.472015023231506348e-01
5.072278901934623718e-02
7.718952745199203491e-02
9.368816018104553223e-02
3.584353998303413391e-02
7.047810405492782593e-02
5.789983645081520081e-02
1.238384842872619629e-01
9.400491714477539062e-01
9.624114036560058594e-01
4.115132614970207214e-02
3.928188979625701904e-01
4.376740753650665283e-02
8.574582636356353760e-03
1.232171803712844849e-02
6.792899221181869507e-02
9.866812266409397125e-03
1.604461669921875000e-02
3.145147487521171570e-02
1.391215436160564423e-02
1.359525881707668304e-02
4.922832921147346497e-02
5.871992930769920349e-02
1.690067723393440247e-02
5.541329458355903625e-02
4.409208893775939941e-02
5.610101670026779175e-02
5.902680382132530212e-02
2.522200718522071838e-02
7.381130754947662354e-02
8.026063442230224609e-02
9.732970595359802246e-02
3.900001943111419678e-02
3.886413946747779846e-02
7.166384160518646240e-02
2.731953188776969910e-02
1.329064182937145233e-02
3.094629943370819092e-02
3.389714285731315613e-02
3.706307709217071533e-01
1.079394295811653137e-01
5.969782173633575439e-02
8.113208413124084473e-01
1.763571947813034058e-01
2.804752439260482788e-02
1.069085672497749329e-01
9.551195800304412842e-02
8.729840070009231567e-02
4.735423624515533447e-02
7.463616132736206055e-02
6.794991344213485718e-02
9.105356037616729736e-02
5.952655524015426636e-02
3.164820000529289246e-02
5.233526602387428284e-02
1.211866214871406555e-01
1.773407608270645142e-01
6.616275906562805176e-01
7.789818942546844482e-02
1.031460706144571304e-02
4.098106920719146729e-02
3.503995388746261597e-02
4.403940215706825256e-02
2.584571577608585358e-02
5.519396066665649414e-02
7.478027045726776123e-02
2.254207134246826172e-01
6.916090846061706543e-02
2.856309413909912109e-01
1.172572225332260132e-01
3.573752939701080322e-01
9.636802971363067627e-02
5.660966783761978149e-02
2.660953067243099213e-02
2.444081939756870270e-02
9.017226099967956543e-02
6.177897378802299500e-02
3.699873387813568115e-02
7.675349712371826172e-02
4.164754599332809448e-02
7.916709035634994507e-02
8.261194825172424316e-02
4.153243079781532288e-02
8.256306499242782593e-02
3.313596546649932861e-02
7.802855968475341797e-02
6.304164975881576538e-02
7.633963823318481445e-01
1.239902377128601074e-01
4.285779967904090881e-02
1.013400331139564514e-01
4.607116058468818665e-02
1.150068733841180801e-02
3.588346764445304871e-02
8.289634436368942261e-02
4.550326988101005554e-02
3.780272603034973145e-01
1.196712478995323181e-01
6.589008867740631104e-02
5.361865162849426270e-01
2.929823398590087891e-01
6.030104681849479675e-02
7.237253338098526001e-02
8.464147895574569702e-02
5.926359817385673523e-02
7.055934518575668335e-02
1.660066992044448853e-01
3.742262348532676697e-02
5.797499045729637146e-02
1.215912848711013794e-01
2.631726302206516266e-02
4.566063731908798218e-02
5.978153087198734283e-03
9.261347353458404541e-03
1.722675114870071411e-01
1.014515459537506104e-01
1.458619628101587296e-02
1.284473668783903122e-02
1.142454706132411957e-02
1.056185364723205566e-01
4.596498236060142517e-02
7.749272137880325317e-02
1.985233463346958160e-02
4.716672003269195557e-02
2.690035104751586914e-01
1.169504150748252869e-01
1.206629052758216858e-01
7.178178429603576660e-02
7.848563045263290405e-02
1.465868800878524780e-01
1.992536336183547974e-01
3.297011852264404297e-01
1.214640438556671143e-01
1.336368620395660400e-01
1.804399192333221436e-01
1.274502873420715332e-01
8.834072351455688477e-01
9.960458874702453613e-01
9.735594987869262695e-01
1.528128534555435181e-01
1.102675572037696838e-01
1.441154032945632935e-01
1.252020299434661865e-01
9.804157912731170654e-02
7.508874684572219849e-02
1.029936149716377258e-01
8.691162616014480591e-02
1.246569082140922546e-01
2.050736993551254272e-01
8.120313286781311035e-02
8.830267190933227539e-02
6.786485016345977783e-02
2.838445082306861877e-02
7.740386575460433960e-02
7.249941676855087280e-02
1.443967521190643311e-01
1.130366623401641846e-01
1.883896589279174805e-01
5.285174772143363953e-02
2.481063306331634521e-01
2.690877318382263184e-01
1.062183752655982971e-01
5.787250772118568420e-02
1.253114640712738037e-01
5.512747168540954590e-02
8.638923615217208862e-02
8.707180619239807129e-02
2.028216421604156494e-02
2.568902075290679932e-02
3.483681008219718933e-02
6.540156900882720947e-02
4.475399479269981384e-02
6.719327718019485474e-02
3.687309846282005310e-02
6.379888951778411865e-02
1.168947443366050720e-01
9.323541074991226196e-02
1.238420680165290833e-01
2.396246418356895447e-02
1.802750863134860992e-02
1.606718637049198151e-02
6.998596340417861938e-02
1.145952641963958740e-01
1.637156456708908081e-01
3.308662772178649902e-02
2.932525798678398132e-02
6.743407994508743286e-02
2.727261781692504883e-01
1.887057721614837646e-01
1.200340837240219116e-01
1.264947503805160522e-01
4.500085487961769104e-02
1.377135515213012695e-02
1.615977138280868530e-01
5.843910947442054749e-02
7.025586813688278198e-02
7.033740729093551636e-02
6.027753278613090515e-02
2.971781231462955475e-02
3.291590139269828796e-02
9.455191344022750854e-02
1.312106698751449585e-01
3.224950134754180908e-01
5.880359932780265808e-02
4.712762683629989624e-02
1.743621751666069031e-02
7.421985268592834473e-02
9.160247445106506348e-02
2.907269634306430817e-02
2.100384533405303955e-01
1.112661734223365784e-01
9.046144038438796997e-02
1.089867129921913147e-01
1.568368524312973022e-01
1.332218647003173828e-01
9.477671980857849121e-02
1.096874028444290161e-01
1.336501985788345337e-01
7.758466899394989014e-02
6.362371146678924561e-02
1.710106134414672852e-01
3.242934048175811768e-01
4.963570088148117065e-02
3.974578529596328735e-02
1.161173358559608459e-01
2.590075135231018066e-01
6.852970123291015625e-01
9.903772473335266113e-01
9.924774765968322754e-01
9.448576569557189941e-01
2.013039141893386841e-01
1.088834479451179504e-01
1.480807512998580933e-01
9.561949968338012695e-02
9.149755239486694336e-01
2.002987563610076904e-01
5.155149847269058228e-02
5.832993984222412109e-02
6.690260767936706543e-02
4.319702833890914917e-02
4.849521443247795105e-02
3.761217370629310608e-02
5.186823382973670959e-02
8.344846963882446289e-02
1.244958192110061646e-01
4.478889703750610352e-02
7.772099226713180542e-02
5.642912164330482483e-02
1.352485716342926025e-01
7.486332207918167114e-02
1.114435344934463501e-01
1.236334666609764099e-01
5.454441532492637634e-02
6.071962788701057434e-02
6.412545591592788696e-02
9.190153330564498901e-02
4.906405881047248840e-02
6.696027517318725586e-02
1.270879358053207397e-01
1.497552394866943359e-01
4.596542418003082275e-01
5.705444887280464172e-02
2.348293364048004150e-02
6.015558540821075439e-02
5.894779413938522339e-02
3.260084241628646851e-02
4.972314462065696716e-02
6.001363694667816162e-02
6.829967349767684937e-02
7.041123509407043457e-02
1.647078245878219604e-01
5.016434192657470703e-02
6.410953402519226074e-02
6.704049557447433472e-02
5.984473600983619690e-02
1.176809147000312805e-01
8.528669923543930054e-02
6.742449849843978882e-02
8.367474190890789032e-03
1.469719037413597107e-02
6.911541521549224854e-02
2.304185926914215088e-02
4.971158131957054138e-02
2.455078624188899994e-02
6.254081428050994873e-02
5.426971986889839172e-02
8.405923843383789062e-02
6.319823116064071655e-02
5.164159089326858521e-02
4.572711419314146042e-03
6.286451593041419983e-03
1.867384314537048340e-01
1.262383256107568741e-02
1.118943188339471817e-02
4.142494499683380127e-02
2.481258809566497803e-01
4.062736034393310547e-01
9.535557031631469727e-02
5.834653228521347046e-02
1.424706727266311646e-01
2.473270744085311890e-01
3.338934108614921570e-02
1.245169043540954590e-01
1.407803595066070557e-01
5.934170633554458618e-02
7.203276455402374268e-02
4.439198672771453857e-01
6.152245774865150452e-02
6.435887515544891357e-02
5.619409680366516113e-02
7.832146249711513519e-03
3.573460131883621216e-02
6.393177062273025513e-02
4.004773497581481934e-02
7.190003246068954468e-02
7.109087705612182617e-02
3.934627026319503784e-02
5.640465021133422852e-02
8.255267888307571411e-02
6.573358178138732910e-02
1.335894465446472168e-01
5.029327794909477234e-02
5.563629791140556335e-02
9.311220794916152954e-02
3.818122297525405884e-02
6.257441639900207520e-02
1.294539868831634521e-01
9.443066269159317017e-02
1.284730285406112671e-01
4.505080357193946838e-02
7.485583424568176270e-02
5.802980810403823853e-02
4.710971564054489136e-02
1.245529577136039734e-01
2.581910602748394012e-02
8.297020196914672852e-02
5.586152896285057068e-02
9.209847450256347656e-02
5.742655396461486816e-01
6.589193940162658691e-01
7.456412911415100098e-02
5.115365236997604370e-02
1.102799102663993835e-01
5.240997299551963806e-02
6.251964569091796875e-01
9.492326378822326660e-01
4.171831533312797546e-02
7.183331996202468872e-02
7.507660984992980957e-02
6.253593415021896362e-02
8.907524496316909790e-02
5.997786670923233032e-02
9.051837027072906494e-02
4.355360567569732666e-01
2.012836560606956482e-02
5.019249022006988525e-02
3.253997489809989929e-02
2.497073449194431305e-02
7.558996975421905518e-02
1.465518921613693237e-01
1.071774587035179138e-01
6.745009422302246094e-01
8.064283430576324463e-02
4.941016063094139099e-02
9.994314312934875488e-01
5.259878933429718018e-02
4.473133385181427002e-02
1.365516781806945801e-01
2.911796793341636658e-02
4.420036077499389648e-02
8.071685582399368286e-02
7.069316506385803223e-02
6.198447570204734802e-02
1.757956854999065399e-02
3.232141584157943726e-02
1.988952420651912689e-02
4.843622073531150818e-02
5.890283361077308655e-02
9.291829913854598999e-02
3.054369427263736725e-02
5.600270628929138184e-02
8.884991705417633057e-02
9.037499129772186279e-02
7.540058344602584839e-02
1.018524169921875000e-01
4.113535583019256592e-02
5.258377641439437866e-02
9.999556541442871094e-01
9.999845027923583984e-01
5.269345268607139587e-02
6.773041188716888428e-02
5.810962617397308350e-02
2.797428704798221588e-02
3.504571914672851562e-01
3.047519624233245850e-01
9.124587476253509521e-02
1.852211803197860718e-01
4.604922980070114136e-02
7.167079299688339233e-02
4.091186076402664185e-02
1.215286459773778915e-02
3.753230720758438110e-02
1.108780205249786377e-01
3.054067678749561310e-02
6.459549069404602051e-02
9.235540032386779785e-02
8.783828467130661011e-02
1.008027419447898865e-01
1.324110776185989380e-01
1.181909590959548950e-01
1.177498251199722290e-01
3.384716510772705078e-01
6.483105421066284180e-01
6.873582303524017334e-02
2.600893937051296234e-02
6.214255839586257935e-02
9.944562911987304688e-01
2.406370043754577637e-01
7.087207585573196411e-02
6.885026395320892334e-02
1.168975457549095154e-01
8.664670586585998535e-02
6.872399896383285522e-02
8.398986607789993286e-02
7.223672419786453247e-02
3.017415851354598999e-02
1.734738796949386597e-02
7.773841917514801025e-02
6.087301298975944519e-02
1.299421489238739014e-02
6.771495100110769272e-03
3.923554718494415283e-02
5.174859240651130676e-02
4.651502519845962524e-02
7.860810309648513794e-02
3.043015673756599426e-02
8.067564666271209717e-02
3.111441247165203094e-02
4.910140484571456909e-02
8.948396891355514526e-02
3.260343521833419800e-02
1.240662559866905212e-01
7.365755736827850342e-02
1.082365140318870544e-01
6.162292882800102234e-02
3.710329299792647362e-03
4.901031404733657837e-02
1.708073168992996216e-01
1.048080772161483765e-01
1.130319237709045410e-01
7.397490739822387695e-02
8.423695713281631470e-02
2.672046720981597900e-01
9.999567270278930664e-01
5.620596930384635925e-02
3.696526214480400085e-02
2.988404929637908936e-01
7.056932449340820312e-01
8.651261031627655029e-02
9.201921522617340088e-02
6.809850037097930908e-02
4.806695878505706787e-02
6.601254642009735107e-02
7.164160907268524170e-02
6.412029266357421875e-02
1.066427901387214661e-01
7.200296968221664429e-02
6.442486494779586792e-02
6.273640692234039307e-02
3.738867118954658508e-02
8.701915293931961060e-02
9.988858550786972046e-02
6.331540644168853760e-02
3.971506655216217041e-02
1.296068280935287476e-01
1.005495190620422363e-01
1.268642246723175049e-01
2.074485719203948975e-01
9.865801781415939331e-02
3.398494049906730652e-02
7.589865475893020630e-02
4.585197940468788147e-02
8.480685949325561523e-02
5.904684215784072876e-02
1.631706207990646362e-01
1.247718185186386108e-01
1.141254305839538574e-01
2.405110187828540802e-02
9.964665025472640991e-02
8.537512421607971191e-01
7.618626356124877930e-01
1.911690831184387207e-01
3.885061666369438171e-02
6.848657876253128052e-02
6.016812473535537720e-02
4.700972512364387512e-02
6.439784914255142212e-02
5.065014362335205078e-01
5.566695705056190491e-02
4.615446925163269043e-02
6.299527287483215332e-01
7.135974764823913574e-01
3.503146767616271973e-02
1.834441274404525757e-01
8.645422011613845825e-02
7.846478819847106934e-01
4.902970492839813232e-01
6.197753548622131348e-02
5.438346043229103088e-02
7.732065021991729736e-02
5.997462943196296692e-02
7.941514998674392700e-02
1.838243193924427032e-02
5.963672697544097900e-02
2.307947725057601929e-02
7.718148827552795410e-02
3.309576585888862610e-02
7.459633797407150269e-02
8.297260850667953491e-02
2.081472277641296387e-01
8.718163520097732544e-02
2.643707096576690674e-01
1.599637717008590698e-01
2.139902301132678986e-02
1.231670454144477844e-01
8.676873147487640381e-02
8.514226973056793213e-02
5.972728133201599121e-02
1.899831444025039673e-01
1.605355590581893921e-01
7.100148499011993408e-02
2.468580938875675201e-02
2.353478521108627319e-01
9.990211725234985352e-01
4.518183320760726929e-02
4.539210349321365356e-02
2.497494071722030640e-01
5.052020773291587830e-02
9.958331286907196045e-02
9.324079751968383789e-02
6.652694940567016602e-02
4.665734618902206421e-02
7.411324232816696167e-02
1.317704170942306519e-01
1.827280521392822266e-01
8.564133942127227783e-02
7.833035290241241455e-02
7.215155661106109619e-02
9.341015666723251343e-02
1.663499176502227783e-01
2.548895776271820068e-01
7.952155917882919312e-02
5.808740854263305664e-02
7.133469730615615845e-02
1.260079145431518555e-01
8.031061291694641113e-02
9.255733340978622437e-02
9.312263876199722290e-02
1.000020578503608704e-01
5.626366734504699707e-01
4.419497847557067871e-01
1.032735705375671387e-01
5.939194932579994202e-02
8.955372869968414307e-02
1.732198596000671387e-01
2.592727541923522949e-01
9.805108606815338135e-02
8.233010768890380859e-02
1.099293306469917297e-01
4.351157695055007935e-02
4.996097832918167114e-02
9.999707937240600586e-01
1.161164492368698120e-01
2.630997076630592346e-02
4.266618564724922180e-02
4.267861321568489075e-02
3.683634474873542786e-02
1.339128613471984863e-01
1.997908800840377808e-01
1.050715073943138123e-01
4.903973639011383057e-02
1.263248622417449951e-01
2.085732221603393555e-01
2.301457710564136505e-02
5.949015170335769653e-02
1.248101368546485901e-01
3.394215181469917297e-02
2.676814980804920197e-02
1.353021860122680664e-01
5.942590162158012390e-02
2.428341954946517944e-01
8.863635361194610596e-02
1.060587465763092041e-01
8.129815757274627686e-02
3.682698681950569153e-02
4.588343203067779541e-02
1.634122729301452637e-01
1.905787736177444458e-01
1.326181739568710327e-01
5.931955575942993164e-02
6.929682195186614990e-02
6.468306481838226318e-02
9.734980762004852295e-02
5.391461029648780823e-02
6.626725196838378906e-02
5.596921592950820923e-02
4.482331871986389160e-02
5.607385188341140747e-02
7.171042263507843018e-02
4.439931362867355347e-02
7.037548720836639404e-02
1.232926622033119202e-01
2.654702588915824890e-02
2.324955910444259644e-02
7.972435653209686279e-02
8.244185894727706909e-02
7.107061892747879028e-02
2.084409445524215698e-01
7.582859694957733154e-02
6.078309565782546997e-02
7.625597715377807617e-02
1.190438121557235718e-01
1.044547483325004578e-01
3.437526524066925049e-02
1.022838801145553589e-01
4.524466022849082947e-02
8.120982050895690918e-01
4.730221256613731384e-02
6.530912220478057861e-02
9.064476937055587769e-02
7.902780175209045410e-02
7.065436244010925293e-02
5.780333653092384338e-02
7.483150064945220947e-02
8.669035881757736206e-02
3.357007727026939392e-02
8.490463346242904663e-02
1.938489228487014771e-01
9.674745798110961914e-02
1.716097742319107056e-01
7.274837046861648560e-02
2.548055946826934814e-01
2.469357848167419434e-01
5.559075623750686646e-02
1.037427112460136414e-01
9.588608890771865845e-02
7.067851722240447998e-02
1.102959886193275452e-01
2.244707942008972168e-01
3.707706332206726074e-01
7.556778192520141602e-02
1.018882468342781067e-01
5.323937907814979553e-02
1.449393779039382935e-01
2.415671199560165405e-02
7.752250134944915771e-02
1.031473428010940552e-01
6.889404356479644775e-02
1.465423312038183212e-02
6.415706872940063477e-02
1.089309975504875183e-01
3.907255455851554871e-02
5.201698839664459229e-02
8.234597742557525635e-02
1.825425215065479279e-02
1.007668599486351013e-01
3.394581750035285950e-02
5.496746674180030823e-02
1.018688231706619263e-01
6.259579956531524658e-02
6.107237190008163452e-02
5.455835908651351929e-02
4.914205148816108704e-02
2.574360072612762451e-01
8.411827683448791504e-02
4.049278795719146729e-01
4.727966710925102234e-02
6.645403802394866943e-02
9.038559347391128540e-02
7.489909231662750244e-02
4.995898902416229248e-02
5.427915602922439575e-02
8.497215807437896729e-02
6.278134137392044067e-02
1.612678728997707367e-02
1.187006086111068726e-01
6.764549016952514648e-02
1.343518346548080444e-01
2.389697283506393433e-01
7.076779007911682129e-02
1.194522529840469360e-01
7.534223049879074097e-02
6.076207756996154785e-01
6.755713820457458496e-01
1.023224666714668274e-01
1.698682159185409546e-01
2.842355147004127502e-02
1.031655892729759216e-01
1.088342070579528809e-01
8.142825961112976074e-02
8.999760448932647705e-02
9.650891274213790894e-02
1.166469976305961609e-01
6.690782308578491211e-02
9.748173505067825317e-02
6.940441578626632690e-02
3.956831619143486023e-02
4.566305279731750488e-01
6.145820021629333496e-01
4.554922878742218018e-02
4.269459247589111328e-01
1.343570053577423096e-01
8.128404617309570312e-01
6.614339351654052734e-02
1.464124768972396851e-01
2.939853370189666748e-01
9.394804388284683228e-02
1.883254796266555786e-01
2.805207483470439911e-02
1.494312435388565063e-01
8.800230175256729126e-02
6.463778764009475708e-02
6.400107592344284058e-02
1.577148586511611938e-01
9.211571514606475830e-02
5.524880811572074890e-02
3.974191471934318542e-02
3.804659843444824219e-02
6.365691870450973511e-02
7.381889969110488892e-02
5.874482542276382446e-02
3.792999312281608582e-02
9.985896199941635132e-02
1.943568438291549683e-01
6.938161700963973999e-02
3.689613044261932373e-01
3.616721928119659424e-02
4.099422693252563477e-02
1.611368171870708466e-02
4.921393468976020813e-02
1.320465952157974243e-01
1.105300933122634888e-01
2.714350074529647827e-02
3.630441054701805115e-02
6.435316801071166992e-02
1.661201566457748413e-01
2.313519716262817383e-01
5.712196975946426392e-02
4.027989134192466736e-02
1.093021556735038757e-01
1.070819273591041565e-01
9.414052963256835938e-02
1.337691694498062134e-01
2.521025836467742920e-01
2.000147849321365356e-01
1.354500204324722290e-01
8.310717344284057617e-02
2.872813865542411804e-02
5.095786973834037781e-02
1.048625931143760681e-01
6.990935653448104858e-02
8.773069828748703003e-02
2.214974351227283478e-02
1.042285710573196411e-01
8.871352672576904297e-02
6.137904152274131775e-02
1.452289372682571411e-01
7.280598580837249756e-02
3.713795170187950134e-02
4.752180352807044983e-02
7.454748451709747314e-02
5.540639534592628479e-02
4.028805345296859741e-02
6.598377227783203125e-02
8.316653966903686523e-02
3.074539601802825928e-01
3.444683551788330078e-01
5.107404664158821106e-02
2.613531239330768585e-02
4.581470414996147156e-02
2.638338319957256317e-02
1.230278238654136658e-01
1.077914051711559296e-02
2.128312550485134125e-02
3.364921361207962036e-02
5.801568627357482910e-01
6.794954538345336914e-01
7.748495787382125854e-02
3.605809435248374939e-02
4.672608152031898499e-02
5.439593270421028137e-02
8.273959904909133911e-02
1.030149310827255249e-01
6.660644710063934326e-02
6.332323700189590454e-02
3.586370870471000671e-02
7.602012716233730316e-03
4.481200873851776123e-02
6.795626133680343628e-02
8.468231558799743652e-02
4.680195823311805725e-02
8.528528362512588501e-02
4.414563253521919250e-02
4.530042782425880432e-02
3.829559087753295898e-01
5.248491764068603516e-01
1.190045773983001709e-01
3.040007948875427246e-01
9.988366961479187012e-01
5.572108179330825806e-02
6.548003293573856354e-03
2.589620091021060944e-02
4.848607182502746582e-01
1.305998414754867554e-01
6.878647804260253906e-01
5.694841742515563965e-01
3.303845599293708801e-02
4.934604465961456299e-02
1.919610500335693359e-01
6.414868682622909546e-02
6.006128713488578796e-02
2.942426688969135284e-02
9.529678523540496826e-02
7.308857887983322144e-02
1.739757061004638672e-01
1.901143640279769897e-01
1.763524301350116730e-02
8.800163120031356812e-02
1.077800765633583069e-01
5.114154815673828125e-01
4.876174032688140869e-01
9.756951034069061279e-02
1.443928331136703491e-01
1.164990440011024475e-01
4.388382658362388611e-02
7.072365283966064453e-02
4.889369755983352661e-02
8.693309873342514038e-02
7.962322235107421875e-02
1.196152269840240479e-01
6.246815621852874756e-02
6.004720553755760193e-02
2.600147575139999390e-02
1.620122231543064117e-02
2.273386530578136444e-02
1.533047109842300415e-02
1.286274194717407227e-02
1.073982417583465576e-01
6.023432686924934387e-02
8.366808295249938965e-02
4.332638159394264221e-02
1.141395568847656250e-01
8.385131508111953735e-02
7.761953473091125488e-01
5.721814632415771484e-01
1.200073808431625366e-01
1.460185050964355469e-01
5.355512723326683044e-02
8.741678297519683838e-02
2.916944324970245361e-01
1.880277544260025024e-01
5.329830944538116455e-02
1.408937126398086548e-01
1.188476681709289551e-01
4.399435594677925110e-02
8.539605140686035156e-02
5.294158309698104858e-02
8.947507739067077637e-01
7.062248885631561279e-02
5.648095905780792236e-02
5.774304270744323730e-02
5.386549979448318481e-02
2.865269593894481659e-02
5.592810511589050293e-01
1.007041111588478088e-01
1.953302323818206787e-02
3.543266654014587402e-02
2.816106379032135010e-02
1.639203280210494995e-01
7.049132883548736572e-02
1.034086868166923523e-01
5.514131113886833191e-02
2.759489044547080994e-02
5.516000837087631226e-02
2.940532565116882324e-01
4.270975589752197266e-01
2.367527931928634644e-01
8.485826104879379272e-02
8.718374371528625488e-02
4.497207328677177429e-02
6.354660540819168091e-02
1.329698860645294189e-01
1.112706959247589111e-02
3.557856008410453796e-02
2.866964638233184814e-01
6.563258171081542969e-01
1.383964121341705322e-01
6.950491666793823242e-02
9.311933815479278564e-02
7.068359106779098511e-02
1.944887787103652954e-01
4.820638522505760193e-02
7.464032620191574097e-02
1.236052531749010086e-02
6.169806122779846191e-01
1.147215664386749268e-01
6.833714246749877930e-02
9.547789394855499268e-02
9.750789403915405273e-02
7.346294075250625610e-02
2.763813138008117676e-01
5.754046514630317688e-02
1.070750132203102112e-01
4.235780611634254456e-02
4.185122624039649963e-02
3.900564089417457581e-02
6.188334897160530090e-02
1.612713783979415894e-01
3.143958747386932373e-02
8.785360306501388550e-02
6.825739890336990356e-02
1.934145092964172363e-01
1.370600908994674683e-01
3.738713636994361877e-02
5.065394192934036255e-02
1.404927819967269897e-01
1.935180872678756714e-01
1.146609429270029068e-02
2.850567400455474854e-01
8.085197955369949341e-02
6.565883010625839233e-02
1.475992798805236816e-01
1.090895757079124451e-01
4.871064424514770508e-02
1.417142152786254883e-01
7.306282967329025269e-02
9.458553791046142578e-02
4.999420419335365295e-02
9.408448934555053711e-01
1.446521431207656860e-01
5.122182890772819519e-02
9.445960819721221924e-02
8.715371787548065186e-02
6.923677027225494385e-02
1.364107728004455566e-01
5.401464924216270447e-02
5.758211016654968262e-02
8.655152469873428345e-02
5.582972243428230286e-02
1.608998626470565796e-01
7.089983671903610229e-02
5.448426306247711182e-02
1.029917225241661072e-01
9.844191372394561768e-02
1.402481794357299805e-01
4.416897520422935486e-02
8.281879425048828125e-01
1.803297847509384155e-01
6.725914031267166138e-02
4.432640597224235535e-02
4.221006855368614197e-02
1.879163384437561035e-01
4.861706495285034180e-02
4.609753936529159546e-02
2.502686083316802979e-01
1.542592793703079224e-01
1.013964638113975525e-01
7.577827572822570801e-02
3.718766197562217712e-02
8.427080512046813965e-02
1.240652725100517273e-01
2.318007051944732666e-01
8.192532509565353394e-02
1.135526895523071289e-01
5.527260899543762207e-02
1.196917518973350525e-01
9.837099313735961914e-01
1.367756575345993042e-01
1.395395863801240921e-02
2.004417777061462402e-02
5.248669069260358810e-03
4.782276973128318787e-02
6.784446537494659424e-02
5.594064295291900635e-02
6.292319297790527344e-02
6.840306520462036133e-02
2.127189934253692627e-02
4.578220844268798828e-02
1.892935186624526978e-01
3.236326575279235840e-01
6.229651719331741333e-02
1.221868619322776794e-01
5.572267249226570129e-02
4.336166381835937500e-02
7.319008111953735352e-01
5.945411920547485352e-01
6.200312450528144836e-02
5.936608463525772095e-02
7.963900268077850342e-02
1.643415689468383789e-01
5.652835965156555176e-02
7.138831168413162231e-02
6.813869625329971313e-02
7.358965277671813965e-01
2.131663262844085693e-02
2.404338493943214417e-02
1.268516108393669128e-02
2.922960370779037476e-02
7.156450301408767700e-02
1.081053912639617920e-01
1.655520945787429810e-01
4.419076070189476013e-02
7.189239561557769775e-02
1.761451065540313721e-01
7.495515048503875732e-02
4.246614128351211548e-02
9.578907489776611328e-02
6.547202169895172119e-02
8.535397797822952271e-02
6.766483187675476074e-02
3.306651860475540161e-02
4.793337732553482056e-02
1.175082027912139893e-01
4.897737503051757812e-02
3.460108488798141479e-02
2.269641868770122528e-02
6.456626951694488525e-02
9.558854252099990845e-02
5.751154944300651550e-02
6.106226518750190735e-02
4.561491310596466064e-02
1.025547608733177185e-01
8.209807425737380981e-02
8.922879397869110107e-02
5.150751024484634399e-02
2.592805400490760803e-02
4.902625083923339844e-02
1.086190640926361084e-01
9.346046298742294312e-02
7.473846524953842163e-02
7.121773809194564819e-02
5.980657413601875305e-02
5.942279845476150513e-02
9.801702201366424561e-02
5.722467973828315735e-02
7.645933330059051514e-02
5.782814323902130127e-02
4.417777433991432190e-02
8.300548791885375977e-02
6.367509812116622925e-02
9.826012700796127319e-02
9.018449187278747559e-01
3.738518059253692627e-02
5.594979226589202881e-02
5.799140334129333496e-01
2.158612012863159180e-01
1.719594150781631470e-01
1.233340501785278320e-01
6.559001654386520386e-02
3.886424377560615540e-02
2.110401540994644165e-01
1.965068727731704712e-01
1.375378072261810303e-01
8.711954206228256226e-02
4.494969174265861511e-02
5.800242722034454346e-02
4.737749323248863220e-02
2.798653766512870789e-02
4.316767305135726929e-02
7.071968913078308105e-02
7.430290430784225464e-02
7.343722134828567505e-02
1.777007877826690674e-01
7.938060909509658813e-02
4.366124793887138367e-02
1.894043684005737305e-01
6.416039168834686279e-02
7.764176279306411743e-02
8.085054159164428711e-02
1.572592407464981079e-01
1.030897945165634155e-01
1.049984842538833618e-01
1.319790184497833252e-01
1.635930985212326050e-01
2.560315132141113281e-01
6.758917123079299927e-02
1.132720112800598145e-01
4.694606736302375793e-02
1.793597191572189331e-01
1.472424864768981934e-01
4.459375888109207153e-02
7.278152555227279663e-02
1.732280105352401733e-01
1.684917211532592773e-01
1.120489686727523804e-01
6.329188495874404907e-02
3.901752829551696777e-02
1.172513216733932495e-01
2.855911850929260254e-02
1.804414838552474976e-01
1.974988169968128204e-02
8.575794287025928497e-03
2.976869978010654449e-02
5.648646503686904907e-02
1.074821054935455322e-01
4.913834109902381897e-02
1.244804188609123230e-01
2.451709471642971039e-02
2.858814783394336700e-02
1.590280234813690186e-02
4.553521424531936646e-02
6.779565662145614624e-02
6.351786106824874878e-02
6.301136314868927002e-02
4.707733914256095886e-02
5.247005075216293335e-02
1.590205729007720947e-01
6.215445697307586670e-02
5.984199047088623047e-02
7.391386479139328003e-02
2.020561322569847107e-02
2.729101665318012238e-02
6.695257872343063354e-02
5.229184776544570923e-02
1.466713696718215942e-01
1.458696871995925903e-01
7.460178434848785400e-02
7.731261849403381348e-02
5.162871479988098145e-01
9.941123127937316895e-01
8.592760562896728516e-01
4.485972225666046143e-02
7.563921809196472168e-02
2.229649946093559265e-02
5.648496374487876892e-02
7.347306609153747559e-02
2.118663638830184937e-01
2.013677060604095459e-01
3.747703507542610168e-02
1.396528780460357666e-01
2.060450911521911621e-01
1.219414621591567993e-01
2.152920365333557129e-01
3.480459451675415039e-01
9.125789999961853027e-02
1.377587467432022095e-01
5.151024833321571350e-02
2.161905914545059204e-02
1.966248825192451477e-02
1.193626690655946732e-02
2.316384762525558472e-02
5.758001655340194702e-02
4.592312127351760864e-02
9.200063347816467285e-02
4.633873328566551208e-02
1.732294633984565735e-02
4.653318598866462708e-02
5.762054584920406342e-03
1.707752645015716553e-01
6.858650594949722290e-02
1.077368259429931641e-01
2.437537759542465210e-01
3.693822920322418213e-01
1.731952279806137085e-01
3.144936263561248779e-02
5.621578916907310486e-02
1.582597792148590088e-01
1.365477740764617920e-01
5.840823799371719360e-02
2.609368041157722473e-02
3.804440051317214966e-02
4.717841371893882751e-02
9.363123029470443726e-02
8.262736797332763672e-01
1.222510933876037598e-01
9.895627945661544800e-02
1.255584657192230225e-01
1.513531059026718140e-01
6.480706483125686646e-02
7.726293802261352539e-02
6.807004660367965698e-02
7.254172116518020630e-02
5.108726769685745239e-02
2.187437005341053009e-02
6.764507293701171875e-02
6.507787853479385376e-02
7.696540653705596924e-02
3.947377502918243408e-01
4.821192026138305664e-01
3.564108163118362427e-02
1.594526022672653198e-01
7.426431030035018921e-02
6.494166702032089233e-02
5.364431738853454590e-01
1.337650120258331299e-01
6.325102597475051880e-02
1.175644323229789734e-01
7.673184573650360107e-02
9.583467990159988403e-02
7.384043931961059570e-02
5.296202749013900757e-02
5.772862955927848816e-02
9.363934397697448730e-02
4.246348515152931213e-02
1.233042627573013306e-01
5.577259510755538940e-02
6.682253628969192505e-02
2.843119502067565918e-01
2.861258946359157562e-02
2.489270269870758057e-02
4.583607614040374756e-02
3.971385583281517029e-02
4.715695977210998535e-02
2.354139834642410278e-02
5.878166481852531433e-02
8.869813382625579834e-02
7.787138968706130981e-02
2.370317280292510986e-02
1.263395696878433228e-02
5.530262738466262817e-02
3.154835850000381470e-02
8.466984331607818604e-02
7.321927547454833984e-01
3.011994063854217529e-01
5.002521723508834839e-02
8.807308971881866455e-02
9.086273610591888428e-02
7.692199200391769409e-02
1.268623620271682739e-01
2.740602008998394012e-02
3.855928778648376465e-02
1.506135016679763794e-01
5.047135055065155029e-02
7.493232190608978271e-02
9.098833054304122925e-02
1.477260291576385498e-01
3.515620529651641846e-01
6.643740087747573853e-02
1.443425416946411133e-01
2.951354905962944031e-02
9.712681174278259277e-02
1.458133012056350708e-01
1.670841276645660400e-01
2.575902044773101807e-01
5.012752488255500793e-02
1.109372377395629883e-01
3.392142429947853088e-02
1.540089398622512817e-01
5.552497878670692444e-02
6.080080196261405945e-02
5.358522757887840271e-02
7.661601901054382324e-02
5.251359194517135620e-02
7.612221688032150269e-02
4.739910736680030823e-02
4.671512544155120850e-02
3.113226406276226044e-02
8.916077613830566406e-01
1.095242276787757874e-01
1.298409402370452881e-01
1.927790641784667969e-01
7.503625750541687012e-01
7.912667095661163330e-02
4.573616385459899902e-02
7.624457776546478271e-02
7.140274345874786377e-02
2.602985315024852753e-02
9.780947118997573853e-02
3.620139136910438538e-02
1.866201013326644897e-01
4.406120181083679199e-01
5.958969518542289734e-02
8.942022174596786499e-02
9.218391031026840210e-02
5.809824913740158081e-02
8.218696713447570801e-02
1.027702540159225464e-01
1.182969883084297180e-01
2.370693720877170563e-02
6.266640126705169678e-02
3.182034566998481750e-02
4.375240579247474670e-02
1.008316427469253540e-01
5.373632162809371948e-02
5.295111984014511108e-02
5.284234508872032166e-02
4.485616832971572876e-02
9.857687354087829590e-02
1.924004554748535156e-01
8.966095745563507080e-02
1.684316098690032959e-01
2.838050723075866699e-01
4.427557438611984253e-02
6.192476302385330200e-02
9.158658236265182495e-02
5.947565287351608276e-02
7.246661931276321411e-02
3.020557761192321777e-02
3.857657909393310547e-01
1.269414275884628296e-01
4.578552395105361938e-02
8.697821199893951416e-02
3.211227804422378540e-02
1.179186701774597168e-01
3.331983089447021484e-02
5.336146354675292969e-01
8.414546400308609009e-02
3.718194365501403809e-02
6.259227544069290161e-02
1.555746197700500488e-01
9.649242460727691650e-02
8.634113520383834839e-02
4.216386377811431885e-02
9.734991937875747681e-02
3.561934083700180054e-02
1.154862344264984131e-01
5.718968063592910767e-02
7.782123237848281860e-02
3.571279942989349365e-01
9.070755243301391602e-01
9.993017464876174927e-02
1.314481049776077271e-01
5.844939872622489929e-02
1.055124923586845398e-01
6.442327052354812622e-02
8.887755870819091797e-02
5.916102230548858643e-02
1.026521474123001099e-01
5.356720089912414551e-02
1.376322954893112183e-01
9.928514063358306885e-02
2.138713374733924866e-02
4.204750061035156250e-02
5.990327894687652588e-02
1.264526247978210449e-01
1.693972572684288025e-02
1.647870428860187531e-02
3.221357241272926331e-03
2.427660487592220306e-02
9.252055734395980835e-02
9.830448776483535767e-02
9.365251660346984863e-02
3.588399663567543030e-02
5.529905483126640320e-02
4.460157826542854309e-02
2.266073413193225861e-02
6.727020442485809326e-02
7.759563624858856201e-02
1.350884139537811279e-01
1.414900273084640503e-01
2.393748983740806580e-02
1.424530707299709320e-02
1.396399885416030884e-01
1.094578281044960022e-01
6.512717157602310181e-02
8.860844373703002930e-02
5.486255884170532227e-02
8.216230571269989014e-02
1.104302033782005310e-01
5.594300478696823120e-02
1.769950985908508301e-02
4.186912626028060913e-02
5.907206982374191284e-02
6.491392850875854492e-02
1.290841102600097656e-01
6.057938337326049805e-01
8.284873962402343750e-01
9.218602627515792847e-02
1.300091892480850220e-01
7.937426865100860596e-02
1.017188802361488342e-01
8.340413123369216919e-02
7.435813546180725098e-02
5.234587192535400391e-02
1.244765892624855042e-01
8.547386527061462402e-02
7.919867336750030518e-02
2.859510853886604309e-02
4.876878485083580017e-02
6.112561002373695374e-02
9.963991492986679077e-02
8.306016027927398682e-02
1.046078726649284363e-01
2.352647110819816589e-02
1.001280918717384338e-02
2.012726217508316040e-01
1.602964401245117188e-01
5.581204965710639954e-02
8.512793481349945068e-02
1.124173626303672791e-01
7.386019825935363770e-02
9.390173852443695068e-02
5.854867026209831238e-02
6.309583038091659546e-02
3.394223004579544067e-02
2.581721730530261993e-02
5.062730237841606140e-02
4.228940978646278381e-02
2.217447906732559204e-01
9.329212456941604614e-02
4.593848809599876404e-02
3.520056977868080139e-02
2.730707228183746338e-01
4.864825308322906494e-02
5.706322565674781799e-02
4.347826912999153137e-02
3.236235082149505615e-01
1.167192906141281128e-01
2.045035660266876221e-01
5.258833244442939758e-02
9.933146834373474121e-01
6.923206895589828491e-02
4.653145968914031982e-01
2.986974269151687622e-02
8.613263256847858429e-03
3.080598711967468262e-01
1.140409260988235474e-01
9.203463792800903320e-02
1.669585518538951874e-02
5.672204308211803436e-03
1.299577355384826660e-01
1.073017194867134094e-01
9.485654532909393311e-02
2.533971071243286133e-01
8.546104282140731812e-02
2.279169708490371704e-01
5.669425725936889648e-01
3.603165745735168457e-01
5.212968587875366211e-01
1.483853459358215332e-01
9.653327614068984985e-02
1.382820457220077515e-01
2.979936450719833374e-02
1.098669469356536865e-01
4.160448908805847168e-01
1.227138116955757141e-01
1.873407885432243347e-02
1.680862717330455780e-02
5.721794068813323975e-02
1.208878904581069946e-01
3.711520507931709290e-02
5.763322487473487854e-02
4.241819083690643311e-01
2.179874330759048462e-01
1.440070010721683502e-02
1.206302195787429810e-01
3.825753182172775269e-02
8.897008001804351807e-02
1.074529290199279785e-01
8.879108726978302002e-02
1.799946725368499756e-01
6.966716051101684570e-02
9.846881777048110962e-02
2.540750894695520401e-03
2.164049074053764343e-02
5.349987745285034180e-02
1.995706185698509216e-02
1.264080554246902466e-01
1.172744035720825195e-01
3.037458471953868866e-02
1.123034432530403137e-01
6.682341545820236206e-02
7.004981487989425659e-02
6.256999820470809937e-02
1.030491515994071960e-01
1.071148514747619629e-01
8.356110006570816040e-02
5.721784010529518127e-02
4.929208755493164062e-02
6.895977258682250977e-02
6.680846214294433594e-02
1.342862993478775024e-01
7.849887013435363770e-02
6.740904599428176880e-02
7.731132954359054565e-02
1.050309538841247559e-01
5.860511213541030884e-02
7.390469312667846680e-02
8.972391486167907715e-02
7.715491950511932373e-02
2.598420158028602600e-02
1.623604595661163330e-01
1.300644129514694214e-01
8.805002272129058838e-02
6.474692374467849731e-02
6.941561400890350342e-02
9.004547446966171265e-02
1.847069859504699707e-01
1.120301783084869385e-01
5.175210162997245789e-02
1.314900517463684082e-01
8.494544029235839844e-02
8.249538391828536987e-02
3.799891844391822815e-02
1.191550642251968384e-01
7.059275358915328979e-02
4.258806630969047546e-02
5.272498726844787598e-02
7.837296277284622192e-02
8.658289164304733276e-02
5.328169465065002441e-02
9.477683901786804199e-02
5.453112721443176270e-02
3.435338288545608521e-02
8.136069774627685547e-02
5.821514874696731567e-02
1.003674641251564026e-01
7.629145681858062744e-02
1.319783180952072144e-01
3.112546801567077637e-01
1.821710355579853058e-02
1.078683808445930481e-01
1.725043915212154388e-02
2.318408936262130737e-01
1.414747815579175949e-02
5.679788067936897278e-02
5.327118188142776489e-02
9.143481254577636719e-01
3.503950312733650208e-02
9.926091879606246948e-02
6.341063231229782104e-02
1.293164044618606567e-01
4.039592295885086060e-02
4.754479974508285522e-02
6.428083777427673340e-02
5.278915911912918091e-02
8.772923052310943604e-02
7.926642149686813354e-02
1.548470705747604370e-01
1.403317302465438843e-01
6.484907120466232300e-02
6.226539239287376404e-02
1.076435074210166931e-01
1.531798243522644043e-01
2.878806293010711670e-01
6.954620033502578735e-02
1.028838381171226501e-01
8.605968952178955078e-02
6.559843569993972778e-02
3.523021563887596130e-02
6.030720844864845276e-02
2.865836769342422485e-02
4.852334782481193542e-02
9.775566309690475464e-02
7.942251563072204590e-01
8.733234554529190063e-02
2.689983136951923370e-02
1.068704016506671906e-02
8.823712170124053955e-02
6.281614303588867188e-02
5.215949937701225281e-02
4.310357198119163513e-02
4.999610409140586853e-02
5.399265512824058533e-02
1.330651044845581055e-01
7.448962330818176270e-02
7.907520979642868042e-02
4.266629926860332489e-03
4.503120481967926025e-02
2.293541282415390015e-02
5.885731428861618042e-02
3.138241544365882874e-02
1.868248358368873596e-02
5.270149931311607361e-02
5.921753495931625366e-02
7.023347914218902588e-02
5.956606566905975342e-02
2.500259503722190857e-02
2.216878086328506470e-01
1.520630624145269394e-02
1.478762626647949219e-01
7.660252600908279419e-02
6.622107326984405518e-02
5.086202546954154968e-02
9.287544339895248413e-02
2.959290705621242523e-02
1.777870357036590576e-01
1.013940796256065369e-01
4.877803847193717957e-02
3.268487751483917236e-02
1.656580120325088501e-01
7.825657725334167480e-02
7.401134818792343140e-02
1.533989310264587402e-01
7.765159755945205688e-02
1.483128070831298828e-01
3.693807125091552734e-02
5.239074677228927612e-02
6.240718439221382141e-02
4.184040427207946777e-02
3.567684441804885864e-02
1.757676899433135986e-02
4.688503220677375793e-02
3.567495942115783691e-02
5.173499882221221924e-02
3.391887247562408447e-02
7.077986001968383789e-02
5.138598382472991943e-02
1.791521348059177399e-02
7.902891933917999268e-02
9.996097534894943237e-02
6.367992609739303589e-02
8.588815480470657349e-02
1.577008962631225586e-01
6.471319496631622314e-02
8.666457980871200562e-02
4.583656042814254761e-02
7.792348414659500122e-02
4.206412658095359802e-02
1.389744579792022705e-01
7.009223848581314087e-02
6.592782586812973022e-02
5.742786917835474014e-03
4.668734967708587646e-02
1.482668817043304443e-01
1.373299211263656616e-02
2.223393172025680542e-01
2.617931924760341644e-02
4.059423506259918213e-02
6.336378306150436401e-02
1.584120243787765503e-01
1.364910751581192017e-01
4.478187114000320435e-02
9.026649408042430878e-03
5.583179742097854614e-02
6.844621151685714722e-02
5.749059468507766724e-02
4.705395549535751343e-02
9.874536097049713135e-02
9.448344707489013672e-01
3.483793139457702637e-02
1.969437897205352783e-01
2.922446094453334808e-02
1.919041946530342102e-02
3.734059631824493408e-02
1.428618729114532471e-01
4.783791601657867432e-01
2.255909591913223267e-01
1.989737898111343384e-02
3.779332339763641357e-02
1.199169903993606567e-01
1.733701378107070923e-01
1.044249385595321655e-01
6.707515567541122437e-02
9.195385128259658813e-02
1.098504886031150818e-01
6.425396353006362915e-02
3.673737496137619019e-02
1.047706007957458496e-01
5.736805126070976257e-02
1.312292963266372681e-01
8.648312836885452271e-02
9.326535463333129883e-02
2.660768926143646240e-01
4.620033875107765198e-02
6.952681392431259155e-02
1.743177622556686401e-01
1.102467253804206848e-01
8.573421835899353027e-02
6.982059031724929810e-02
3.976612985134124756e-01
7.574296742677688599e-02
7.286180555820465088e-02
2.428979612886905670e-02
2.189071476459503174e-02
4.742749035358428955e-02
3.631975129246711731e-02
2.959678769111633301e-01
5.901308357715606689e-02
7.219021022319793701e-02
1.029174178838729858e-01
6.620486080646514893e-02
4.090755805373191833e-02
4.713669419288635254e-01
2.523592412471771240e-01
3.422928974032402039e-02
5.668407678604125977e-01
3.726209998130798340e-01
6.861373037099838257e-02
3.122855722904205322e-02
1.080041527748107910e-01
6.748563051223754883e-02
8.254872262477874756e-02
9.458918869495391846e-02
6.922921538352966309e-02
1.577145308256149292e-01
2.126361131668090820e-01
2.682355418801307678e-02
6.374809890985488892e-02
7.236617058515548706e-02
1.233439743518829346e-01
5.105357617139816284e-02
6.272438913583755493e-02
4.049660637974739075e-02
1.223482191562652588e-01
6.741842627525329590e-02
5.982526019215583801e-02
8.504355698823928833e-02
3.777828440070152283e-02
1.498541086912155151e-01
4.816166311502456665e-02
4.384024813771247864e-02
3.108911775052547455e-02
4.155048355460166931e-02
8.873125910758972168e-02
4.635981097817420959e-02
4.062924534082412720e-02
7.862296700477600098e-02
1.179169490933418274e-01
3.079366125166416168e-02
8.204469829797744751e-02
8.889779448509216309e-02
1.001678779721260071e-01
1.241767313331365585e-02
1.008788682520389557e-02
4.461201280355453491e-02
1.171086356043815613e-01
7.834615558385848999e-02
1.007103547453880310e-01
4.972012713551521301e-02
4.361452907323837280e-02
1.790363155305385590e-02
1.857297122478485107e-01
3.265596553683280945e-02
2.095202207565307617e-01
8.242294192314147949e-02
8.745608478784561157e-02
5.232664942741394043e-02
3.815616369247436523e-01
2.119302153587341309e-01
4.883595928549766541e-02
1.369070708751678467e-01
5.984177067875862122e-02
1.383865028619766235e-01
6.147871166467666626e-02
9.426025301218032837e-02
1.074436530470848083e-01
1.724243909120559692e-01
6.899846345186233521e-02
3.514672070741653442e-02
2.696402370929718018e-02
5.722720548510551453e-02
1.278717815876007080e-02
4.671875759959220886e-02
4.195481911301612854e-02
7.759701013565063477e-01
8.030995130538940430e-01
2.257193773984909058e-01
4.590925201773643494e-02
1.397635340690612793e-01
9.708175063133239746e-01
7.296987175941467285e-01
7.628536969423294067e-02
3.719751536846160889e-02
4.925598949193954468e-02
5.904908850789070129e-02
1.481286883354187012e-01
9.800466150045394897e-02
1.089741662144660950e-01
7.512884587049484253e-02
7.889299094676971436e-02
1.139658764004707336e-01
8.899731934070587158e-02
3.431607037782669067e-02
5.988081917166709900e-02
6.244439259171485901e-02
4.316000267863273621e-02
8.196839690208435059e-02
4.791507869958877563e-02
4.851491749286651611e-02
2.029009722173213959e-02
9.215661138296127319e-02
9.938673675060272217e-02
1.580361127853393555e-01
9.356167167425155640e-02
9.262709617614746094e-01
6.877230852842330933e-02
1.129029393196105957e-01
1.034764349460601807e-01
2.176143825054168701e-01
6.523757576942443848e-01
7.937689423561096191e-01
2.038010358810424805e-01
1.063781902194023132e-01
2.437843382358551025e-02
1.410785466432571411e-01
5.073297396302223206e-02
1.378369033336639404e-01
1.322004348039627075e-01
2.362553589046001434e-02
1.040913760662078857e-01
1.576484739780426025e-01
1.887041777372360229e-01
1.037401854991912842e-01
6.394710391759872437e-02
3.902372345328330994e-02
7.916536927223205566e-02
5.049202591180801392e-02
1.174032911658287048e-01
3.022199310362339020e-02
3.786152228713035583e-02
9.451092779636383057e-02
3.580010309815406799e-02
2.334946580231189728e-02
4.651070013642311096e-02
5.374910309910774231e-02
2.579393237829208374e-02
1.545507460832595825e-01
5.671541392803192139e-02
3.279324993491172791e-02
5.396131798624992371e-02
1.233566030859947205e-01
7.054033130407333374e-02
1.563675552606582642e-01
4.237367212772369385e-01
2.121254503726959229e-01
5.402783304452896118e-02
5.045411363244056702e-02
8.453174680471420288e-02
4.847154021263122559e-02
6.567569822072982788e-02
4.909925535321235657e-02
9.480787813663482666e-02
5.968191847205162048e-02
7.274777442216873169e-02
7.554528862237930298e-02
9.773547947406768799e-02
1.678773015737533569e-01
4.308703541755676270e-02
6.433854997158050537e-02
2.965118549764156342e-02
2.188652940094470978e-02
1.941438764333724976e-02
2.475670352578163147e-02
7.351122051477432251e-02
2.461280822753906250e-01
1.865057796239852905e-01
2.043973095715045929e-02
8.860307186841964722e-02
1.011449191719293594e-02
3.191440925002098083e-02
1.956822723150253296e-02
5.427476018667221069e-02
7.075151056051254272e-02
8.066890388727188110e-02
6.544004380702972412e-02
4.148947820067405701e-02
9.300489723682403564e-02
6.142687425017356873e-02
5.404717102646827698e-02
1.947534382343292236e-01
2.427798211574554443e-01
9.685657918453216553e-02
2.967255562543869019e-02
7.948175817728042603e-02
9.994575381278991699e-01
6.557870507240295410e-01
7.875600457191467285e-02
1.691028922796249390e-01
1.707105934619903564e-01
9.852133691310882568e-02
7.306073606014251709e-02
1.335632354021072388e-01
1.453068256378173828e-01
6.056298967450857162e-03
3.009141422808170319e-02
1.652661897242069244e-02
5.349086225032806396e-02
3.990491852164268494e-02
7.048416137695312500e-02
5.582748726010322571e-02
2.620722725987434387e-02
2.435280978679656982e-01
1.126018390059471130e-01
1.473658233880996704e-01
1.887260824441909790e-01
1.128516718745231628e-01
9.759780764579772949e-02
5.749423801898956299e-02
9.280375391244888306e-02
1.336611956357955933e-01
1.656870916485786438e-02
2.567274868488311768e-01
7.768688350915908813e-02
1.372903287410736084e-01
4.254527390003204346e-02
8.915846794843673706e-02
4.318521544337272644e-02
4.530303925275802612e-02
5.358948558568954468e-02
2.047894597053527832e-01
5.425577759742736816e-01
8.508206158876419067e-02
2.533796429634094238e-02
1.940387487411499023e-01
1.440928578376770020e-01
5.909984931349754333e-02
1.088074669241905212e-01
8.194948732852935791e-02
1.104708686470985413e-01
4.668516293168067932e-02
9.875980019569396973e-01
9.999493360519409180e-01
4.795355349779129028e-02
1.281355768442153931e-01
1.439871490001678467e-01
9.256962686777114868e-02
9.330961853265762329e-02
7.465794682502746582e-02
1.198146790266036987e-01
1.929290592670440674e-01
7.201930880546569824e-01
9.850792884826660156e-01
5.066196992993354797e-02
4.904744029045104980e-02
4.499645158648490906e-02
9.651285409927368164e-02
1.489742398262023926e-01
1.193418353796005249e-01
9.180714190006256104e-02
2.413995191454887390e-02
9.581996500492095947e-02
1.528371777385473251e-02
2.135333791375160217e-02
3.752109408378601074e-02
5.884931236505508423e-02
8.125617355108261108e-02
9.553962200880050659e-02
8.195987343788146973e-02
7.590468972921371460e-02
5.466638877987861633e-02
6.943082809448242188e-02
7.953281700611114502e-02
9.080071747303009033e-02
7.257541269063949585e-02
2.046459764242172241e-01
2.007377892732620239e-01
1.040096059441566467e-01
4.388813674449920654e-02
4.176321253180503845e-02
5.703442171216011047e-02
4.172335937619209290e-02
3.514737635850906372e-02
4.607657715678215027e-02
6.313101947307586670e-02
6.463394314050674438e-02
7.635772973299026489e-02
1.069489307701587677e-02
3.099169954657554626e-02
6.756518036127090454e-02
8.432489633560180664e-02
4.989677071571350098e-01
3.186008632183074951e-01
3.445795178413391113e-02
1.173932626843452454e-01
1.321254372596740723e-01
9.578025341033935547e-02
2.543179318308830261e-02
3.104781918227672577e-02
1.041568145155906677e-01
6.546457856893539429e-02
5.332470685243606567e-02
4.118515178561210632e-02
4.986313730478286743e-02
1.322809327393770218e-02
3.885369747877120972e-02
5.067866668105125427e-02
3.473744913935661316e-02
9.392359107732772827e-02
4.891434684395790100e-02
5.765400081872940063e-02
1.966925263404846191e-01
7.559318840503692627e-02
4.410834982991218567e-02
1.126760691404342651e-01
6.708109378814697266e-02
2.754266560077667236e-01
4.547414928674697876e-02
6.773364543914794922e-02
5.707628652453422546e-02
6.499032676219940186e-02
6.904803961515426636e-02
9.509439021348953247e-02
8.426762372255325317e-02
6.440883129835128784e-02
5.500825121998786926e-02
7.915600389242172241e-02
8.427358418703079224e-02
9.327103197574615479e-02
7.147625088691711426e-02
6.646346300840377808e-02
5.735914036631584167e-02
1.040353327989578247e-01
4.382862746715545654e-01
6.480980664491653442e-02
6.629303842782974243e-02
4.885119572281837463e-02
7.374212890863418579e-02
7.681909203529357910e-02
9.993798285722732544e-02
1.135628372430801392e-01
1.229922249913215637e-01
6.355122476816177368e-02
8.685369044542312622e-02
2.580180019140243530e-02
6.869146600365638733e-03
1.766699180006980896e-02
2.151845023036003113e-02
9.871678054332733154e-02
1.915493160486221313e-01
4.734705016016960144e-02
7.395470980554819107e-03
2.636035159230232239e-02
4.046508669853210449e-02
5.891688168048858643e-02
3.679702058434486389e-02
5.643101036548614502e-02
1.035369038581848145e-01
6.607506424188613892e-02
2.044953405857086182e-01
4.734128341078758240e-02
4.918406903743743896e-02
5.080717056989669800e-02
1.352590508759021759e-02
7.094919681549072266e-02
7.053183019161224365e-02
1.247281432151794434e-01
6.990388035774230957e-01
8.911855816841125488e-01
5.106262117624282837e-02
8.705811947584152222e-02
3.727356716990470886e-02
1.397431343793869019e-01
3.919450640678405762e-01
2.546602785587310791e-01
6.453183293342590332e-02
1.056095287203788757e-01
2.921086177229881287e-02
5.696198716759681702e-02
1.512056291103363037e-01
1.155872941017150879e-01
2.965599671006202698e-02
1.119462959468364716e-02
8.732612244784832001e-03
6.043457984924316406e-02
4.228511452674865723e-02
1.712983101606369019e-01
1.086418032646179199e-01
9.478864818811416626e-02
6.159500405192375183e-02
1.040463000535964966e-01
8.322986960411071777e-02
8.488552272319793701e-02
1.085131838917732239e-01
7.435265928506851196e-02
6.998749822378158569e-02
5.291208997368812561e-02
1.068336293101310730e-01
6.453578174114227295e-02
9.313564747571945190e-02
8.838298916816711426e-02
7.259761095046997070e-01
5.502304807305335999e-02
7.776919752359390259e-02
2.591827213764190674e-01
8.657577633857727051e-02
7.856991142034530640e-02
1.200876161456108093e-01
8.234597742557525635e-02
4.761238768696784973e-02
3.140133321285247803e-01
1.090473383665084839e-01
1.165675651282072067e-02
1.078629214316606522e-02
3.177260607481002808e-02
1.664449125528335571e-01
1.790518015623092651e-01
1.943746358156204224e-01
2.154055982828140259e-02
1.054240856319665909e-02
3.259264677762985229e-02
8.968512713909149170e-02
7.208013534545898438e-02
2.544999122619628906e-01
7.424052804708480835e-02
7.346075028181076050e-02
8.477154374122619629e-02
9.940193593502044678e-02
2.417452260851860046e-02
4.542275518178939819e-02
3.586796345189213753e-03
3.926621377468109131e-02
4.410035014152526855e-01
5.239998102188110352e-01
2.881003618240356445e-01
9.334542751312255859e-01
9.166016429662704468e-02
5.608836561441421509e-02
3.758075460791587830e-02
1.121730655431747437e-01
6.585770845413208008e-02
2.459114603698253632e-02
2.440478652715682983e-02
1.313022151589393616e-02
8.305508643388748169e-02
1.072061881422996521e-01
6.400830298662185669e-02
1.524219363927841187e-01
4.903873801231384277e-02
5.940882116556167603e-02
4.452670365571975708e-02
8.849887549877166748e-02
9.943401217460632324e-01
1.082571372389793396e-01
8.599101006984710693e-02
2.066895365715026855e-01
8.385423570871353149e-03
2.155934087932109833e-02
9.649439901113510132e-02
1.438553035259246826e-01
2.136954218149185181e-01
5.370601639151573181e-02
5.263200774788856506e-02
1.156499087810516357e-01
6.103790923953056335e-02
5.988127738237380981e-02
2.623839676380157471e-02
6.571642309427261353e-02
1.184405386447906494e-02
5.929725989699363708e-02
1.659465581178665161e-02
7.664587348699569702e-03
2.909856848418712616e-02
9.025980532169342041e-02
7.515595108270645142e-02
8.667899668216705322e-02
3.868506848812103271e-02
9.784976392984390259e-02
8.759023994207382202e-02
2.892865799367427826e-02
8.662901073694229126e-02
9.383181482553482056e-02
7.278144359588623047e-02
1.301314979791641235e-01
7.841018587350845337e-02
3.548804670572280884e-02
1.366742998361587524e-01
1.636953949928283691e-01
1.559140533208847046e-01
8.841075003147125244e-02
3.946575149893760681e-02
1.133528053760528564e-01
9.255354851484298706e-02
6.706153601408004761e-02
5.920599028468132019e-02
4.337895661592483521e-02
7.561212033033370972e-02
4.002209007740020752e-02
1.229627281427383423e-01
4.769405350089073181e-02
5.867183580994606018e-02
3.553132340312004089e-02
6.407050788402557373e-02
8.456052094697952271e-02
5.010746046900749207e-02
3.488641604781150818e-02
1.322784721851348877e-01
8.101695775985717773e-02
9.065829217433929443e-02
4.930011034011840820e-01
7.151979953050613403e-02
8.380120992660522461e-02
5.290332809090614319e-02
6.395661085844039917e-02
5.068776011466979980e-02
1.360221207141876221e-02
1.174460072070360184e-02
2.164983749389648438e-02
1.397863179445266724e-01
6.526014953851699829e-02
1.258017867803573608e-01
6.391803920269012451e-02
7.129488047212362289e-03
1.397006865590810776e-02
2.778368629515171051e-02
8.868367224931716919e-02
3.665269911289215088e-01
7.100244611501693726e-02
6.228871643543243408e-02
2.777031064033508301e-01
6.961748003959655762e-02
9.352026879787445068e-02
1.143765151500701904e-01
5.234283208847045898e-02
5.160956084728240967e-02
2.223265618085861206e-01
1.833406649529933929e-02
5.478128418326377869e-02
8.616549968719482422e-01
4.906651750206947327e-02
4.502675682306289673e-02
2.375677973031997681e-01
9.623880684375762939e-02
9.854929149150848389e-02
6.728076934814453125e-02
8.665772527456283569e-02
6.406836211681365967e-02
1.040289402008056641e-01
2.277214974164962769e-01
1.283538937568664551e-01
5.057300254702568054e-02
9.000289440155029297e-02
9.472954273223876953e-02
5.964845791459083557e-02
1.151565983891487122e-01
4.737481102347373962e-02
1.097320169210433960e-01
2.533476650714874268e-01
1.427275985479354858e-01
3.572648763656616211e-02
3.168971836566925049e-01
2.474543154239654541e-01
4.397037625312805176e-02
1.786662824451923370e-02
2.198344841599464417e-02
3.781918808817863464e-02
1.073395740240812302e-02
5.247309803962707520e-02
7.261597365140914917e-02
4.017128795385360718e-02
1.091031283140182495e-01
1.480069309473037720e-01
1.174218803644180298e-01
3.174635395407676697e-02
4.103995487093925476e-02
6.333213299512863159e-02
8.939374238252639771e-02
3.150055110454559326e-01
2.785308361053466797e-01
6.797134876251220703e-02
1.002689450979232788e-01
8.355894684791564941e-02
7.214553654193878174e-02
8.435171842575073242e-02
2.931074053049087524e-02
7.288741320371627808e-02
3.395744040608406067e-02
1.293369382619857788e-01
9.590451419353485107e-02
7.542259991168975830e-02
6.403367221355438232e-02
9.645712375640869141e-02
6.424786150455474854e-02
1.447717845439910889e-01
2.093423753976821899e-01
1.054858714342117310e-01
7.062957882881164551e-01
4.619238376617431641e-01
1.663913130760192871e-01
4.862865805625915527e-01
5.068693161010742188e-01
5.426356196403503418e-01
1.330430805683135986e-01
8.136190474033355713e-02
4.177693426609039307e-01
5.001718550920486450e-02
8.712536096572875977e-02
3.674737364053726196e-02
1.433058381080627441e-01
1.223037764430046082e-02
6.982278078794479370e-02
4.839227348566055298e-02
1.229681521654129028e-01
1.035407036542892456e-01
9.116862714290618896e-02
5.602942407131195068e-02
7.963208109140396118e-02
6.160717085003852844e-02
1.411025226116180420e-01
9.048444032669067383e-01
6.104987263679504395e-01
1.189826205372810364e-01
7.611562609672546387e-01
5.589616298675537109e-01
1.057439669966697693e-01
1.801956892013549805e-01
1.321390122175216675e-01
1.773232072591781616e-01
2.019917219877243042e-01
6.532271206378936768e-02
7.702314853668212891e-02
4.647219926118850708e-02
3.923521563410758972e-02
6.257504690438508987e-03
1.413902081549167633e-02
3.536464273929595947e-02
2.692332118749618530e-02
4.369452595710754395e-02
2.929331734776496887e-02
1.803666166961193085e-02
1.117717195302248001e-02
7.842069864273071289e-02
7.810103893280029297e-02
6.200213916599750519e-03
5.853169411420822144e-02
3.557028248906135559e-02
9.945167601108551025e-02
6.281797587871551514e-02
8.403595536947250366e-02
1.045349799096584320e-02
8.104366809129714966e-02
2.106498479843139648e-01
5.307884812355041504e-01
2.623309493064880371e-01
5.088572576642036438e-02
2.135820686817169189e-02
4.680947586894035339e-02
9.917336702346801758e-02
8.964462578296661377e-02
5.261240527033805847e-02
7.278992235660552979e-02
1.386326923966407776e-02
3.882008790969848633e-02
1.223844513297080994e-01
8.722572028636932373e-02
4.032867029309272766e-02
4.226629808545112610e-02
4.964363947510719299e-02
1.020884215831756592e-01
9.599333256483078003e-02
2.426066249608993530e-02
4.917140305042266846e-02
8.016110956668853760e-02
7.745140790939331055e-02
7.567092776298522949e-02
9.647157788276672363e-02
6.334612518548965454e-02
4.120660573244094849e-02
2.304383367300033569e-02
6.045065075159072876e-02
5.495503172278404236e-02
7.767155766487121582e-02
9.651243686676025391e-02
9.592460989952087402e-01
6.596844196319580078e-01
7.697495818138122559e-02
6.647279113531112671e-02
5.914730578660964966e-02
2.043634504079818726e-01
1.147904396057128906e-01
2.703338488936424255e-02
9.209798276424407959e-02
7.150989025831222534e-02
2.221581898629665375e-02
1.889955624938011169e-02
3.639131039381027222e-02
6.431655585765838623e-02
3.146264255046844482e-01
6.432968378067016602e-02
1.143971458077430725e-01
8.081169426441192627e-02
4.500707611441612244e-02
1.042785272002220154e-01
7.257096469402313232e-02
5.627581477165222168e-02
2.258077450096607208e-02
4.106692969799041748e-02
6.910030543804168701e-02
1.243752315640449524e-01
4.543826356530189514e-02
1.582077518105506897e-02
1.300492584705352783e-01
1.108043938875198364e-01
8.588891476392745972e-03
2.845965027809143066e-01
1.119157224893569946e-01
7.806368470191955566e-01
8.472679257392883301e-01
9.568329155445098877e-02
7.545425742864608765e-02
1.021781489253044128e-01
2.814940214157104492e-01
1.214334275573492050e-02
5.570301786065101624e-02
1.686971262097358704e-02
1.703667454421520233e-02
2.207541652023792267e-02
8.960238099098205566e-02
9.296859800815582275e-02
4.473044723272323608e-02
1.135694459080696106e-01
4.703624546527862549e-02
8.756233006715774536e-02
4.866541922092437744e-02
8.343239873647689819e-02
9.654294699430465698e-02
1.154068857431411743e-01
8.873770833015441895e-01
1.021778434514999390e-01
4.964580014348030090e-02
3.612809255719184875e-02
3.755217045545578003e-02
4.053157940506935120e-02
7.786636054515838623e-02
6.993287801742553711e-02
6.495107710361480713e-02
4.982571676373481750e-02
6.653439998626708984e-02
3.851092606782913208e-02
6.528986692428588867e-01
4.942737519741058350e-02
1.399681568145751953e-01
2.111185938119888306e-01
5.583596229553222656e-01
1.330687701702117920e-01
5.270595848560333252e-02
3.244640678167343140e-02
1.394160389900207520e-01
4.856711998581886292e-02
6.440830975770950317e-02
5.847589299082756042e-02
6.462492048740386963e-02
9.649568796157836914e-02
4.177553951740264893e-02
9.282674640417098999e-02
9.190748631954193115e-02
1.269758194684982300e-01
8.388741314411163330e-02
6.670730561017990112e-02
4.402012377977371216e-02
4.735033959150314331e-03
9.357164055109024048e-02
1.491633355617523193e-01
4.426243156194686890e-02
4.412826895713806152e-02
6.564579904079437256e-02
1.193984448909759521e-01
5.839516222476959229e-02
8.671656250953674316e-02
3.949782997369766235e-02
4.835944995284080505e-02
5.370836332440376282e-02
4.222075045108795166e-01
7.074896097183227539e-01
7.614163309335708618e-02
6.117873638868331909e-02
3.198777437210083008e-01
4.414827376604080200e-02
2.700240910053253174e-02
8.080087602138519287e-02
1.997030712664127350e-02
3.177475556731224060e-02
5.672013163566589355e-01
7.316048443317413330e-02
4.363898932933807373e-02
2.130973711609840393e-02
8.739894628524780273e-02
1.248467490077018738e-01
1.962879598140716553e-01
9.279683232307434082e-02
4.001399874687194824e-02
1.153114065527915955e-01
4.925215989351272583e-02
4.823794588446617126e-02
4.371224045753479004e-01
2.466254979372024536e-01
3.843337669968605042e-02
9.469544142484664917e-02
7.324618101119995117e-02
1.183633059263229370e-01
1.512906849384307861e-01
8.474727720022201538e-02
5.654889717698097229e-02
3.373678773641586304e-02
1.735277660191059113e-02
2.999617345631122589e-02
7.951067388057708740e-02
7.728047668933868408e-02
3.706118836998939514e-02
2.213106118142604828e-02
8.344976603984832764e-02
6.754387170076370239e-02
6.796830892562866211e-02
2.054335363209247589e-02
1.585805229842662811e-02
4.155769199132919312e-02
1.038904637098312378e-01
1.461880952119827271e-01
5.696489661931991577e-02
6.003107503056526184e-02
9.667795151472091675e-02
1.225997433066368103e-01
8.500015735626220703e-02
5.478366464376449585e-02
6.522800028324127197e-02
9.402875602245330811e-02
3.733978420495986938e-02
7.301328331232070923e-02
6.060907244682312012e-02
8.993720635771751404e-03
1.731677725911140442e-02
9.286174550652503967e-03
6.882167607545852661e-02
2.370419166982173920e-02
9.126580506563186646e-02
1.641758680343627930e-01
4.479124397039413452e-02
4.993180185556411743e-02
3.535958379507064819e-02
5.580605566501617432e-02
9.281166642904281616e-02
1.373134851455688477e-01
4.246074333786964417e-02
7.949824631214141846e-02
8.661608397960662842e-02
5.111553519964218140e-02
7.775124162435531616e-02
5.847463384270668030e-02
1.142727136611938477e-01
6.199302151799201965e-02
2.142723947763442993e-01
9.978148937225341797e-01
8.682636022567749023e-01
1.097502335906028748e-01
7.346455007791519165e-02
5.059101581573486328e-01
5.422711372375488281e-01
8.179721981287002563e-02
4.621499404311180115e-02
1.208414137363433838e-01
9.065304696559906006e-02
1.009313315153121948e-01
4.020595178008079529e-02
1.291473209857940674e-01
6.224940344691276550e-02
7.465220242738723755e-02
8.984619379043579102e-02
3.111092746257781982e-02
8.473885655403137207e-01
5.775890946388244629e-01
1.153989210724830627e-01
9.643162786960601807e-02
2.107117027044296265e-01
9.950400888919830322e-02
2.581936679780483246e-02
2.417854964733123779e-02
4.126847386360168457e-01
6.083866208791732788e-02
1.641934663057327271e-01
5.959103107452392578e-01
1.894838511943817139e-01
3.813805058598518372e-02
3.227996826171875000e-02
3.035625629127025604e-02
7.058683782815933228e-02
1.094274446368217468e-01
7.424384355545043945e-02
1.216186732053756714e-01
1.245940998196601868e-01
4.241615161299705505e-02
5.080234631896018982e-02
5.496139824390411377e-02
2.597598917782306671e-02
1.540092658251523972e-02
4.684806615114212036e-02
9.920593351125717163e-02
6.875636428594589233e-02
5.363525450229644775e-02
3.776836991310119629e-01
1.294767707586288452e-01
5.908631533384323120e-02
5.204318463802337646e-02
1.532721221446990967e-01
6.155546754598617554e-02
2.060371935367584229e-01
5.702104791998863220e-02
8.601078391075134277e-02
3.077368810772895813e-02
7.320155948400497437e-02
5.988669395446777344e-02
9.920346736907958984e-02
1.397195854224264622e-03
9.355876594781875610e-03
1.210845932364463806e-01
8.223321437835693359e-01
8.985109627246856689e-03
4.288000613451004028e-02
9.769114106893539429e-02
1.932293549180030823e-02
2.078688293695449829e-01
9.939977526664733887e-02
7.187686860561370850e-02
1.060415729880332947e-01
1.249864995479583740e-01
1.125334650278091431e-01
1.324242651462554932e-01
1.562987267971038818e-01
2.628121152520179749e-02
6.319512426853179932e-02
8.552229404449462891e-02
7.504694908857345581e-02
9.823933988809585571e-02
1.567631363868713379e-01
9.372803568840026855e-02
5.226091295480728149e-02
7.393367588520050049e-02
8.546944707632064819e-02
7.635540515184402466e-02
1.123835667967796326e-01
2.727657258510589600e-01
1.011123508214950562e-01
9.963529556989669800e-02
6.612665206193923950e-02
3.557904362678527832e-01
5.968166589736938477e-01
7.001405209302902222e-02
3.304840996861457825e-02
6.871078908443450928e-02
8.680949360132217407e-02
1.067844927310943604e-01
8.754873275756835938e-02
6.854587793350219727e-02
1.759876161813735962e-01
4.895559325814247131e-02
3.750941902399063110e-02
1.265595257282257080e-01
5.807040259242057800e-02
1.850971579551696777e-02
7.273605559021234512e-03
3.903501108288764954e-02
6.629428267478942871e-02
8.952029794454574585e-02
5.863011255860328674e-02
3.124866634607315063e-02
7.013228535652160645e-02
1.984653919935226440e-01
1.999602913856506348e-01
9.504956752061843872e-02
1.092880368232727051e-01
1.071392446756362915e-01
7.825031876564025879e-02
5.655298382043838501e-02
4.420159012079238892e-02
9.608779847621917725e-02
5.758929625153541565e-02
5.916968733072280884e-02
1.736516505479812622e-02
8.317081630229949951e-02
5.726968124508857727e-02
3.138205409049987793e-01
6.858590245246887207e-01
1.522347927093505859e-01
9.639398753643035889e-02
9.763362258672714233e-02
9.243898093700408936e-02
5.883856862783432007e-02
8.588993549346923828e-02
1.794132404029369354e-02
5.882073193788528442e-02
3.440856561064720154e-02
7.583644986152648926e-02
2.629704773426055908e-01
3.578266128897666931e-02
6.090042740106582642e-02
5.203357711434364319e-02
1.897223144769668579e-01
3.245434537529945374e-02
4.533521458506584167e-02
2.078619450330734253e-01
1.871345490217208862e-01
2.237155847251415253e-02
8.672603406012058258e-03
2.128122374415397644e-02
9.629978239536285400e-02
2.431977726519107819e-02
7.876270450651645660e-03
1.626143418252468109e-02
9.026255458593368530e-02
7.465898245573043823e-02
4.330451786518096924e-02
7.300677150487899780e-02
1.892171651124954224e-01
2.770312428474426270e-01
1.460004597902297974e-01
7.302160561084747314e-02
7.769161462783813477e-02
8.681888133287429810e-02
5.505849421024322510e-02
9.755226969718933105e-02
5.481950566172599792e-02
1.274467706680297852e-01
2.736076712608337402e-02
7.763850688934326172e-02
6.545051932334899902e-02
1.163416355848312378e-01
1.089310646057128906e-01
5.693987384438514709e-02
4.532292112708091736e-02
1.099899858236312866e-01
7.847016304731369019e-02
1.781954169273376465e-01
1.071320027112960815e-01
1.937904655933380127e-01
4.806730896234512329e-02
9.036950021982192993e-02
4.414985328912734985e-02
1.347279921174049377e-02
2.362530492246150970e-02
3.968838602304458618e-02
1.435138136148452759e-01
1.523153632879257202e-01
9.379245340824127197e-02
1.072487086057662964e-01
4.696386307477951050e-02
3.028446249663829803e-02
1.253896653652191162e-01
8.426295220851898193e-02
8.135838061571121216e-02
7.230132073163986206e-02
2.746416255831718445e-02
1.095035746693611145e-01
1.014953926205635071e-01
7.551142573356628418e-02
7.958509027957916260e-02
2.058172039687633514e-02
3.265509754419326782e-02
9.771937131881713867e-01
1.861587464809417725e-01
1.218443736433982849e-01
2.269943207502365112e-01
2.806791067123413086e-01
7.543553411960601807e-02
5.541586503386497498e-02
1.035349518060684204e-01
3.755142912268638611e-02
2.238081097602844238e-01
7.035899758338928223e-01
4.426552951335906982e-01
3.909083306789398193e-01
3.638326525688171387e-01
4.657013714313507080e-02
7.512509822845458984e-02
1.590562164783477783e-01
1.962662488222122192e-01
1.914096623659133911e-02
1.078825369477272034e-01
5.818330869078636169e-02
2.834850847721099854e-01
1.913846433162689209e-01
1.912780106067657471e-01
3.568329289555549622e-02
7.886226475238800049e-02
9.187105298042297363e-02
7.716611772775650024e-02
7.309894561767578125e-01
4.183059930801391602e-01
1.081702858209609985e-01
1.694954633712768555e-01
1.542153358459472656e-01
2.824939973652362823e-02
8.627706021070480347e-02
8.522412925958633423e-02
4.959863424301147461e-02
1.967838220298290253e-02
1.082612574100494385e-02
3.286789357662200928e-02
1.205864101648330688e-01
5.980377271771430969e-02
4.602560028433799744e-02
6.401631981134414673e-02
5.760366097092628479e-02
1.289886534214019775e-01
3.226260840892791748e-02
2.411171235144138336e-02
1.013785004615783691e-01
4.261618852615356445e-02
2.710570693016052246e-01
7.888910174369812012e-02
6.916078925132751465e-02
6.914625316858291626e-02
2.721243724226951599e-02
2.129540964961051941e-02
1.925649195909500122e-01
7.243529707193374634e-02
8.824191987514495850e-02
6.646601557731628418e-01
4.747600480914115906e-02
9.566418826580047607e-02
1.816183924674987793e-01
1.916299313306808472e-01
2.086032629013061523e-01
1.648456603288650513e-01
5.039142072200775146e-02
5.965048819780349731e-02
5.818526744842529297e-01
6.476103067398071289e-01
2.522872090339660645e-01
1.020702533423900604e-02
7.301536202430725098e-02
6.185225024819374084e-02
2.043292224407196045e-01
9.291721135377883911e-02
6.512985378503799438e-02
4.906149953603744507e-02
5.810153856873512268e-02
9.863385558128356934e-02
2.014656737446784973e-02
2.662829682230949402e-02
1.680463925004005432e-02
1.750720143318176270e-01
5.193576216697692871e-02
6.374172866344451904e-02
1.265939921140670776e-01
2.079792879521846771e-02
7.374677062034606934e-02
1.794747263193130493e-01
9.014081209897994995e-02
3.227704018354415894e-02
6.545465439558029175e-02
2.045037299394607544e-01
3.598237335681915283e-01
2.179462164640426636e-01
7.747314125299453735e-02
6.205681711435317993e-02
1.776443570852279663e-01
6.836760044097900391e-02
1.063688769936561584e-01
4.512976482510566711e-02
9.760370850563049316e-02
1.649436205625534058e-01
9.613358974456787109e-02
1.123830378055572510e-01
4.423315078020095825e-02
9.559141993522644043e-01
8.145332932472229004e-01
3.322840854525566101e-02
5.989152938127517700e-02
3.620598465204238892e-02
4.624823480844497681e-02
7.625561952590942383e-01
5.626114606857299805e-01
1.720196008682250977e-01
3.679257631301879883e-02
7.195599842816591263e-03
9.876053780317306519e-02
1.318861842155456543e-01
6.191675737500190735e-02
4.183503240346908569e-02
5.832991097122430801e-03
3.746394813060760498e-02
1.038000211119651794e-01
6.510145217180252075e-02
7.295221090316772461e-02
4.793918877840042114e-02
3.836338967084884644e-02
3.171546757221221924e-02
5.194620043039321899e-02
7.437241077423095703e-02
2.446152642369270325e-02
4.444685205817222595e-02
4.776754975318908691e-02
7.137095928192138672e-02
1.519893258810043335e-01
7.728693634271621704e-02
7.718589156866073608e-02
3.479376202449202538e-03
1.649532094597816467e-02
1.298260036855936050e-02
1.019183695316314697e-01
3.299281001091003418e-02
6.331627815961837769e-02
5.623894929885864258e-02
3.586923331022262573e-02
2.625586092472076416e-02
3.782059997320175171e-02
1.823029294610023499e-02
2.764458954334259033e-02
3.523491695523262024e-02
6.289342045783996582e-02
6.417092680931091309e-01
3.571333587169647217e-01
3.765326738357543945e-02
1.317834109067916870e-01
5.860150605440139771e-02
5.763306096196174622e-02
8.841646462678909302e-02
9.506019204854965210e-02
1.837280988693237305e-01
1.550822108983993530e-01
8.357322961091995239e-02
5.063533317297697067e-03
4.896088689565658569e-02
5.713338404893875122e-02
3.854027390480041504e-02
3.940754383802413940e-02
5.561614409089088440e-02
9.251593053340911865e-02
9.159516543149948120e-03
2.392881736159324646e-02
3.399620577692985535e-02
1.029342189431190491e-01
4.921303316950798035e-02
2.141037955880165100e-02
6.779627501964569092e-02
9.456783533096313477e-03
7.391865551471710205e-02
6.998864561319351196e-02
1.611696369946002960e-02
8.368466049432754517e-02
4.846211895346641541e-02
1.094262525439262390e-01
2.341673336923122406e-02
8.677309751510620117e-02
8.933220058679580688e-02
8.527425676584243774e-02
5.717665553092956543e-01
3.922951966524124146e-02
6.740328669548034668e-02
1.543332263827323914e-02
1.714115776121616364e-02
7.694797962903976440e-02
7.263546437025070190e-02
1.512994319200515747e-01
2.829146683216094971e-01
5.000100731849670410e-01
7.517917454242706299e-02
7.413109391927719116e-02
1.050776243209838867e-01
6.958284974098205566e-02
9.957174658775329590e-01
7.273453474044799805e-01
3.495133817195892334e-01
5.013701505959033966e-03
2.935190452262759209e-03
4.548101685941219330e-03
3.916060924530029297e-01
1.421847790479660034e-01
5.543056875467300415e-02
4.369009658694267273e-02
3.965617120265960693e-01
7.008497714996337891e-01
6.868790090084075928e-02
2.469816207885742188e-01
5.482144281268119812e-02
7.981801033020019531e-02
1.173544153571128845e-01
1.192692890763282776e-01
4.972488060593605042e-02
1.152931246906518936e-02
1.156878843903541565e-02
1.167845204472541809e-01
9.558156877756118774e-02
8.682824671268463135e-02
4.796194657683372498e-02
1.109199747443199158e-01
9.200166463851928711e-01
6.914415955543518066e-01
8.810812234878540039e-02
1.242439001798629761e-01
4.145400226116180420e-02
2.110215276479721069e-01
1.004868745803833008e-01
6.053116321563720703e-01
8.774198889732360840e-01
1.713638305664062500e-01
3.624640107154846191e-01
9.057651460170745850e-02
3.394878283143043518e-02
6.752520054578781128e-02
6.900954991579055786e-02
8.249045163393020630e-02
5.287222936749458313e-02
8.778177201747894287e-02
3.188186138868331909e-02
7.168286293745040894e-02
7.706933468580245972e-02
6.542269140481948853e-02
1.617873162031173706e-01
5.358415842056274414e-02
7.436780631542205811e-02
5.279050394892692566e-02
7.407390326261520386e-02
7.279048860073089600e-02
5.336815863847732544e-02
1.149584203958511353e-01
1.295741647481918335e-01
1.293298453092575073e-01
1.379502713680267334e-01
1.124748960137367249e-01
6.460568308830261230e-02
8.065275102853775024e-02
2.739610671997070312e-01
2.817791104316711426e-01
3.780586272478103638e-02
2.558700181543827057e-02
5.900026112794876099e-02
1.330345720052719116e-01
5.535965785384178162e-02
8.399648219347000122e-02
5.754565075039863586e-02
1.132797449827194214e-01
5.337375029921531677e-02
8.654683083295822144e-02
3.438607603311538696e-02
7.927534729242324829e-02
8.264666795730590820e-02
3.949622809886932373e-02
2.962186187505722046e-02
6.909216046333312988e-01
5.110988020896911621e-02
1.260883919894695282e-02
6.481792032718658447e-02
4.088826477527618408e-02
1.239156797528266907e-01
9.778237342834472656e-02
3.745173290371894836e-02
8.379958570003509521e-02
1.040035858750343323e-01
1.278585046529769897e-01
7.683784514665603638e-02
2.136173471808433533e-02
3.527626767754554749e-02
8.981939405202865601e-02
8.531396836042404175e-02
1.113874092698097229e-01
9.250840544700622559e-02
4.318886995315551758e-02
7.514525949954986572e-02
6.110655516386032104e-02
1.544448137283325195e-01
2.439013123512268066e-01
2.508174777030944824e-01
6.389389187097549438e-02
4.739752039313316345e-02
7.202108204364776611e-02
9.236359000205993652e-01
5.185160636901855469e-01
2.533786697313189507e-03
1.807664334774017334e-02
1.884144395589828491e-01
7.984250783920288086e-02
5.046267807483673096e-02
3.651870787143707275e-02
7.396889477968215942e-02
1.133578121662139893e-01
1.617486476898193359e-01
4.226986169815063477e-01
4.794713258743286133e-01
7.618627697229385376e-02
4.327485337853431702e-02
8.246633410453796387e-02
6.076273322105407715e-01
4.006356298923492432e-01
7.226070761680603027e-02
7.102686911821365356e-02
9.997413754463195801e-01
5.581047385931015015e-02
1.144393086433410645e-01
8.471704274415969849e-02
9.457748383283615112e-03
3.766337409615516663e-02
9.001502394676208496e-02
9.726300090551376343e-02
4.123302549123764038e-02
5.412382259964942932e-02
1.034231409430503845e-01
1.143460720777511597e-01
6.922335922718048096e-02
7.556878030300140381e-02
7.509752362966537476e-02
5.594700947403907776e-02
2.007531374692916870e-01
5.856809392571449280e-02
1.579548269510269165e-01
2.794569432735443115e-01
8.698559552431106567e-02
3.234648704528808594e-02
1.752168983221054077e-01
9.799691289663314819e-02
4.502067714929580688e-02
4.031942188739776611e-01
7.759831845760345459e-02
3.601280972361564636e-02
3.205621615052223206e-02
5.348832905292510986e-02
1.401671618223190308e-01
7.754686474800109863e-02
2.966637723147869110e-02
4.290983825922012329e-02
4.394928738474845886e-02
3.579615429043769836e-02
3.371904790401458740e-02
8.567916601896286011e-02
5.333667993545532227e-02
4.693024978041648865e-02
5.383739992976188660e-02
1.072188913822174072e-01
9.003941714763641357e-02
5.024528875946998596e-02
5.365075916051864624e-02
1.219436228275299072e-01
5.414994060993194580e-02
4.750964790582656860e-02
2.815159969031810760e-02
4.298499599099159241e-02
2.305961772799491882e-02
1.863364316523075104e-02
1.387444138526916504e-02
6.553144752979278564e-02
1.096117570996284485e-01
1.149484142661094666e-01
5.633047223091125488e-01
6.427642107009887695e-01
2.036225050687789917e-02
3.443929925560951233e-02
1.379579305648803711e-01
7.983414083719253540e-02
2.423384040594100952e-01
1.304705590009689331e-01
1.027253121137619019e-01
5.744281038641929626e-02
4.420514404773712158e-02
4.474170506000518799e-02
1.471840590238571167e-01
1.413532942533493042e-01
1.293112188577651978e-01
7.378557324409484863e-02
7.856956124305725098e-02
8.063472062349319458e-02
6.294739991426467896e-02
1.477801501750946045e-01
5.355753004550933838e-02
5.066279694437980652e-02
1.428546309471130371e-01
1.961434483528137207e-01
1.735321432352066040e-01
9.372183680534362793e-02
7.724978029727935791e-02
6.013911589980125427e-02
6.883202493190765381e-02
4.090734720230102539e-01
3.955616652965545654e-01
1.251100301742553711e-01
9.845725446939468384e-02
5.267786979675292969e-01
7.647122442722320557e-02
4.013042449951171875e-01
7.857755571603775024e-02
9.680870175361633301e-02
6.981591880321502686e-02
1.052021458745002747e-01
8.955539017915725708e-02
5.894236639142036438e-02
1.106069236993789673e-01
6.985650956630706787e-02
7.262217253446578979e-02
6.068900972604751587e-02
2.989665269851684570e-01
3.554716706275939941e-02
8.090929687023162842e-02
5.747877061367034912e-02
6.395528465509414673e-02
2.963764667510986328e-01
2.823866605758666992e-01
8.598393201828002930e-02
2.498307824134826660e-01
4.881004691123962402e-01
2.300025522708892822e-01
1.813370436429977417e-01
4.396750628948211670e-01
6.353286504745483398e-01
6.436427235603332520e-01
6.796267628669738770e-02
