9.998737573623657227e-01
8.195393681526184082e-01
5.499069020152091980e-02
3.270041570067405701e-02
2.939273416996002197e-02
4.726107046008110046e-02
2.376362681388854980e-01
1.750479489564895630e-01
1.024912819266319275e-01
4.860063642263412476e-02
8.433257043361663818e-02
2.684139907360076904e-01
3.029738552868366241e-02
1.259659230709075928e-01
1.018611788749694824e-01
4.760767146944999695e-02
8.856461197137832642e-02
2.625005841255187988e-01
1.611742228269577026e-01
1.334805786609649658e-01
4.207837581634521484e-02
2.771447896957397461e-01
1.095246672630310059e-01
2.306870520114898682e-01
3.704084083437919617e-02
1.406701207160949707e-01
1.887474581599235535e-02
6.618569791316986084e-02
2.554895728826522827e-02
1.579274237155914307e-01
1.171254068613052368e-01
4.206196591258049011e-02
9.930661916732788086e-01
9.814316034317016602e-01
6.626847386360168457e-02
8.654206246137619019e-02
5.205217599868774414e-01
3.457336723804473877e-01
3.449041843414306641e-01
7.055252790451049805e-02
5.676554143428802490e-02
2.542806416749954224e-02
1.732796132564544678e-01
2.492764145135879517e-01
7.812210917472839355e-02
8.780042827129364014e-02
1.778490394353866577e-01
4.939182102680206299e-02
3.996066749095916748e-01
5.412009358406066895e-01
2.294098585844039917e-01
1.083448082208633423e-01
3.534078598022460938e-02
1.731138825416564941e-01
2.026827186346054077e-01
5.262666344642639160e-01
6.337616592645645142e-02
1.753880530595779419e-01
1.478512436151504517e-01
1.550981402397155762e-01
2.843677699565887451e-01
1.849705129861831665e-01
6.678076982498168945e-01
4.223444461822509766e-01
9.874964952468872070e-01
1.281029880046844482e-01
2.673016488552093506e-01
1.504500396549701691e-02
3.548708930611610413e-02
3.248179703950881958e-02
5.234323441982269287e-02
1.569800078868865967e-01
1.236272007226943970e-01
4.034082591533660889e-02
4.571525380015373230e-02
4.992838576436042786e-02
2.797549664974212646e-01
1.086964681744575500e-01
1.941628158092498779e-01
1.497597843408584595e-01
9.228483587503433228e-02
3.095673918724060059e-01
5.359184741973876953e-01
1.750815957784652710e-01
2.164974249899387360e-02
2.686815559864044189e-01
3.868417069315910339e-02
2.102633193135261536e-02
4.545374587178230286e-02
9.925885498523712158e-02
4.838055372238159180e-02
5.768178775906562805e-02
2.888300083577632904e-02
1.852568238973617554e-01
7.574672251939773560e-02
3.826293721795082092e-02
2.877722866833209991e-02
7.498475909233093262e-02
5.171022936701774597e-02
8.610372990369796753e-02
3.566263988614082336e-02
8.639452606439590454e-02
2.895615398883819580e-01
8.162212371826171875e-02
1.132213771343231201e-01
9.252367913722991943e-02
7.211592793464660645e-02
8.212770521640777588e-02
5.263024568557739258e-02
7.971207797527313232e-02
6.606408953666687012e-02
3.205291628837585449e-01
2.565794587135314941e-01
4.104203581809997559e-01
6.689114123582839966e-02
3.496086969971656799e-02
7.078056782484054565e-02
1.106051653623580933e-01
1.098516508936882019e-01
3.169400244951248169e-02
6.613046675920486450e-02
4.596977680921554565e-02
6.773921847343444824e-02
5.574130639433860779e-02
3.417371585965156555e-02
8.018769323825836182e-02
1.076198369264602661e-02
3.936583176255226135e-02
1.092496737837791443e-01
8.003342151641845703e-02
7.109677791595458984e-02
5.585137382149696350e-02
7.285624742507934570e-02
7.145537436008453369e-02
9.834261983633041382e-02
8.546825498342514038e-02
5.370443686842918396e-02
9.082058072090148926e-02
1.166445165872573853e-01
8.567903190851211548e-02
4.618232324719429016e-02
1.746566779911518097e-02
3.686241433024406433e-02
1.446813344955444336e-02
3.477292880415916443e-02
3.927045315504074097e-02
4.064961522817611694e-02
9.480661153793334961e-02
5.123559385538101196e-02
8.296552300453186035e-02
9.526310116052627563e-02
6.475464254617691040e-02
6.579277664422988892e-02
1.047409474849700928e-01
4.448454454541206360e-02
2.829612493515014648e-01
2.545873522758483887e-01
7.095538824796676636e-02
4.801900312304496765e-02
5.907434597611427307e-02
7.560813426971435547e-02
7.815793156623840332e-02
4.546494036912918091e-02
3.395503759384155273e-02
3.309216350317001343e-02
3.820028156042098999e-03
2.005122601985931396e-02
3.137750178575515747e-02
6.394325196743011475e-02
1.551213711500167847e-01
6.336867809295654297e-02
7.233553379774093628e-02
2.069903537631034851e-02
3.533768281340599060e-02
2.647249586880207062e-02
7.804915308952331543e-02
2.597457170486450195e-01
1.376134306192398071e-01
9.117981046438217163e-02
9.143449366092681885e-02
1.132244095206260681e-01
1.591443419456481934e-01
4.494617506861686707e-02
2.777233347296714783e-02
5.392897501587867737e-02
4.211976751685142517e-02
2.395461872220039368e-02
8.740909397602081299e-02
4.530959725379943848e-01
3.951583504676818848e-01
3.323080018162727356e-02
1.266810148954391479e-01
6.290116161108016968e-02
5.232406780123710632e-02
7.673082500696182251e-02
3.379423618316650391e-01
1.631719022989273071e-01
1.881560087203979492e-01
8.339957147836685181e-02
7.263436168432235718e-02
1.372369229793548584e-01
1.801661103963851929e-01
2.027251571416854858e-01
1.296053826808929443e-01
2.523263171315193176e-02
4.618840292096138000e-02
8.400639146566390991e-02
3.402602672576904297e-02
7.328478991985321045e-02
5.297011137008666992e-02
6.360830366611480713e-02
1.154297143220901489e-01
8.737863302230834961e-01
3.951820358633995056e-02
1.649974435567855835e-01
8.853330463171005249e-02
5.189867690205574036e-02
5.095815658569335938e-02
6.768295913934707642e-02
2.284474484622478485e-02
1.069910079240798950e-02
9.619968011975288391e-03
3.002648428082466125e-02
6.174370646476745605e-03
1.059100963175296783e-02
5.278396233916282654e-02
1.270972490310668945e-01
3.823126852512359619e-02
1.720887236297130585e-02
1.339209079742431641e-01
3.594069555401802063e-02
5.260229110717773438e-02
4.423020407557487488e-02
5.720825865864753723e-02
5.907041206955909729e-02
1.698830723762512207e-01
7.171583361923694611e-03
1.217325497418642044e-02
4.027298465371131897e-02
6.180739030241966248e-02
1.347042769193649292e-01
1.310564875602722168e-01
2.779510803520679474e-02
1.441708654165267944e-01
5.678411200642585754e-02
7.249042391777038574e-02
4.388562589883804321e-02
6.722221970558166504e-01
3.195424675941467285e-01
9.982565790414810181e-02
1.716501861810684204e-01
1.133595183491706848e-01
5.833940953016281128e-02
1.009686589241027832e-01
4.088406637310981750e-02
1.647990196943283081e-01
2.999549359083175659e-02
2.496788501739501953e-01
2.542983554303646088e-02
6.557760387659072876e-02
5.911442041397094727e-01
6.528484225273132324e-01
4.529801756143569946e-02
5.588132888078689575e-02
4.619805887341499329e-02
6.266108155250549316e-02
1.586931794881820679e-01
2.161399088799953461e-02
7.585915178060531616e-02
6.272532045841217041e-02
6.915715336799621582e-02
7.397558540105819702e-02
1.065111458301544189e-01
1.982152089476585388e-02
1.143110841512680054e-01
7.104812562465667725e-02
9.239483624696731567e-02
6.630774587392807007e-02
1.687346957623958588e-02
1.307919770479202271e-01
5.615365877747535706e-02
4.330802336335182190e-02
5.340864416211843491e-03
5.774338729679584503e-03
3.152279555797576904e-02
7.297708652913570404e-03
1.190094128251075745e-01
5.631761625409126282e-02
2.562166750431060791e-02
1.185423657298088074e-01
9.207306802272796631e-02
7.636885643005371094e-01
5.293893218040466309e-01
4.891061186790466309e-01
3.148848414421081543e-01
3.079420700669288635e-02
2.338238954544067383e-01
3.152029961347579956e-02
4.394563436508178711e-01
9.335813671350479126e-02
6.920508295297622681e-02
4.968544468283653259e-02
4.337005317211151123e-02
9.594395756721496582e-02
3.608577698469161987e-02
1.323243230581283569e-01
1.385831981897354126e-01
6.462629884481430054e-02
8.083259314298629761e-02
9.366211295127868652e-02
1.108092665672302246e-01
1.275262534618377686e-01
8.629916608333587646e-02
8.773037791252136230e-02
1.127364113926887512e-01
4.442201927304267883e-02
4.682624712586402893e-02
1.207091808319091797e-01
1.350934505462646484e-01
6.151514053344726562e-01
1.143792718648910522e-01
3.457899391651153564e-01
2.339575998485088348e-02
1.251891255378723145e-01
3.514066338539123535e-01
7.547856569290161133e-01
7.791321873664855957e-01
6.691288203001022339e-02
9.942698478698730469e-01
7.396479249000549316e-01
9.999903440475463867e-01
1.997323632240295410e-01
1.395258754491806030e-01
3.489513695240020752e-02
3.929449245333671570e-02
8.493463397026062012e-01
9.744479507207870483e-02
4.198002815246582031e-02
4.220122098922729492e-02
6.327288597822189331e-02
4.024899378418922424e-02
5.730364322662353516e-01
2.078875303268432617e-01
7.706876397132873535e-01
1.842183172702789307e-01
1.889159530401229858e-01
2.805932760238647461e-01
1.721088886260986328e-01
2.526619434356689453e-01
1.272113025188446045e-01
8.670669049024581909e-02
3.412597998976707458e-02
3.339305818080902100e-01
1.244419515132904053e-01
8.359574526548385620e-02
8.921674638986587524e-02
4.401123896241188049e-02
6.936777383089065552e-02
7.011289894580841064e-02
4.760130494832992554e-02
1.134422868490219116e-01
6.222289428114891052e-02
5.485352501273155212e-02
1.110473573207855225e-01
3.694397956132888794e-02
6.098200753331184387e-02
3.609425202012062073e-02
3.622844442725181580e-02
1.146544590592384338e-01
1.787611991167068481e-01
4.185880720615386963e-02
1.385047584772109985e-01
7.957392930984497070e-01
8.922587633132934570e-01
6.516463309526443481e-02
4.960823804140090942e-02
8.932375907897949219e-02
8.208526670932769775e-02
1.151192113757133484e-01
2.684317156672477722e-02
5.073561146855354309e-02
3.904136270284652710e-02
8.962698280811309814e-02
1.230288520455360413e-01
7.270103693008422852e-02
8.340544253587722778e-02
4.898031651973724365e-01
9.997307658195495605e-01
9.895954728126525879e-01
5.255647003650665283e-02
1.900249719619750977e-02
2.595937065780162811e-02
9.895510971546173096e-02
1.771854758262634277e-01
5.322340875864028931e-02
6.893880665302276611e-02
1.191020533442497253e-01
7.862744331359863281e-01
4.327715337276458740e-01
1.230348870158195496e-01
6.632062792778015137e-02
2.965886294841766357e-01
2.783411741256713867e-02
7.677067071199417114e-02
1.184799745678901672e-01
1.110658347606658936e-01
9.104122966527938843e-02
1.451169997453689575e-01
6.783811002969741821e-02
8.524392545223236084e-02
7.095309495925903320e-01
1.621576547622680664e-01
1.380735635757446289e-01
2.058183550834655762e-01
4.445002973079681396e-01
5.750371515750885010e-02
1.016116887331008911e-01
2.355014905333518982e-02
6.401711702346801758e-02
5.700210109353065491e-02
4.018896818161010742e-02
6.973917782306671143e-02
8.366443961858749390e-02
7.558845728635787964e-02
9.048385173082351685e-02
2.835006415843963623e-01
3.618958890438079834e-01
4.853526130318641663e-02
7.857282459735870361e-02
6.003772467374801636e-02
5.840026214718818665e-02
1.031283512711524963e-01
9.728021174669265747e-02
1.134670823812484741e-01
2.128274142742156982e-01
6.810164451599121094e-02
1.118114665150642395e-01
9.142665565013885498e-02
5.877581983804702759e-02
4.726649075746536255e-02
9.999781847000122070e-01
7.191837430000305176e-01
6.698067486286163330e-02
2.211449891328811646e-01
3.850549161434173584e-01
2.695749104022979736e-01
5.814957246184349060e-02
9.449508041143417358e-02
5.164444074034690857e-02
1.486148685216903687e-01
4.841666668653488159e-02
3.026056848466396332e-02
6.522971391677856445e-02
4.560505226254463196e-02
2.379209101200103760e-01
2.769113145768642426e-02
3.934236168861389160e-01
1.697005778551101685e-01
1.573063880205154419e-01
1.001999452710151672e-01
9.850505590438842773e-01
9.850938320159912109e-01
1.540547758340835571e-01
2.367725409567356110e-02
1.447608023881912231e-01
5.134269595146179199e-02
5.758382007479667664e-02
3.241405636072158813e-02
8.790946751832962036e-02
1.214735954999923706e-01
1.340851038694381714e-01
8.517706394195556641e-01
9.431322813034057617e-01
7.858623564243316650e-02
1.863078325986862183e-01
3.021903336048126221e-01
8.181315660476684570e-02
2.042302638292312622e-01
6.368155032396316528e-02
1.389831900596618652e-01
1.230860408395528793e-02
2.509142085909843445e-02
1.978417858481407166e-02
2.261078357696533203e-01
5.970440059900283813e-02
6.437087059020996094e-02
4.474762827157974243e-02
6.997904181480407715e-02
8.469568490982055664e-01
7.115107029676437378e-02
1.143437251448631287e-01
5.148657038807868958e-02
9.999270439147949219e-01
8.619967699050903320e-01
5.074457079172134399e-02
3.763410821557044983e-02
3.526956588029861450e-02
4.275168478488922119e-02
9.858156442642211914e-01
6.343633681535720825e-02
4.510034993290901184e-02
4.647028446197509766e-02
1.362417638301849365e-01
1.088998094201087952e-01
2.760193776339292526e-03
1.137166004627943039e-02
3.075518086552619934e-02
7.731972634792327881e-02
2.320394292473793030e-02
3.129341080784797668e-02
3.700798004865646362e-02
7.294140756130218506e-02
9.294128417968750000e-02
8.477234095335006714e-02
5.190761685371398926e-01
2.335398048162460327e-01
1.994740217924118042e-01
1.553926244378089905e-02
4.987449198961257935e-02
8.903283625841140747e-02
4.910406097769737244e-02
8.547829836606979370e-02
5.669941008090972900e-02
3.244934380054473877e-01
1.590140536427497864e-02
2.761434577405452728e-02
9.867246448993682861e-02
1.351608186960220337e-01
3.351742327213287354e-01
3.555061817169189453e-01
8.616900444030761719e-01
2.306912392377853394e-01
4.604061320424079895e-02
5.423636361956596375e-02
9.714447706937789917e-02
6.024644244462251663e-03
6.147501990199089050e-02
6.093645468354225159e-02
5.350778996944427490e-02
3.453981876373291016e-02
4.658326506614685059e-02
3.840081095695495605e-01
1.649365425109863281e-01
9.801931977272033691e-01
9.320821762084960938e-01
4.500919580459594727e-02
1.504327207803726196e-01
2.477578632533550262e-02
2.322766743600368500e-02
2.474004030227661133e-02
1.669394373893737793e-01
1.235678642988204956e-01
1.090628206729888916e-01
5.876453965902328491e-02
5.360989645123481750e-02
6.092334166169166565e-02
7.117020431905984879e-03
6.115866079926490784e-02
9.896163642406463623e-02
2.921440452337265015e-02
6.920325011014938354e-02
9.279584884643554688e-02
4.514108970761299133e-02
9.695066511631011963e-02
7.102517038583755493e-02
8.736448734998703003e-02
1.304280906915664673e-01
6.810494512319564819e-02
5.921783298254013062e-02
4.961289465427398682e-02
1.740720681846141815e-02
1.083018109202384949e-01
6.030885130167007446e-02
3.897327557206153870e-02
1.263553649187088013e-01
6.721410155296325684e-02
8.862870931625366211e-01
2.477939240634441376e-02
7.153646647930145264e-02
3.291892260313034058e-02
5.219265446066856384e-02
6.363567709922790527e-01
2.973165214061737061e-01
1.069156974554061890e-01
8.431299030780792236e-02
6.610863655805587769e-02
3.286415711045265198e-02
1.131196543574333191e-01
1.817045956850051880e-01
1.872532069683074951e-01
7.527316361665725708e-02
9.962683320045471191e-01
9.256239980459213257e-02
1.825591623783111572e-01
1.328654587268829346e-01
2.286291420459747314e-01
9.989647865295410156e-01
9.066320061683654785e-01
7.764718532562255859e-01
7.590740174055099487e-02
5.722448602318763733e-02
3.259710073471069336e-01
6.706964969635009766e-01
9.982219338417053223e-01
1.715237945318222046e-01
6.909207254648208618e-02
1.095242723822593689e-01
8.974088728427886963e-02
8.086018264293670654e-02
4.972799494862556458e-02
7.562271505594253540e-02
2.007431387901306152e-01
2.601130902767181396e-01
3.414575755596160889e-02
1.013010554015636444e-02
1.760159432888031006e-02
5.523010343313217163e-02
3.903273865580558777e-02
1.036543995141983032e-01
4.859930276870727539e-02
1.805515401065349579e-02
1.484009176492691040e-01
1.367054283618927002e-01
6.011306494474411011e-02
7.930354773998260498e-02
3.466824069619178772e-02
6.508851051330566406e-02
7.101557403802871704e-02
4.094503074884414673e-02
8.210978657007217407e-02
9.101530909538269043e-02
3.234252706170082092e-02
7.753102481365203857e-02
8.014605194330215454e-02
6.620630621910095215e-02
8.921286463737487793e-02
8.132739923894405365e-03
2.328137122094631195e-02
6.582824885845184326e-02
9.413416683673858643e-02
4.196587949991226196e-02
2.985486947000026703e-02
1.205030009150505066e-01
4.864491522312164307e-02
8.164110034704208374e-02
5.875676125288009644e-02
4.169802740216255188e-02
8.430438488721847534e-02
5.417615920305252075e-02
5.637400969862937927e-02
6.388564407825469971e-02
3.613309860229492188e-01
2.875710129737854004e-01
2.795631587505340576e-01
7.946805953979492188e-01
8.467016220092773438e-01
1.109569221735000610e-01
7.130714505910873413e-02
6.131386756896972656e-02
1.418400257825851440e-01
2.042279839515686035e-01
9.553418159484863281e-01
9.771715998649597168e-01
4.481066763401031494e-01
1.035161465406417847e-01
5.009859204292297363e-01
5.400384217500686646e-02
3.047500737011432648e-02
1.906251460313796997e-01
3.354936242103576660e-01
7.283041626214981079e-02
4.899317026138305664e-02
5.686474591493606567e-02
1.093589141964912415e-01
4.759020730853080750e-02
9.653049707412719727e-02
8.302746713161468506e-02
2.853028774261474609e-01
6.352560967206954956e-02
6.937389969825744629e-01
9.566755890846252441e-01
4.200592339038848877e-01
2.565573900938034058e-02
5.191715806722640991e-02
1.117190811783075333e-02
1.067251060158014297e-02
1.805129833519458771e-02
5.693371593952178955e-02
2.756788767874240875e-02
8.419976383447647095e-02
3.443482145667076111e-02
1.204950455576181412e-02
7.429167628288269043e-03
1.278282254934310913e-01
5.832183361053466797e-01
6.728844344615936279e-02
2.323475480079650879e-02
9.758107364177703857e-02
1.322366744279861450e-01
4.731720313429832458e-02
6.708426028490066528e-02
2.897793948650360107e-01
3.481383621692657471e-02
5.032115429639816284e-02
1.302886307239532471e-01
2.785253226757049561e-01
1.507415771484375000e-01
3.689514473080635071e-02
7.993101328611373901e-02
8.460812270641326904e-02
7.805616408586502075e-02
7.855243980884552002e-02
3.606817424297332764e-01
5.777618288993835449e-02
1.671212613582611084e-01
2.335067391395568848e-01
5.575637817382812500e-01
3.871688991785049438e-02
8.903279900550842285e-01
9.983604550361633301e-01
1.181289926171302795e-01
5.577190592885017395e-02
9.056581556797027588e-02
9.433970600366592407e-02
8.001255989074707031e-02
3.463299944996833801e-02
1.177702322602272034e-01
3.044989518821239471e-02
6.191683560609817505e-02
6.576827913522720337e-02
1.041130572557449341e-01
1.093993932008743286e-01
1.457249671220779419e-01
9.461724758148193359e-02
4.462520405650138855e-02
6.345035135746002197e-02
1.403841525316238403e-01
1.089059859514236450e-01
8.661407828330993652e-01
1.595981791615486145e-02
5.091594159603118896e-02
1.138178557157516479e-01
4.698797315359115601e-02
1.803631782531738281e-01
1.525591611862182617e-01
3.939509764313697815e-02
1.033552661538124084e-01
1.514072418212890625e-01
1.396906822919845581e-01
7.689981907606124878e-02
7.906569540500640869e-02
5.097075924277305603e-02
6.456498801708221436e-02
3.756558150053024292e-02
3.526785224676132202e-02
1.395379304885864258e-01
9.323642402887344360e-02
8.479853868484497070e-01
6.906798481941223145e-02
1.371580213308334351e-01
2.861165106296539307e-01
9.263783693313598633e-01
1.781687289476394653e-01
3.809328377246856689e-02
6.868610531091690063e-02
7.088302373886108398e-01
1.853652596473693848e-01
7.332473248243331909e-02
2.680414542555809021e-02
4.471117630600929260e-02
1.221808418631553650e-01
2.747609466314315796e-02
6.363698840141296387e-02
5.577484518289566040e-02
7.349132746458053589e-02
2.715196274220943451e-02
1.955866217613220215e-01
4.197188839316368103e-02
5.614756047725677490e-02
8.987821638584136963e-02
1.711437106132507324e-01
1.458363682031631470e-01
1.903005540370941162e-01
7.587381452322006226e-02
1.186955794692039490e-01
6.339839100837707520e-02
7.506573200225830078e-02
5.685919523239135742e-02
3.982865437865257263e-02
9.547317773103713989e-02
1.939915865659713745e-01
5.476629734039306641e-02
1.433631330728530884e-01
1.551248282194137573e-01
8.369007706642150879e-02
1.569233685731887817e-01
5.081346631050109863e-02
1.118835732340812683e-01
1.321860700845718384e-01
3.980930745601654053e-01
1.207421198487281799e-01
1.588312722742557526e-02
1.618837714195251465e-01
7.649593800306320190e-02
6.477893888950347900e-02
9.076954424381256104e-02
1.191496178507804871e-01
3.194720149040222168e-01
1.415611952543258667e-01
3.709009662270545959e-02
6.577267497777938843e-02
1.790409162640571594e-02
6.111769378185272217e-02
4.612668231129646301e-02
4.800551012158393860e-02
1.188767850399017334e-01
8.304934203624725342e-02
3.219002857804298401e-02
2.751485444605350494e-02
1.777809113264083862e-02
4.136806726455688477e-02
1.622824817895889282e-01
3.860504552721977234e-02
8.907953649759292603e-02
3.518950939178466797e-02
5.764590576291084290e-02
5.075968429446220398e-02
5.350043624639511108e-02
3.153105452656745911e-02
6.380528211593627930e-01
4.254870414733886719e-01
4.465112462639808655e-02
6.877081096172332764e-02
5.979845672845840454e-02
5.941566824913024902e-02
7.542072981595993042e-02
5.687496066093444824e-02
1.052647978067398071e-01
3.101845830678939819e-02
4.929030686616897583e-02
9.954559057950973511e-02
2.325573191046714783e-02
1.211268641054630280e-02
2.680622786283493042e-02
7.015553116798400879e-02
9.002465009689331055e-02
6.723656505346298218e-02
6.386625766754150391e-01
2.500893175601959229e-01
5.323174595832824707e-02
3.070114925503730774e-02
2.529114484786987305e-02
9.132584184408187866e-02
2.701345458626747131e-02
1.122179161757230759e-02
2.743503078818321228e-02
6.372763961553573608e-02
1.219335123896598816e-01
5.552203953266143799e-02
5.878304690122604370e-02
3.531637787818908691e-02
1.120108813047409058e-01
5.271030589938163757e-02
8.206710219383239746e-02
1.016376987099647522e-01
5.956022441387176514e-02
5.500377342104911804e-02
5.993403866887092590e-02
1.470583118498325348e-02
1.674838550388813019e-02
1.427919510751962662e-02
8.353200554847717285e-02
6.515551358461380005e-02
2.170165628194808960e-02
1.002519112080335617e-02
1.629725396633148193e-01
1.210733037441968918e-02
9.502061642706394196e-03
3.458575531840324402e-02
2.370562218129634857e-02
5.509513616561889648e-02
5.720333382487297058e-02
6.705039739608764648e-02
6.639250367879867554e-02
2.537510730326175690e-02
4.938067402690649033e-03
8.494065701961517334e-02
1.176368147134780884e-01
1.497522294521331787e-01
1.960116066038608551e-02
1.822509318590164185e-01
2.903554737567901611e-01
7.533813267946243286e-02
7.233411073684692383e-02
1.133042052388191223e-01
5.987262129783630371e-01
9.997599720954895020e-01
2.068863660097122192e-01
5.743320658802986145e-02
4.433319345116615295e-02
7.758616656064987183e-02
9.953700006008148193e-02
4.361116290092468262e-01
6.698222458362579346e-02
7.814242690801620483e-02
1.046103015542030334e-01
5.544976890087127686e-02
6.464391201734542847e-02
4.212326928973197937e-02
8.794080466032028198e-02
6.052934378385543823e-02
8.872897177934646606e-02
2.588856816291809082e-01
4.714257642626762390e-02
8.943842351436614990e-02
1.255832910537719727e-01
2.918395772576332092e-02
7.739067077636718750e-02
1.263195872306823730e-01
6.342503428459167480e-02
3.657588362693786621e-01
8.059880882501602173e-02
1.136540248990058899e-01
2.188979685306549072e-01
7.408817112445831299e-02
1.123853959143161774e-02
2.614337950944900513e-02
1.827792637050151825e-02
8.581627905368804932e-02
1.850530654191970825e-01
1.080999821424484253e-01
4.676184430718421936e-02
1.163447573781013489e-01
4.934797063469886780e-02
1.683459877967834473e-01
1.538650840520858765e-01
2.721486091613769531e-01
5.150013789534568787e-02
5.398376286029815674e-02
9.908833354711532593e-02
1.974308490753173828e-01
1.560245305299758911e-01
5.381617695093154907e-02
9.999598264694213867e-01
9.998931884765625000e-01
3.329305350780487061e-01
5.955488085746765137e-01
2.053268440067768097e-02
2.804869227111339569e-02
1.519005298614501953e-01
6.717866659164428711e-02
2.809413969516754150e-01
1.596171110868453979e-01
1.508385837078094482e-01
6.702495366334915161e-02
1.303482353687286377e-01
5.306676030158996582e-01
8.583818674087524414e-01
8.896571397781372070e-02
1.441642642021179199e-01
3.125216662883758545e-01
1.972543448209762573e-01
8.551739156246185303e-02
1.095847040414810181e-02
2.563385665416717529e-02
1.191489696502685547e-01
3.638166189193725586e-02
2.577894739806652069e-02
4.447322338819503784e-02
1.384311318397521973e-01
3.565288186073303223e-01
1.601429730653762817e-01
6.976844370365142822e-02
6.007089838385581970e-02
2.065270841121673584e-01
1.082675382494926453e-01
5.302837491035461426e-02
1.065099835395812988e-01
2.139604687690734863e-01
3.268759250640869141e-01
3.844553604722023010e-02
1.847530156373977661e-01
7.288534194231033325e-02
1.064008176326751709e-01
3.984841704368591309e-02
4.021380841732025146e-02
5.581762790679931641e-01
1.359541714191436768e-01
7.696983218193054199e-02
1.052258238196372986e-01
2.417357563972473145e-01
2.427481263875961304e-01
3.487175330519676208e-02
1.592658609151840210e-01
4.682378843426704407e-02
1.023681610822677612e-01
4.453975707292556763e-02
5.906324461102485657e-02
5.228004604578018188e-02
8.167101442813873291e-02
3.933866694569587708e-02
5.053189769387245178e-02
3.961321711540222168e-02
2.922923862934112549e-01
5.703045800328254700e-02
2.017719745635986328e-01
3.456585109233856201e-02
1.882659830152988434e-02
4.380149245262145996e-01
5.538000538945198059e-02
9.595698863267898560e-02
1.366623640060424805e-01
4.475818574428558350e-02
9.030178934335708618e-02
2.031551487743854523e-02
5.813231319189071655e-02
1.820415854454040527e-01
2.164864726364612579e-02
5.298851802945137024e-02
6.501529365777969360e-02
7.567460089921951294e-02
4.752797633409500122e-02
1.055336520075798035e-01
1.079480648040771484e-01
4.115616530179977417e-02
6.471082568168640137e-02
7.048483192920684814e-02
6.741706281900405884e-02
1.550026088953018188e-01
8.538693189620971680e-01
2.851637005805969238e-01
8.054367452859878540e-02
7.142022997140884399e-02
3.099045343697071075e-02
6.125174835324287415e-02
3.761271014809608459e-02
8.041594922542572021e-02
9.961498975753784180e-01
9.958083629608154297e-01
7.306170463562011719e-02
1.737367808818817139e-01
6.646776944398880005e-02
2.955232001841068268e-02
7.108384370803833008e-02
4.825239628553390503e-02
1.009329687803983688e-02
1.413777749985456467e-02
5.679882690310478210e-02
1.608535349369049072e-01
1.710448227822780609e-02
1.550559047609567642e-02
1.143091097474098206e-01
2.830141782760620117e-02
7.507507503032684326e-02
3.658209368586540222e-02
3.637753427028656006e-02
1.543630659580230713e-01
3.313022479414939880e-02
5.681171640753746033e-02
9.079453349113464355e-02
2.571223974227905273e-01
3.468481078743934631e-02
1.428555813618004322e-03
1.717820577323436737e-02
1.935975700616836548e-01
8.179317414760589600e-02
9.627979248762130737e-02
6.982096936553716660e-03
1.278738081455230713e-01
6.197333708405494690e-02
1.536268647760152817e-02
2.357499673962593079e-02
6.280669569969177246e-02
1.817854493856430054e-01
2.021247893571853638e-02
1.544313877820968628e-02
1.153484359383583069e-01
1.123544275760650635e-01
6.700974702835083008e-02
3.603493049740791321e-02
1.289334744215011597e-01
9.422574937343597412e-02
7.564032077789306641e-02
3.888026252388954163e-02
9.169794619083404541e-02
7.898955792188644409e-02
9.585664421319961548e-02
5.831028521060943604e-02
7.775536179542541504e-02
7.197383791208267212e-02
1.303115785121917725e-01
4.744329303503036499e-02
1.934003531932830811e-01
4.790300130844116211e-01
2.264872938394546509e-02
8.522446453571319580e-02
4.674516245722770691e-02
7.103758305311203003e-02
9.796180576086044312e-02
1.257592588663101196e-01
8.828309178352355957e-02
4.640972241759300232e-02
4.797685146331787109e-02
7.873789966106414795e-02
1.038747504353523254e-01
1.816736906766891479e-01
3.317570090293884277e-01
4.088057875633239746e-01
6.630104035139083862e-02
1.424286328256130219e-02
5.435115098953247070e-02
4.521179571747779846e-02
1.068114396184682846e-02
1.059138774871826172e-01
5.744311958551406860e-02
7.834850996732711792e-02
6.594189256429672241e-02
6.042325496673583984e-02
3.964316099882125854e-02
4.326306283473968506e-02
1.644836924970149994e-02
4.510291665792465210e-02
1.537423208355903625e-02
2.480277232825756073e-02
1.434267871081829071e-02
4.393635783344507217e-03
1.319436705671250820e-03
3.496870398521423340e-02
6.547421216964721680e-02
9.058506041765213013e-02
9.999177455902099609e-01
2.636948972940444946e-02
7.984436303377151489e-02
4.877521470189094543e-02
3.158416226506233215e-02
7.599436677992343903e-03
3.701569512486457825e-02
1.185878962278366089e-01
4.658886790275573730e-02
2.370527088642120361e-01
5.216420888900756836e-01
5.088096857070922852e-02
1.690806448459625244e-01
3.377081453800201416e-02
8.965521305799484253e-02
2.507889084517955780e-02
2.803761884570121765e-02
1.578373275697231293e-02
1.294942200183868408e-02
1.965424977242946625e-02
3.393953293561935425e-02
6.395567208528518677e-02
1.040866225957870483e-01
7.208573073148727417e-02
2.901600860059261322e-02
1.061677560210227966e-01
9.639121890068054199e-01
7.798958420753479004e-01
1.097053810954093933e-01
4.095249250531196594e-02
7.994325757026672363e-01
5.710317566990852356e-02
2.998017333447933197e-02
4.521720111370086670e-02
7.541572451591491699e-01
6.196074187755584717e-02
9.171851277351379395e-01
7.224003076553344727e-01
1.387344896793365479e-01
2.439174614846706390e-02
1.768708787858486176e-02
4.413122683763504028e-02
1.359387114644050598e-02
1.054913401603698730e-01
9.953771829605102539e-01
3.009313344955444336e-02
3.899573162198066711e-02
3.200212493538856506e-02
3.539964556694030762e-02
5.066246166825294495e-02
8.586803078651428223e-02
3.531908243894577026e-02
6.033679470419883728e-02
3.806541487574577332e-02
1.153355836868286133e-01
1.994391903281211853e-02
4.721901565790176392e-02
7.962831854820251465e-02
5.517094582319259644e-02
1.310369372367858887e-01
7.185517996549606323e-02
6.961984932422637939e-02
7.622585445642471313e-02
4.767535626888275146e-02
8.231409639120101929e-02
1.212575510144233704e-01
8.685924857854843140e-02
2.010278962552547455e-02
4.056446626782417297e-02
6.264839321374893188e-02
2.305272519588470459e-01
1.398437023162841797e-01
7.999359071254730225e-02
1.748931705951690674e-01
8.147446438670158386e-03
1.023256499320268631e-02
4.954645410180091858e-02
1.056457087397575378e-01
6.186003684997558594e-01
4.007697999477386475e-01
9.968031644821166992e-01
9.733514785766601562e-01
1.567308418452739716e-02
1.521502621471881866e-02
5.413239449262619019e-02
1.208795160055160522e-01
1.045177280902862549e-01
4.530974850058555603e-02
4.590709507465362549e-01
1.460569351911544800e-01
3.759355470538139343e-02
6.701103597879409790e-02
1.035517081618309021e-01
3.078905679285526276e-02
8.264028280973434448e-02
8.242147415876388550e-02
9.999978542327880859e-01
9.999980926513671875e-01
9.495407342910766602e-02
1.560900062322616577e-01
1.177605539560317993e-01
2.197571843862533569e-02
3.967728465795516968e-02
1.182426437735557556e-01
4.298972338438034058e-02
2.187352627515792847e-02
3.673687949776649475e-02
7.882574200630187988e-02
5.756803601980209351e-02
8.551366627216339111e-02
6.145933270454406738e-02
2.353719621896743774e-01
1.889306753873825073e-01
5.498698726296424866e-02
1.825469434261322021e-01
9.638365507125854492e-01
9.530006349086761475e-02
1.659769332036375999e-03
1.880372911691665649e-01
8.527295291423797607e-02
2.912893705070018768e-02
7.167375832796096802e-02
7.930897176265716553e-02
6.207137182354927063e-02
1.519044488668441772e-01
1.354213505983352661e-01
9.151634760200977325e-03
2.613210305571556091e-02
1.116357669234275818e-01
1.890765130519866943e-01
2.961143851280212402e-01
3.037004172801971436e-01
1.055033970624208450e-02
9.164966642856597900e-02
2.515792548656463623e-01
7.552409172058105469e-02
9.959852695465087891e-01
1.495532840490341187e-01
8.014791458845138550e-02
1.215924993157386780e-01
8.679194748401641846e-02
5.638088658452033997e-02
9.999992847442626953e-01
6.910917162895202637e-02
1.100972965359687805e-01
1.094685718417167664e-01
7.075731456279754639e-02
7.524776458740234375e-02
2.171295136213302612e-02
1.413957029581069946e-01
5.069575086236000061e-02
4.812270402908325195e-02
8.575116097927093506e-02
5.111221596598625183e-02
3.809044882655143738e-02
3.313882052898406982e-01
5.139875784516334534e-02
3.570457175374031067e-02
2.122102677822113037e-01
5.470633506774902344e-02
1.093326956033706665e-01
3.083482198417186737e-02
1.240689605474472046e-01
1.185707598924636841e-01
1.047357618808746338e-01
3.718458861112594604e-02
7.535360753536224365e-02
6.077414751052856445e-02
1.420252025127410889e-01
2.934842407703399658e-01
4.029810801148414612e-02
8.915998041629791260e-02
4.091255962848663330e-01
9.321982860565185547e-01
6.967673897743225098e-01
3.611159324645996094e-02
1.122536584734916687e-01
4.265952408313751221e-01
2.468448132276535034e-01
3.240587711334228516e-01
1.390670090913772583e-01
1.568780392408370972e-01
3.041140176355838776e-02
5.383633449673652649e-02
1.340223550796508789e-01
7.261131703853607178e-02
6.553260236978530884e-02
3.517412394285202026e-02
1.407419890165328979e-01
3.603341430425643921e-02
6.802044808864593506e-02
4.288741573691368103e-02
4.607351496815681458e-02
3.161726519465446472e-02
5.698405951261520386e-02
9.519553929567337036e-02
1.232258975505828857e-01
2.021917700767517090e-01
8.220975995063781738e-01
1.178688630461692810e-01
1.599142104387283325e-01
6.445306539535522461e-02
2.595900185406208038e-02
8.962659835815429688e-01
6.723445653915405273e-02
9.449800103902816772e-02
7.989361882209777832e-02
1.070849373936653137e-01
4.616929218173027039e-02
3.452200815081596375e-02
3.873238712549209595e-02
1.063550263643264771e-01
2.869373932480812073e-02
6.462532281875610352e-02
7.642787694931030273e-02
1.324698030948638916e-01
4.560483992099761963e-02
5.274300649762153625e-02
8.999978303909301758e-01
4.316044598817825317e-02
1.104738265275955200e-01
8.245065808296203613e-02
3.225283026695251465e-01
9.992324113845825195e-01
1.454302221536636353e-01
8.296666294336318970e-02
4.033381864428520203e-02
4.951068386435508728e-02
8.587421476840972900e-02
6.771899759769439697e-02
2.021836303174495697e-02
2.952045202255249023e-01
2.550636529922485352e-01
5.052210763096809387e-02
2.931689843535423279e-02
1.457989308983087540e-02
9.981440380215644836e-03
1.053484082221984863e-01
8.543149381875991821e-02
4.845587909221649170e-01
4.026229083538055420e-01
2.757577896118164062e-01
1.322715878486633301e-01
6.916087865829467773e-02
3.601868823170661926e-02
9.724248945713043213e-02
2.589534223079681396e-01
3.465470075607299805e-01
1.383200883865356445e-01
1.481531187891960144e-02
2.997900359332561493e-02
8.698260784149169922e-02
1.429642289876937866e-01
8.284776657819747925e-02
8.532817959785461426e-01
8.256852626800537109e-01
5.124014243483543396e-02
2.405796386301517487e-02
4.962327331304550171e-02
3.971344605088233948e-02
1.827686280012130737e-01
7.015169411897659302e-02
1.088621690869331360e-01
1.268735080957412720e-01
5.253303050994873047e-02
6.000733748078346252e-02
7.700207084417343140e-02
1.207010895013809204e-01
1.275217439979314804e-02
2.867919579148292542e-02
3.513895347714424133e-02
6.775746494531631470e-02
1.521632075309753418e-01
5.839677527546882629e-02
2.108126878738403320e-02
6.018134299665689468e-03
3.940811008214950562e-02
3.103064298629760742e-01
9.999992847442626953e-01
6.822914481163024902e-01
5.168990418314933777e-02
1.063931286334991455e-01
8.782832622528076172e-01
6.409183889627456665e-02
3.921976089477539062e-01
1.239195168018341064e-01
3.607608377933502197e-01
5.089624226093292236e-02
7.699459791183471680e-02
3.301055133342742920e-01
1.228428930044174194e-01
4.830477014183998108e-02
9.447044134140014648e-02
3.490682244300842285e-01
1.236238777637481689e-01
5.889342352747917175e-02
4.211084172129631042e-02
6.308852881193161011e-02
2.722536399960517883e-02
3.139156103134155273e-02
3.934423252940177917e-02
9.209984540939331055e-02
8.331003785133361816e-02
1.802383512258529663e-01
1.056002527475357056e-01
5.671060830354690552e-02
4.800976067781448364e-02
2.149686962366104126e-01
1.506924778223037720e-01
9.308295696973800659e-02
5.803531780838966370e-02
3.461452201008796692e-02
7.850848436355590820e-01
9.087083488702774048e-02
4.900749027729034424e-02
4.339582845568656921e-02
5.251251533627510071e-02
8.086248487234115601e-02
6.556154787540435791e-02
5.081612989306449890e-02
7.531720399856567383e-02
1.381834875792264938e-02
2.455116435885429382e-02
4.998107254505157471e-02
8.747239410877227783e-02
8.385103940963745117e-02
9.302477836608886719e-01
4.986242577433586121e-02
6.239547207951545715e-02
1.371143013238906860e-02
5.259760096669197083e-02
1.981987245380878448e-02
9.661533683538436890e-02
8.207710832357406616e-02
6.690181046724319458e-02
7.491520047187805176e-02
9.183620661497116089e-02
8.725787401199340820e-01
1.334142535924911499e-01
3.272356390953063965e-01
1.334639266133308411e-02
1.947638019919395447e-02
6.135716289281845093e-02
2.066802047193050385e-02
8.137909322977066040e-02
1.808317750692367554e-01
4.737084805965423584e-01
1.427311301231384277e-01
6.936269998550415039e-02
8.229652047157287598e-02
1.116467714309692383e-01
6.748774647712707520e-02
3.624425828456878662e-02
2.244068533182144165e-01
2.737647891044616699e-01
2.662283480167388916e-01
1.159314662218093872e-01
1.842574588954448700e-02
1.586378365755081177e-02
4.866648092865943909e-02
1.443081945180892944e-01
6.477311253547668457e-02
5.932597815990447998e-02
1.091366261243820190e-01
9.394140541553497314e-02
8.011819422245025635e-02
7.411676049232482910e-01
2.690675295889377594e-02
9.052953682839870453e-03
6.698963046073913574e-01
7.043762803077697754e-01
6.014735251665115356e-02
1.430980414152145386e-01
7.051225006580352783e-02
1.180219873785972595e-01
2.875562757253646851e-02
1.722881048917770386e-01
9.174002408981323242e-01
2.155353315174579620e-02
4.263214394450187683e-02
3.015851229429244995e-02
1.354830116033554077e-01
2.438990399241447449e-02
7.469445466995239258e-02
4.430763423442840576e-02
8.477770537137985229e-02
3.900901973247528076e-02
6.390265375375747681e-02
1.293198764324188232e-01
9.147939272224903107e-03
1.715916953980922699e-02
9.257909841835498810e-03
1.140358895063400269e-01
8.110434412956237793e-01
8.807946741580963135e-02
1.660116203129291534e-02
3.063511569052934647e-03
7.750729471445083618e-02
5.537014454603195190e-02
2.265045419335365295e-02
6.782161071896553040e-03
9.397820383310317993e-02
4.105663299560546875e-02
1.089534629136323929e-02
1.215756386518478394e-01
1.599627286195755005e-01
3.459940105676651001e-02
6.731806695461273193e-02
2.720132656395435333e-02
4.459633678197860718e-02
8.989068679511547089e-03
7.959776371717453003e-02
2.683182246983051300e-02
7.491081953048706055e-03
8.045058697462081909e-03
1.015411317348480225e-02
5.499772727489471436e-02
3.247458860278129578e-02
2.039675973355770111e-02
2.232716530561447144e-01
4.210794866085052490e-01
5.911818891763687134e-02
2.175050079822540283e-01
2.044072747230529785e-02
1.448449399322271347e-02
1.646838337182998657e-02
3.584010526537895203e-02
2.847259305417537689e-02
7.893698215484619141e-01
2.414939552545547485e-02
6.972119212150573730e-02
4.194593429565429688e-02
7.441173493862152100e-02
2.127037569880485535e-02
2.370434254407882690e-02
3.962570056319236755e-02
6.931978464126586914e-02
1.328797489404678345e-01
2.270730733871459961e-01
4.350619018077850342e-01
4.179404079914093018e-01
7.658514976501464844e-01
1.589749306440353394e-01
1.102158576250076294e-01
2.866976149380207062e-02
1.373715102672576904e-01
8.059960603713989258e-02
1.185658797621726990e-01
8.836393058300018311e-02
9.544516354799270630e-02
6.548880040645599365e-02
8.851497620344161987e-02
2.042260468006134033e-01
5.824345350265502930e-02
1.242412440478801727e-02
2.336254902184009552e-02
3.085085190832614899e-02
6.154210120439529419e-02
7.568263262510299683e-02
5.260450392961502075e-02
6.519450340420007706e-03
3.091495670378208160e-02
9.860912710428237915e-02
5.571597069501876831e-02
1.699901372194290161e-01
4.010045155882835388e-02
5.169511586427688599e-02
2.859759144484996796e-02
2.597838640213012695e-02
8.124998211860656738e-02
3.733249008655548096e-02
1.570068672299385071e-02
2.096639946103096008e-02
2.611465752124786377e-02
4.518583416938781738e-02
1.164376735687255859e-01
7.931524515151977539e-02
3.527340292930603027e-02
5.342173855751752853e-03
8.635614812374114990e-02
5.806930363178253174e-02
1.564638130366802216e-02
4.010634031146764755e-03
1.101713180541992188e-01
2.087935060262680054e-02
1.753782294690608978e-02
3.925821185111999512e-02
1.182144731283187866e-01
1.076834648847579956e-01
9.995968639850616455e-02
1.169753447175025940e-01
3.980756923556327820e-02
6.531134247779846191e-02
1.062097325921058655e-01
1.253056377172470093e-01
1.134822424501180649e-02
1.477088183164596558e-01
1.497244462370872498e-02
3.764684312045574188e-03
5.279626697301864624e-02
1.130086183547973633e-01
3.802008926868438721e-02
2.127830637618899345e-03
3.147847577929496765e-02
2.899911254644393921e-02
8.489324897527694702e-02
7.230678945779800415e-02
8.161164820194244385e-02
6.298176646232604980e-01
1.039563417434692383e-01
5.072623491287231445e-02
8.175144344568252563e-02
7.929275184869766235e-02
7.246650457382202148e-01
7.054769992828369141e-01
7.470231503248214722e-02
5.906755104660987854e-02
2.374510094523429871e-02
6.635648012161254883e-02
1.077575385570526123e-01
7.644309103488922119e-02
2.548365108668804169e-02
2.299522049725055695e-02
9.227001667022705078e-02
1.354413181543350220e-01
1.218776404857635498e-01
7.924952358007431030e-02
9.374865889549255371e-02
1.455541402101516724e-01
7.281035929918289185e-02
1.340086758136749268e-01
3.452555835247039795e-02
1.653498113155364990e-01
6.871903687715530396e-02
1.312678754329681396e-01
4.354406297206878662e-01
2.797532640397548676e-02
1.045422777533531189e-01
6.990735232830047607e-02
4.429607465863227844e-02
5.790941044688224792e-02
4.299160465598106384e-02
2.039211541414260864e-01
9.932734072208404541e-02
6.166150048375129700e-02
1.243262887001037598e-01
6.603550314903259277e-01
9.310644865036010742e-01
1.122361645102500916e-01
6.104350462555885315e-02
1.038050800561904907e-01
8.925992064177989960e-03
9.159518033266067505e-02
4.593235254287719727e-02
9.248562902212142944e-02
3.652930958196520805e-03
2.214034087955951691e-02
4.645005613565444946e-02
7.529153674840927124e-02
2.330489084124565125e-02
1.328276693820953369e-01
3.695504739880561829e-02
1.661110520362854004e-01
4.302481189370155334e-02
2.988634631037712097e-02
6.034140288829803467e-02
2.515907585620880127e-02
3.881489485502243042e-02
4.315612465143203735e-02
1.149567589163780212e-01
8.355826139450073242e-03
2.267145551741123199e-02
8.471868932247161865e-02
7.386954873800277710e-02
1.186825260519981384e-01
6.459901481866836548e-02
2.318702265620231628e-02
5.877119489014148712e-03
5.144599452614784241e-02
1.520630866289138794e-01
5.098384246230125427e-02
7.625866532325744629e-01
9.037145376205444336e-01
9.906566888093948364e-02
9.807968139648437500e-01
2.933142185211181641e-01
9.226127527654170990e-03
1.731935143470764160e-02
1.613659560680389404e-01
7.820861041545867920e-02
4.596301615238189697e-01
1.784440875053405762e-02
9.116799384355545044e-02
7.665743678808212280e-02
4.966320469975471497e-02
4.578988552093505859e-01
1.081107184290885925e-01
7.229106873273849487e-02
1.481248289346694946e-01
7.540553212165832520e-01
4.716258049011230469e-01
8.494374901056289673e-02
5.807185173034667969e-02
5.612656474113464355e-02
2.719630599021911621e-01
1.006388962268829346e-01
1.177624017000198364e-01
1.233797669410705566e-01
8.329473435878753662e-03
1.151266880333423615e-02
1.059545129537582397e-01
6.803670525550842285e-02
6.056827493011951447e-03
3.332466259598731995e-02
4.176540672779083252e-02
7.584805041551589966e-02
2.502959407866001129e-02
5.596200004220008850e-02
1.013783961534500122e-01
2.793370932340621948e-02
4.986428096890449524e-02
1.846585609018802643e-02
1.007165685296058655e-01
4.191344976425170898e-02
9.389749914407730103e-02
2.447265386581420898e-01
5.110222697257995605e-01
1.716471016407012939e-01
4.331617429852485657e-02
1.037975475192070007e-01
2.450589239597320557e-01
5.235831439495086670e-02
4.456596970558166504e-01
7.297769188880920410e-02
2.906278148293495178e-02
9.657967835664749146e-02
1.099205613136291504e-01
6.244627386331558228e-02
6.417790055274963379e-02
6.165484338998794556e-02
9.848549216985702515e-02
2.405744343996047974e-01
1.284786965698003769e-02
1.875203847885131836e-01
2.519183047115802765e-02
6.639131903648376465e-02
2.502449788153171539e-02
1.593659818172454834e-01
7.181496173143386841e-02
2.148846089839935303e-01
4.360238835215568542e-02
8.621327579021453857e-02
7.755019515752792358e-02
7.424611598253250122e-02
4.605482518672943115e-02
9.369114041328430176e-02
1.377840936183929443e-01
1.693189889192581177e-02
1.642091386020183563e-02
8.830870501697063446e-03
4.752591848373413086e-01
7.875832915306091309e-02
5.457990989089012146e-02
1.209319159388542175e-01
2.249466031789779663e-01
4.398987591266632080e-01
8.355058729648590088e-02
1.497454494237899780e-01
4.915668070316314697e-02
3.462508022785186768e-01
4.763197153806686401e-02
5.073906853795051575e-02
4.273705929517745972e-02
4.263831302523612976e-02
1.205666512250900269e-01
7.145556062459945679e-02
2.561458945274353027e-01
3.595896959304809570e-01
9.295257925987243652e-02
8.455555140972137451e-02
2.218243777751922607e-01
1.107103377580642700e-01
1.684372127056121826e-01
1.692282706499099731e-01
1.319383531808853149e-01
6.963551789522171021e-02
5.518826842308044434e-01
7.457665801048278809e-01
8.002247661352157593e-02
8.912081271409988403e-02
8.872205018997192383e-02
6.826259195804595947e-03
4.258333891630172729e-02
1.930008381605148315e-01
1.176433754153549671e-03
7.852804847061634064e-03
3.736093267798423767e-02
2.210537157952785492e-02
4.433077946305274963e-02
4.567521438002586365e-02
3.243357837200164795e-01
2.743781507015228271e-01
4.766797646880149841e-02
6.651907414197921753e-02
1.174272373318672180e-01
3.971993178129196167e-02
2.918766811490058899e-02
1.575684249401092529e-01
4.953903853893280029e-01
1.021507307887077332e-01
9.239260107278823853e-02
3.093824349343776703e-02
9.368454813957214355e-01
5.728086829185485840e-01
5.872603505849838257e-02
1.045745238661766052e-01
9.999637603759765625e-01
9.998810291290283203e-01
1.270705461502075195e-02
4.836933687329292297e-02
1.739190071821212769e-01
2.170572429895401001e-01
1.000568717718124390e-01
1.321522891521453857e-01
2.351052500307559967e-02
1.859193891286849976e-01
1.287957280874252319e-01
4.379639402031898499e-02
7.806345820426940918e-02
7.559584826231002808e-02
5.278027057647705078e-02
1.237858384847640991e-01
1.825730204582214355e-01
6.037382781505584717e-02
1.089159846305847168e-01
4.468192160129547119e-02
9.490385651588439941e-01
1.126337945461273193e-01
1.133922487497329712e-01
1.137822195887565613e-01
9.497544169425964355e-02
4.479813203215599060e-02
8.318927139043807983e-02
1.139976307749748230e-01
3.471684455871582031e-02
8.412121236324310303e-02
7.326827943325042725e-02
1.008842438459396362e-01
4.644851759076118469e-02
7.227692008018493652e-02
1.467763483524322510e-01
1.655153334140777588e-01
1.214742586016654968e-01
3.309100493788719177e-02
4.540432244539260864e-02
6.287147849798202515e-02
8.153966069221496582e-01
5.188762769103050232e-02
5.276764929294586182e-02
6.581465899944305420e-02
5.541994795203208923e-02
1.594194620847702026e-01
8.684595674276351929e-02
5.345720425248146057e-02
9.941738843917846680e-02
9.275956451892852783e-02
8.369923382997512817e-02
4.843350872397422791e-02
3.008270449936389923e-02
1.301952451467514038e-01
1.028753444552421570e-01
2.193775922060012817e-01
2.748040258884429932e-01
1.933827847242355347e-01
1.012006849050521851e-01
2.208426445722579956e-01
7.887182384729385376e-02
9.383206069469451904e-02
7.076471298933029175e-02
1.333835870027542114e-01
4.611430689692497253e-02
1.354680359363555908e-01
8.281282335519790649e-02
2.088879346847534180e-01
6.243191659450531006e-02
8.214326947927474976e-02
1.780959814786911011e-01
1.918143928050994873e-01
4.970486462116241455e-02
7.467804104089736938e-02
4.265825077891349792e-02
4.858423769474029541e-02
1.012158859521150589e-02
9.917845949530601501e-03
1.086453571915626526e-01
6.546516716480255127e-02
4.984233677387237549e-01
6.013203263282775879e-01
4.275082424283027649e-02
4.968621954321861267e-02
3.951591849327087402e-01
3.141582012176513672e-02
5.481534078717231750e-02
5.754928290843963623e-02
8.293990790843963623e-02
6.583544611930847168e-02
9.059202075004577637e-01
7.458695769309997559e-02
1.588265039026737213e-02
1.089847180992364883e-02
3.406114503741264343e-02
2.178550213575363159e-01
1.166999805718660355e-02
3.607522696256637573e-02
3.642136976122856140e-02
1.593976169824600220e-01
1.031401306390762329e-01
4.908229410648345947e-02
1.002727355808019638e-02
3.776584193110466003e-02
1.644071005284786224e-02
4.730741307139396667e-02
6.090783327817916870e-02
6.644753366708755493e-02
7.717576622962951660e-02
2.516429126262664795e-02
4.438348487019538879e-02
2.496119774878025055e-02
8.641473948955535889e-02
9.043578803539276123e-02
1.244208067655563354e-01
7.218132913112640381e-02
4.610170051455497742e-02
8.551973849534988403e-02
7.279147952795028687e-02
1.570661365985870361e-02
1.513354852795600891e-02
4.349851980805397034e-02
2.242962643504142761e-02
5.779925733804702759e-02
5.805017426609992981e-02
1.926954686641693115e-01
5.491455644369125366e-02
1.071890890598297119e-01
3.366800770163536072e-02
8.244768530130386353e-02
5.193284153938293457e-01
7.030390501022338867e-01
5.324659869074821472e-02
6.060238927602767944e-02
7.404934614896774292e-02
3.164480254054069519e-02
6.054712831974029541e-02
1.363525073975324631e-02
1.026160176843404770e-02
3.425082862377166748e-01
8.430821448564529419e-02
8.095675706863403320e-02
9.893257915973663330e-02
2.042321413755416870e-01
8.401870727539062500e-03
3.464539721608161926e-02
8.065427094697952271e-02
7.098726928234100342e-02
1.970508880913257599e-02
4.581967741250991821e-02
1.180888786911964417e-01
9.823415428400039673e-03
1.481782458722591400e-02
1.353300083428621292e-02
5.131043195724487305e-01
5.159264802932739258e-01
2.960476838052272797e-02
2.819911949336528778e-02
1.799280568957328796e-02
8.120110258460044861e-03
2.862099371850490570e-02
1.141561567783355713e-02
2.825464867055416107e-02
9.002803266048431396e-02
4.558062180876731873e-02
1.949917152523994446e-02
4.007608443498611450e-02
4.488687217235565186e-02
9.944859147071838379e-01
8.649478852748870850e-02
3.668470308184623718e-02
7.884807884693145752e-02
3.611229732632637024e-02
7.604282349348068237e-02
1.259473524987697601e-02
1.199618354439735413e-02
7.237353920936584473e-02
1.850841492414474487e-01
7.584751397371292114e-02
8.999945223331451416e-02
9.222295880317687988e-02
7.475409656763076782e-02
9.522642940282821655e-02
7.612109184265136719e-02
6.412478536367416382e-02
1.314934492111206055e-01
2.147599607706069946e-01
1.530500315129756927e-02
5.667798221111297607e-03
1.004911400377750397e-02
1.820470839738845825e-01
1.503203213214874268e-01
8.151572197675704956e-02
3.814524784684181213e-02
7.218726724386215210e-02
1.960984915494918823e-01
1.973401196300983429e-02
1.802056133747100830e-01
5.678351521492004395e-01
5.833366140723228455e-02
3.775347024202346802e-02
1.116165146231651306e-02
1.108734607696533203e-01
7.392081618309020996e-02
1.214331537485122681e-01
7.679584622383117676e-02
1.837987750768661499e-01
6.717272400856018066e-01
9.665325880050659180e-01
5.517248436808586121e-02
1.162674576044082642e-01
4.892759397625923157e-02
9.281335026025772095e-02
8.223748207092285156e-01
5.525060892105102539e-01
2.490349262952804565e-01
1.091937050223350525e-01
5.134819447994232178e-02
4.546025395393371582e-02
7.091401517391204834e-02
5.290472507476806641e-02
2.022377848625183105e-01
1.159506738185882568e-01
4.205356165766716003e-02
1.925279945135116577e-01
2.112171798944473267e-01
4.929675534367561340e-02
8.575153350830078125e-02
9.665496647357940674e-02
5.062419921159744263e-02
2.978067845106124878e-02
6.319232285022735596e-02
2.337935715913772583e-01
6.084604933857917786e-02
9.191182255744934082e-02
6.073176860809326172e-02
8.309627324342727661e-02
8.524978160858154297e-02
1.899334788322448730e-02
4.439346492290496826e-03
2.544476650655269623e-02
1.363099962472915649e-01
6.190913915634155273e-02
9.278278052806854248e-02
1.125451326370239258e-01
6.248066574335098267e-02
4.596663638949394226e-02
1.570156365633010864e-01
2.915489859879016876e-02
1.239702105522155762e-01
5.449923872947692871e-02
9.041500091552734375e-02
5.638233572244644165e-02
9.140262752771377563e-02
8.128008246421813965e-02
4.985199123620986938e-02
2.163917012512683868e-02
1.280504167079925537e-01
2.206052243709564209e-01
1.451403498649597168e-01
5.784764513373374939e-02
5.608080327510833740e-02
3.054626286029815674e-02
4.235398024320602417e-02
3.695923089981079102e-02
3.528752177953720093e-02
1.258936077356338501e-01
4.328082501888275146e-02
1.283983290195465088e-01
4.259315133094787598e-02
7.848254591226577759e-02
2.882827632129192352e-02
1.521615535020828247e-01
6.097579374909400940e-02
6.301391124725341797e-02
9.245999157428741455e-03
1.064403168857097626e-02
4.966985434293746948e-02
3.326258435845375061e-02
5.208575725555419922e-02
1.455011963844299316e-01
7.396987080574035645e-02
7.117903232574462891e-02
1.544633209705352783e-01
2.198126465082168579e-01
2.080451250076293945e-01
7.410812377929687500e-02
7.741197198629379272e-02
4.877000674605369568e-02
3.092325106263160706e-02
7.050229310989379883e-01
9.368971586227416992e-01
3.256812095642089844e-01
4.405051469802856445e-02
3.251928836107254028e-02
1.533750444650650024e-02
4.523317515850067139e-02
7.543448358774185181e-02
6.278965622186660767e-02
2.450006827712059021e-02
2.950214594602584839e-02
1.385466754436492920e-01
6.270558834075927734e-01
6.722468137741088867e-01
5.057061314582824707e-01
3.484847396612167358e-02
7.483596354722976685e-02
1.046932488679885864e-01
4.334954172372817993e-02
1.934052407741546631e-01
1.113769114017486572e-01
3.053480572998523712e-02
7.271790504455566406e-02
4.744253680109977722e-02
1.071343645453453064e-01
5.438762903213500977e-02
4.337437450885772705e-02
3.031320683658123016e-02
2.159505710005760193e-02
5.818495526909828186e-02
1.420995891094207764e-01
5.090276896953582764e-02
1.407420337200164795e-01
1.180054992437362671e-01
4.679926484823226929e-02
6.068162247538566589e-02
3.224004805088043213e-01
1.154073327779769897e-01
8.290348947048187256e-02
2.839088812470436096e-02
2.343160659074783325e-02
2.840455994009971619e-02
1.085930466651916504e-01
5.014512687921524048e-02
6.088243424892425537e-02
2.958198636770248413e-02
2.705004215240478516e-01
2.846499979496002197e-01
6.203317269682884216e-02
1.202692240476608276e-01
2.420467734336853027e-01
7.274652719497680664e-01
9.488509297370910645e-01
7.026974856853485107e-02
2.949031591415405273e-01
3.834550082683563232e-02
1.287155505269765854e-02
4.960124939680099487e-02
4.202571511268615723e-02
7.161685824394226074e-02
6.487833708524703979e-02
2.254382148385047913e-02
3.016164898872375488e-02
1.014156360179185867e-02
8.134875446557998657e-03
1.221219263970851898e-02
2.277237921953201294e-02
5.858901143074035645e-01
1.435803771018981934e-01
2.991747856140136719e-02
1.696452647447586060e-01
7.961405068635940552e-02
1.023001596331596375e-02
6.776689738035202026e-02
2.089296467602252960e-02
8.570843935012817383e-02
8.797176927328109741e-02
2.252052910625934601e-02
1.768132448196411133e-01
4.048712551593780518e-01
9.271128475666046143e-02
5.110599473118782043e-02
1.201327666640281677e-01
1.029451563954353333e-01
5.165097862482070923e-02
5.206814035773277283e-02
3.418144956231117249e-02
1.219980269670486450e-01
5.240776389837265015e-02
5.812963843345642090e-02
4.121005833148956299e-01
6.632501631975173950e-02
3.788136318325996399e-02
9.351778030395507812e-02
7.590185105800628662e-02
1.759477257728576660e-01
8.129458129405975342e-02
1.347755361348390579e-02
2.253575436770915985e-02
1.689870655536651611e-02
1.558453440666198730e-01
3.488708287477493286e-02
4.591931775212287903e-02
3.490583971142768860e-02
6.176707521080970764e-02
4.800752922892570496e-02
8.958728611469268799e-02
7.307837158441543579e-02
2.933982610702514648e-01
6.440000981092453003e-02
6.842949986457824707e-02
2.899481169879436493e-02
8.189336210489273071e-02
3.931230306625366211e-02
6.748927384614944458e-02
1.494089663028717041e-01
4.679403454065322876e-02
5.242342501878738403e-02
8.521004021167755127e-02
1.084371656179428101e-02
1.328065898269414902e-02
6.211615633219480515e-03
1.678923964500427246e-01
7.625671476125717163e-02
2.048576995730400085e-02
1.760183274745941162e-02
4.450123757123947144e-02
6.416885554790496826e-02
1.235580518841743469e-01
5.020445957779884338e-02
2.455551549792289734e-02
1.620331406593322754e-01
2.665022388100624084e-02
1.666375063359737396e-02
4.793018847703933716e-02
9.475434571504592896e-02
1.432270258665084839e-01
3.963391110301017761e-02
6.997109949588775635e-02
8.622042834758758545e-02
7.484269887208938599e-02
5.957499742507934570e-01
1.451383437961339951e-02
2.280563674867153168e-02
2.142302133142948151e-02
1.821852847933769226e-02
6.554964929819107056e-03
6.280349195003509521e-02
2.408535778522491455e-02
2.274652719497680664e-01
3.131405264139175415e-02
1.109508797526359558e-01
5.995546653866767883e-02
5.880808830261230469e-02
2.128337509930133820e-02
2.404618822038173676e-02
3.302669525146484375e-02
5.961576849222183228e-02
1.918195635080337524e-01
1.982981115579605103e-01
2.134390473365783691e-01
7.789834588766098022e-02
4.618542268872261047e-02
2.355551272630691528e-01
1.488171517848968506e-02
1.211015731096267700e-01
4.644645377993583679e-02
7.729341834783554077e-02
4.896702617406845093e-02
6.339031457901000977e-02
9.977926015853881836e-01
9.928731918334960938e-01
2.029590867459774017e-02
1.786325871944427490e-01
9.103251248598098755e-02
3.526280447840690613e-02
9.528966248035430908e-02
1.692626327276229858e-01
1.029203310608863831e-01
3.098350763320922852e-01
3.026956021785736084e-01
2.388115674257278442e-01
1.867773085832595825e-01
5.801318287849426270e-01
1.733324229717254639e-01
1.086812689900398254e-01
3.682380318641662598e-01
4.111778438091278076e-01
1.091610789299011230e-01
2.004767656326293945e-01
2.247599065303802490e-01
7.056674361228942871e-02
1.541903167963027954e-01
2.293616533279418945e-01
8.777173608541488647e-02
4.166002199053764343e-02
3.339968249201774597e-02
3.019494935870170593e-02
6.234829779714345932e-03
1.991225406527519226e-02
5.304181948304176331e-02
7.763092219829559326e-02
4.298172891139984131e-02
1.212023291736841202e-02
3.541257977485656738e-02
2.440981939435005188e-02
2.670197561383247375e-02
3.002876788377761841e-02
7.357306312769651413e-03
1.688928902149200439e-02
1.540699154138565063e-01
7.048554718494415283e-02
6.426953524351119995e-02
5.344216525554656982e-02
1.391747146844863892e-01
1.419323533773422241e-01
5.412117838859558105e-01
4.405670464038848877e-01
1.740790009498596191e-01
8.734776079654693604e-02
2.150431573390960693e-01
1.162606030702590942e-01
9.454881399869918823e-02
7.450688630342483521e-02
1.541682928800582886e-01
3.422244787216186523e-01
1.532621681690216064e-02
2.344815805554389954e-02
4.923692345619201660e-02
3.645896539092063904e-02
5.826088413596153259e-02
4.460505396127700806e-02
1.930528879165649414e-01
2.468677610158920288e-01
2.640549540519714355e-01
5.914853513240814209e-02
9.620989859104156494e-02
7.779572159051895142e-02
8.862957358360290527e-02
9.674178361892700195e-01
9.555449336767196655e-02
9.166274964809417725e-02
3.937776014208793640e-02
7.009606808423995972e-02
5.008236691355705261e-02
1.151852607727050781e-01
2.263919562101364136e-01
3.420937359333038330e-01
1.537213474512100220e-01
1.338162720203399658e-01
2.312810719013214111e-02
4.249759390950202942e-02
3.576387837529182434e-02
4.087545722723007202e-02
4.740047082304954529e-02
6.297019869089126587e-02
3.214623034000396729e-02
5.034676939249038696e-02
2.427751943469047546e-02
5.424318462610244751e-02
5.191240832209587097e-02
8.022163808345794678e-02
1.173925027251243591e-01
2.460267841815948486e-01
2.506762556731700897e-02
7.802703976631164551e-02
2.056404501199722290e-01
2.041100859642028809e-01
7.203578203916549683e-02
5.528940260410308838e-02
5.038494989275932312e-02
1.029263809323310852e-01
1.753838211297988892e-01
