1.072998046875000000e-01
1.968013197183609009e-01
6.519236415624618530e-02
1.580919176340103149e-01
4.723481237888336182e-01
1.495480537414550781e-01
9.358319640159606934e-02
8.431618660688400269e-02
1.781302690505981445e-01
1.040704548358917236e-01
8.783043175935745239e-02
7.271374017000198364e-02
8.316427469253540039e-02
3.656845912337303162e-02
4.493258520960807800e-02
2.022721320390701294e-01
2.346259057521820068e-01
1.994976103305816650e-01
1.571934670209884644e-01
1.682844609022140503e-01
6.273504346609115601e-03
1.589807122945785522e-02
3.157650306820869446e-02
1.163641884922981262e-01
8.248730003833770752e-02
3.261804208159446716e-02
1.078613102436065674e-01
1.016720831394195557e-01
1.452248543500900269e-01
4.024193808436393738e-02
9.999992847442626953e-01
4.218879938125610352e-01
6.353732347488403320e-01
1.350391656160354614e-01
1.721143573522567749e-01
9.953671693801879883e-01
4.046488180756568909e-02
9.576229006052017212e-02
6.702877581119537354e-02
2.875635027885437012e-01
4.315713047981262207e-02
1.256975829601287842e-01
4.622305743396282196e-03
3.042374365031719208e-02
1.359622776508331299e-01
3.310917317867279053e-02
2.079171687364578247e-01
1.124753057956695557e-01
1.364983525127172470e-02
9.814620018005371094e-01
9.912006556987762451e-02
6.689538061618804932e-02
1.264410465955734253e-01
1.717599295079708099e-02
1.114391013979911804e-01
5.164473131299018860e-02
5.253878608345985413e-02
8.675267547369003296e-02
3.941866382956504822e-02
9.367547184228897095e-02
7.545478641986846924e-02
4.333744198083877563e-02
1.129242554306983948e-01
7.285640388727188110e-02
4.523912817239761353e-02
7.212615013122558594e-02
5.103918537497520447e-02
1.263280399143695831e-02
7.151991873979568481e-02
1.686941683292388916e-01
9.261962771415710449e-02
2.141872420907020569e-02
1.214980036020278931e-01
1.555567085742950439e-01
1.724533587694168091e-01
3.440752997994422913e-02
8.694763481616973877e-02
2.274740301072597504e-02
6.588913500308990479e-02
1.118853911757469177e-01
5.259576067328453064e-02
1.048314124345779419e-01
1.671286970376968384e-01
7.566772401332855225e-02
7.938211411237716675e-02
1.056139990687370300e-01
3.761528059840202332e-02
4.638130962848663330e-02
2.580618560314178467e-01
4.524401947855949402e-02
7.788114994764328003e-02
3.584064915776252747e-02
5.556405056267976761e-03
5.562205612659454346e-02
1.098799519240856171e-02
1.068564057350158691e-01
6.038367375731468201e-02
3.955062925815582275e-01
9.259023666381835938e-01
7.806879281997680664e-02
1.365031749010086060e-01
6.570953130722045898e-02
6.069619655609130859e-01
1.019080281257629395e-01
1.312353461980819702e-01
6.280319690704345703e-01
9.955523610115051270e-01
1.908321678638458252e-01
5.463830009102821350e-02
1.116902008652687073e-01
7.972757518291473389e-02
7.063855230808258057e-02
3.663086146116256714e-02
4.280258342623710632e-02
7.552925944328308105e-01
7.541813254356384277e-01
2.654789090156555176e-01
4.424395412206649780e-02
4.658154770731925964e-02
7.256699204444885254e-01
6.514723896980285645e-01
6.716680526733398438e-02
2.555391490459442139e-01
5.726952552795410156e-01
2.938774526119232178e-01
6.413375735282897949e-01
1.687344163656234741e-01
3.900999575853347778e-02
3.986168280243873596e-02
5.981653556227684021e-02
4.714832454919815063e-02
5.383326113224029541e-02
6.668883841484785080e-03
1.589521393179893494e-02
1.224260553717613220e-01
1.094557791948318481e-01
1.419251412153244019e-01
5.922091752290725708e-02
9.515558481216430664e-01
9.724909663200378418e-01
1.203836202621459961e-01
1.941721886396408081e-01
1.178684271872043610e-02
7.671818137168884277e-02
9.997535347938537598e-01
9.987645149230957031e-01
6.234533786773681641e-01
1.321468055248260498e-01
2.876017391681671143e-01
2.367731556296348572e-02
1.458011195063591003e-02
2.349799871444702148e-02
8.635317534208297729e-02
3.086712956428527832e-02
7.870594412088394165e-02
1.740891486406326294e-01
3.723857551813125610e-02
9.678309559822082520e-01
9.873024225234985352e-01
1.399013102054595947e-01
8.447340875864028931e-02
9.366088360548019409e-02
8.372198790311813354e-02
9.617289900779724121e-01
7.254622876644134521e-02
4.315968602895736694e-02
6.083586812019348145e-02
9.465286135673522949e-02
8.860353380441665649e-02
8.710622787475585938e-02
5.970554426312446594e-02
6.225829571485519409e-02
6.230113655328750610e-02
1.106334999203681946e-01
7.590126246213912964e-02
1.259637326002120972e-01
1.332453787326812744e-01
6.087499856948852539e-02
6.941742449998855591e-02
4.963350668549537659e-02
3.360755741596221924e-02
3.978352621197700500e-02
4.550614953041076660e-02
4.728105291724205017e-02
6.711601465940475464e-02
2.906805835664272308e-02
2.970485016703605652e-02
1.108798664063215256e-02
5.894926190376281738e-02
4.566729441285133362e-02
6.373526453971862793e-01
3.948931023478507996e-02
7.286539077758789062e-01
2.982419729232788086e-01
1.160475313663482666e-01
5.564815178513526917e-02
5.770164728164672852e-02
4.959854483604431152e-02
1.603568047285079956e-01
6.648476421833038330e-02
9.811786562204360962e-02
3.763204440474510193e-02
1.211175993084907532e-01
9.670300036668777466e-02
7.810837030410766602e-02
7.652771472930908203e-02
4.722402617335319519e-02
9.750893712043762207e-02
8.133062720298767090e-02
9.375169128179550171e-02
6.582779288291931152e-01
1.753535568714141846e-01
1.194149479269981384e-01
4.928063601255416870e-02
1.598260737955570221e-02
1.046976149082183838e-01
8.395347744226455688e-02
3.516308963298797607e-02
1.133592501282691956e-01
4.080663248896598816e-02
1.098462715744972229e-01
1.875095516443252563e-01
4.427284002304077148e-02
6.107753887772560120e-02
7.999899983406066895e-02
9.655675888061523438e-01
8.009061217308044434e-02
3.854335471987724304e-02
3.826726973056793213e-02
2.784351259469985962e-02
2.288257703185081482e-02
6.538915038108825684e-01
7.451140284538269043e-01
5.328987538814544678e-02
1.693596132099628448e-02
1.095881387591362000e-01
3.994277119636535645e-02
5.210456848144531250e-01
1.970403194427490234e-01
1.081236153841018677e-01
2.346352674067020416e-02
4.091684222221374512e-01
4.577791988849639893e-01
1.411088649183511734e-02
8.392456173896789551e-02
1.194407418370246887e-01
5.203619226813316345e-02
8.538996428251266479e-02
3.152671158313751221e-01
7.438268065452575684e-01
1.264303326606750488e-01
7.605833560228347778e-02
3.441956937313079834e-01
1.858259886503219604e-01
4.060578718781471252e-02
2.115782052278518677e-01
5.009317994117736816e-01
9.586265683174133301e-02
6.054350733757019043e-02
4.249474033713340759e-02
1.349560916423797607e-01
4.060311615467071533e-02
1.110631301999092102e-01
2.531659007072448730e-01
2.739216201007366180e-02
3.839117288589477539e-02
4.035167023539543152e-02
8.912451565265655518e-02
1.064964011311531067e-01
2.441839426755905151e-01
5.010764300823211670e-02
2.004494667053222656e-01
1.021410897374153137e-01
9.878578782081604004e-02
7.554440200328826904e-02
9.439826011657714844e-02
4.930968582630157471e-02
2.606379389762878418e-01
4.099505543708801270e-01
2.854330241680145264e-01
1.107437387108802795e-01
1.408869177103042603e-01
3.920086026191711426e-01
3.592671081423759460e-02
6.082150936126708984e-01
6.597433984279632568e-02
7.952158898115158081e-02
4.837536811828613281e-01
7.891463488340377808e-02
4.984184727072715759e-02
7.160389423370361328e-02
5.711020231246948242e-01
3.421094641089439392e-02
1.773131638765335083e-01
4.931437969207763672e-02
2.373785674571990967e-01
4.084396734833717346e-02
1.713877171277999878e-01
3.910069465637207031e-01
1.219950467348098755e-01
4.538195952773094177e-02
1.035534068942070007e-01
1.413249075412750244e-01
9.331954270601272583e-02
2.807037718594074249e-02
5.132470279932022095e-02
5.108167231082916260e-02
3.915307298302650452e-02
1.074849292635917664e-01
1.612139493227005005e-01
3.564685955643653870e-02
9.641481041908264160e-01
5.746712088584899902e-01
1.789536029100418091e-01
5.630374550819396973e-01
9.859172254800796509e-02
1.411244273185729980e-01
1.786293089389801025e-01
7.984676957130432129e-02
1.901410222053527832e-01
2.067713886499404907e-01
8.185900449752807617e-01
9.995910525321960449e-01
1.186144202947616577e-01
8.019993901252746582e-01
4.798910766839981079e-02
6.709677726030349731e-02
1.454166471958160400e-01
5.767006278038024902e-01
6.523555517196655273e-02
3.753078579902648926e-01
7.860189676284790039e-02
4.300616383552551270e-01
1.337379068136215210e-01
9.496965408325195312e-01
5.161460638046264648e-01
4.251117631793022156e-02
3.941100835800170898e-02
2.043173462152481079e-01
2.813540399074554443e-01
2.879862673580646515e-02
6.334322690963745117e-02
3.321447223424911499e-02
6.437237560749053955e-02
7.623811364173889160e-01
2.562727928161621094e-01
4.386207088828086853e-02
1.141515076160430908e-01
8.420313894748687744e-02
1.843238621950149536e-01
5.638743564486503601e-02
2.276565432548522949e-01
1.159585416316986084e-01
1.024393886327743530e-01
8.888203501701354980e-01
6.072934865951538086e-01
9.856465458869934082e-01
9.430804252624511719e-01
1.271464824676513672e-01
3.237658366560935974e-02
3.228186443448066711e-02
9.316253662109375000e-02
3.709997981786727905e-02
8.096336573362350464e-02
1.269856244325637817e-01
1.962408721446990967e-01
8.137867599725723267e-02
1.087002754211425781e-01
8.340597748756408691e-01
2.804864048957824707e-01
1.071298345923423767e-01
8.974733948707580566e-02
1.896917819976806641e-02
7.852283120155334473e-02
6.780089437961578369e-02
7.223470509052276611e-02
7.244354486465454102e-02
5.961507558822631836e-02
7.283589243888854980e-02
8.454290777444839478e-02
1.244828402996063232e-01
3.056164830923080444e-02
2.577687501907348633e-01
2.702502720057964325e-02
8.074744790792465210e-02
3.820905089378356934e-02
5.391917005181312561e-02
1.953317597508430481e-02
4.548715800046920776e-02
3.773289546370506287e-02
7.616063952445983887e-02
1.127089262008666992e-01
2.461320348083972931e-02
1.133634671568870544e-01
8.565929532051086426e-02
