6.038929894566535950e-02
1.880622953176498413e-01
3.152467012405395508e-01
1.590963602066040039e-01
6.088659763336181641e-01
3.084163963794708252e-01
4.564236477017402649e-02
3.682864010334014893e-01
1.279470324516296387e-01
9.881256520748138428e-02
1.504192650318145752e-01
4.957054182887077332e-02
6.788823008537292480e-02
3.522064536809921265e-02
6.189821287989616394e-02
1.028039157390594482e-01
1.998213529586791992e-01
9.209250658750534058e-02
8.193363249301910400e-02
5.977283120155334473e-01
3.971663713455200195e-01
9.976548701524734497e-02
3.758962079882621765e-02
9.836221486330032349e-02
1.687631607055664062e-01
9.303350001573562622e-02
7.206047326326370239e-02
4.062515869736671448e-02
1.789353974163532257e-02
4.226849973201751709e-02
1.659315824508666992e-01
3.648857772350311279e-02
9.787175655364990234e-01
4.465678930282592773e-01
4.560827091336250305e-02
3.505065739154815674e-01
1.962403059005737305e-01
7.391519844532012939e-02
8.256306499242782593e-02
3.351966664195060730e-02
8.461505919694900513e-02
7.926759123802185059e-02
5.881007015705108643e-02
3.708703815937042236e-02
5.338905006647109985e-02
4.721314832568168640e-02
1.878941990435123444e-02
7.099156733602285385e-03
2.536396123468875885e-02
1.190217360854148865e-01
1.014300361275672913e-01
4.608915373682975769e-02
3.371195495128631592e-02
4.940117895603179932e-02
3.227714449167251587e-02
8.746221661567687988e-02
5.636285245418548584e-02
8.138573914766311646e-02
5.835510417819023132e-02
9.999748468399047852e-01
9.997695088386535645e-01
1.034213751554489136e-01
8.285193145275115967e-02
5.509430170059204102e-02
3.680658712983131409e-02
9.990378469228744507e-02
7.198930531740188599e-02
5.519926548004150391e-01
6.728836894035339355e-02
3.784938901662826538e-02
1.808794960379600525e-02
8.348827064037322998e-02
6.282180547714233398e-02
8.970950543880462646e-02
6.931617110967636108e-02
1.055519878864288330e-01
4.722626879811286926e-02
5.503911897540092468e-02
1.190936490893363953e-01
6.512137502431869507e-02
2.885349281132221222e-02
3.996723517775535583e-02
5.515641532838344574e-03
5.832903832197189331e-02
7.281178236007690430e-01
1.278134137392044067e-01
9.586070477962493896e-02
1.297131329774856567e-01
7.063865661621093750e-02
5.395995080471038818e-02
9.527391195297241211e-02
5.576473474502563477e-02
1.279947608709335327e-01
3.955949097871780396e-02
1.053083017468452454e-01
5.566630885004997253e-02
9.685217589139938354e-02
5.875972658395767212e-02
7.910237908363342285e-01
1.078391820192337036e-01
6.024353206157684326e-02
3.289364650845527649e-02
5.444636940956115723e-02
6.516505032777786255e-02
4.356051981449127197e-02
1.974002867937088013e-01
2.955484688282012939e-01
8.777251094579696655e-02
3.475164622068405151e-02
1.931677758693695068e-01
8.906081318855285645e-02
9.175559133291244507e-02
9.464206546545028687e-02
2.091245166957378387e-02
5.055456608533859253e-02
4.684651270508766174e-02
4.250854849815368652e-01
8.360555022954940796e-02
6.473777443170547485e-02
7.478437572717666626e-02
2.403379529714584351e-01
1.085522770881652832e-01
5.499793887138366699e-01
7.284700125455856323e-02
1.360580623149871826e-01
6.237205117940902710e-02
2.577877976000308990e-02
2.105256356298923492e-02
2.070503868162631989e-02
6.539295613765716553e-02
3.505371883511543274e-02
6.227542832493782043e-02
7.160268723964691162e-02
1.139773353934288025e-01
2.873535268008708954e-02
2.401638478040695190e-01
2.347677201032638550e-02
5.990744009613990784e-02
5.937199294567108154e-02
1.134712100028991699e-01
2.605586871504783630e-02
1.134178861975669861e-01
2.052661329507827759e-01
1.158482357859611511e-01
9.351273067295551300e-03
2.075180411338806152e-02
1.439284998923540115e-02
3.756310790777206421e-02
7.124843448400497437e-02
4.837382733821868896e-01
9.295957535505294800e-02
9.149522334337234497e-02
7.446914911270141602e-02
6.921736896038055420e-02
2.855015099048614502e-01
3.581782579421997070e-01
4.554490745067596436e-02
3.907476365566253662e-02
4.263157024979591370e-02
4.649730864912271500e-03
3.752768039703369141e-02
1.237817332148551941e-01
9.820219874382019043e-02
1.529984772205352783e-01
1.157832518219947815e-01
5.508365109562873840e-02
6.318350881338119507e-02
5.365074798464775085e-02
2.123712897300720215e-01
4.099671170115470886e-02
2.097721211612224579e-02
2.161332219839096069e-02
3.148540109395980835e-02
2.650689780712127686e-01
5.404349416494369507e-02
8.639061450958251953e-02
4.695763066411018372e-02
3.580496832728385925e-02
1.585060209035873413e-01
4.435808211565017700e-02
9.823769330978393555e-02
4.143548384308815002e-02
9.807306528091430664e-02
4.222048819065093994e-02
7.567431777715682983e-02
5.058613419532775879e-01
6.887552142143249512e-02
9.453079104423522949e-02
6.192148849368095398e-02
1.425263881683349609e-01
3.314338251948356628e-02
1.782887987792491913e-02
3.274585306644439697e-02
2.695891633629798889e-02
1.264759600162506104e-01
3.495963662862777710e-02
6.092714890837669373e-02
8.000279217958450317e-02
4.232170060276985168e-02
4.622196778655052185e-02
6.080115586519241333e-02
6.776787340641021729e-02
9.113569557666778564e-02
3.344034031033515930e-02
4.163534566760063171e-02
6.696830503642559052e-03
2.879423461854457855e-02
3.918162360787391663e-02
1.142244115471839905e-01
5.483712069690227509e-03
8.798757568001747131e-03
2.263569273054599762e-02
1.299397200345993042e-01
2.562052570283412933e-02
8.024878799915313721e-02
6.222230568528175354e-02
4.693405702710151672e-02
7.723989337682723999e-02
1.006980836391448975e-01
5.960186570882797241e-02
1.873353868722915649e-01
1.007478907704353333e-01
2.844627760350704193e-02
1.747061870992183685e-02
2.005087025463581085e-02
5.121044069528579712e-02
2.264046669006347656e-01
7.058852910995483398e-02
8.253720402717590332e-02
1.012774463742971420e-02
1.181230787187814713e-02
2.215383760631084442e-02
2.089928388595581055e-01
9.914909303188323975e-02
8.745144307613372803e-02
1.146460101008415222e-01
8.412653952836990356e-02
9.260871261358261108e-02
5.510714650154113770e-02
8.525987267494201660e-01
1.371212154626846313e-01
4.539882764220237732e-02
1.183415576815605164e-01
5.026023089885711670e-02
9.920439124107360840e-02
8.486443199217319489e-03
2.416995167732238770e-02
2.400786802172660828e-02
9.550212323665618896e-02
7.143839448690414429e-02
5.847281962633132935e-02
7.296844571828842163e-02
4.468381404876708984e-02
1.423503756523132324e-01
3.824312984943389893e-02
6.086486577987670898e-02
4.481660947203636169e-02
1.650293916463851929e-01
9.558095037937164307e-02
1.283859461545944214e-01
5.680257081985473633e-02
5.606403574347496033e-02
2.734000086784362793e-01
1.051898226141929626e-01
5.848393961787223816e-02
5.911083146929740906e-02
1.708041280508041382e-01
4.928235709667205811e-02
4.484612867236137390e-02
1.016446426510810852e-01
8.947156369686126709e-02
4.250655695796012878e-02
9.080728888511657715e-02
6.048222631216049194e-02
4.061757624149322510e-01
7.554215192794799805e-02
9.119798243045806885e-02
2.369450181722640991e-01
7.029549777507781982e-02
8.007529377937316895e-02
5.034026131033897400e-02
5.586442947387695312e-01
1.285363882780075073e-01
4.939122870564460754e-02
3.169111907482147217e-02
1.223893463611602783e-02
1.828988268971443176e-02
1.423794329166412354e-01
1.813137903809547424e-02
6.218317523598670959e-02
3.708380088210105896e-02
1.231569647789001465e-01
8.106081932783126831e-02
6.147046014666557312e-02
4.422757402062416077e-02
2.293579652905464172e-02
7.474207784980535507e-03
3.545353561639785767e-02
5.127482861280441284e-02
1.681751161813735962e-01
7.631188631057739258e-02
8.602810651063919067e-02
8.025926351547241211e-02
6.717248260974884033e-02
2.694569230079650879e-01
3.969788178801536560e-02
6.118425354361534119e-02
1.008152142167091370e-01
4.339016973972320557e-02
1.584402769804000854e-01
4.439010098576545715e-02
4.158546775579452515e-02
8.921030908823013306e-02
5.795599520206451416e-02
1.349401324987411499e-01
7.331600040197372437e-02
2.770620211958885193e-02
3.138739243149757385e-02
4.888848960399627686e-02
1.120178028941154480e-01
6.828314065933227539e-02
8.670180290937423706e-02
9.684139490127563477e-02
1.584512889385223389e-01
2.756986916065216064e-01
1.005349606275558472e-01
1.238383799791336060e-01
1.062288135290145874e-01
4.065123200416564941e-02
7.400044053792953491e-02
5.334823951125144958e-02
6.599617749452590942e-02
6.052986159920692444e-02
8.016791939735412598e-02
9.285780042409896851e-02
6.015925109386444092e-02
5.822017788887023926e-02
7.404316961765289307e-02
9.881167113780975342e-02
2.547869458794593811e-02
1.227461621165275574e-01
3.988223522901535034e-02
2.466432191431522369e-02
9.139152616262435913e-02
4.543748870491981506e-02
7.467118650674819946e-02
7.768401503562927246e-02
1.147914677858352661e-01
8.233711123466491699e-02
1.451233774423599243e-01
9.400321543216705322e-02
9.746750444173812866e-02
1.650065630674362183e-01
5.379059910774230957e-02
6.342847645282745361e-02
8.830502629280090332e-02
7.488851994276046753e-02
1.146051362156867981e-01
7.076822966337203979e-02
1.018458530306816101e-01
2.195656150579452515e-01
1.471764594316482544e-01
2.408841252326965332e-02
3.286064565181732178e-01
1.504379957914352417e-01
1.912885904312133789e-02
1.216553300619125366e-01
7.318869978189468384e-02
1.059808582067489624e-01
7.368415594100952148e-01
1.654379814863204956e-01
3.265223652124404907e-02
7.237819582223892212e-02
5.249504372477531433e-02
6.862898170948028564e-02
6.301493942737579346e-02
6.211064383387565613e-02
1.902428716421127319e-01
7.084968686103820801e-02
6.354694813489913940e-02
5.873452126979827881e-02
9.976161718368530273e-01
9.974800944328308105e-01
6.814179569482803345e-02
3.327447175979614258e-02
2.270689792931079865e-02
1.605575531721115112e-02
1.846169494092464447e-02
1.452774703502655029e-01
4.549013823270797729e-02
1.582267284393310547e-01
6.995230913162231445e-02
1.406203303486108780e-02
6.690801680088043213e-02
1.925852894783020020e-01
1.558344960212707520e-01
7.133029401302337646e-02
1.431435197591781616e-01
5.385995507240295410e-01
1.093710809946060181e-01
3.618266433477401733e-02
4.580793157219886780e-02
7.145688682794570923e-02
3.515086174011230469e-01
8.110659569501876831e-02
5.189125537872314453e-01
1.241999268531799316e-01
8.911806344985961914e-02
7.509558647871017456e-02
4.477134719491004944e-02
8.928862959146499634e-02
8.294353634119033813e-02
4.354875907301902771e-02
1.445135325193405151e-01
1.040750592947006226e-01
3.069025464355945587e-02
4.310126975178718567e-02
5.219837650656700134e-02
2.831396274268627167e-02
4.765700176358222961e-02
1.032291278243064880e-01
4.552627354860305786e-02
4.353214055299758911e-02
1.926591247320175171e-01
6.136853098869323730e-01
3.148810267448425293e-01
6.406652182340621948e-02
1.469033956527709961e-01
3.153844922780990601e-02
1.105611771345138550e-01
6.370228528976440430e-02
8.300559967756271362e-02
7.312338333576917648e-03
1.168136019259691238e-02
2.995593845844268799e-02
2.500351704657077789e-02
6.919839978218078613e-01
9.307202696800231934e-02
8.864445090293884277e-01
1.501527875661849976e-01
1.747350394725799561e-01
5.257385596632957458e-02
6.421134620904922485e-02
2.152449451386928558e-02
1.029202416539192200e-01
2.838045954704284668e-01
2.760120630264282227e-01
1.107264831662178040e-01
5.214269459247589111e-02
7.132947444915771484e-02
6.498759239912033081e-02
9.907592833042144775e-02
1.133843809366226196e-01
2.086618691682815552e-01
1.270284354686737061e-01
3.346582949161529541e-01
3.209652751684188843e-02
5.899988859891891479e-02
5.737071856856346130e-02
6.930452585220336914e-02
6.276513636112213135e-02
1.187481135129928589e-01
1.435296237468719482e-01
5.920109897851943970e-02
5.611069872975349426e-02
5.715929716825485229e-02
7.125528156757354736e-02
7.190629839897155762e-02
1.108147129416465759e-01
4.742455855011940002e-02
5.627015605568885803e-02
2.907258085906505585e-02
2.262957952916622162e-02
5.725454539060592651e-02
6.877928972244262695e-02
9.140603989362716675e-02
1.074386164546012878e-01
8.829485625028610229e-02
5.053444951772689819e-02
1.576165109872817993e-02
1.185118313878774643e-02
1.343624107539653778e-02
1.856688559055328369e-01
4.863531887531280518e-02
7.300008088350296021e-02
9.997699409723281860e-02
7.724902033805847168e-02
1.009352579712867737e-01
5.202844142913818359e-01
4.599013552069664001e-02
3.014979511499404907e-02
1.722086966037750244e-01
7.946301251649856567e-02
6.259547919034957886e-02
8.169774711132049561e-02
3.656977042555809021e-02
9.123007953166961670e-02
4.982364475727081299e-01
7.084791362285614014e-02
4.929017275571823120e-02
1.839702129364013672e-01
5.869679525494575500e-02
7.641229033470153809e-02
8.912764489650726318e-02
4.283561557531356812e-02
4.096156358718872070e-02
7.985083758831024170e-02
9.962521195411682129e-01
1.121769174933433533e-01
5.647449567914009094e-02
5.442431569099426270e-02
4.006550908088684082e-01
5.741493105888366699e-01
3.678227588534355164e-02
5.112435668706893921e-02
7.725840061902999878e-02
9.055376052856445312e-02
9.344252943992614746e-02
2.397521957755088806e-02
3.482419997453689575e-02
1.390797551721334457e-02
1.200669929385185242e-01
1.036359295248985291e-01
7.117422670125961304e-02
4.086544737219810486e-02
1.981726475059986115e-02
1.069116815924644470e-01
3.448610752820968628e-02
5.353125557303428650e-02
5.524866580963134766e-01
5.176638960838317871e-01
6.303106248378753662e-02
5.179788172245025635e-02
1.500493437051773071e-01
1.582457721233367920e-01
7.380788773298263550e-02
8.424346335232257843e-03
2.827337384223937988e-02
3.368244692683219910e-02
4.072640836238861084e-02
2.841621264815330505e-02
2.781331539154052734e-01
5.927799269556999207e-02
9.911365807056427002e-02
5.429660901427268982e-02
4.885789752006530762e-02
1.308014839887619019e-01
5.434654951095581055e-01
4.510599747300148010e-02
3.152192011475563049e-02
6.253720819950103760e-02
9.283442795276641846e-02
1.164618041366338730e-02
3.205940499901771545e-02
3.532160818576812744e-02
1.370277553796768188e-01
8.264020830392837524e-02
6.069794297218322754e-02
9.270936995744705200e-02
7.772590965032577515e-02
5.114851146936416626e-02
6.400752812623977661e-02
4.125042855739593506e-01
5.723654031753540039e-01
3.790828213095664978e-02
7.654929906129837036e-02
6.927289813756942749e-02
1.261429786682128906e-01
8.394315093755722046e-02
8.246418833732604980e-02
2.502605505287647247e-02
2.662996351718902588e-01
5.234242975711822510e-02
8.094591647386550903e-02
8.186417818069458008e-02
1.275398433208465576e-01
5.621403828263282776e-02
2.576451897621154785e-01
9.475616365671157837e-02
9.116186760365962982e-03
7.959383726119995117e-02
2.074642479419708252e-01
5.491696670651435852e-02
5.653796344995498657e-02
6.459016352891921997e-02
1.131832227110862732e-01
6.351223587989807129e-02
4.705221578478813171e-02
4.063929617404937744e-02
8.666688203811645508e-02
2.861186303198337555e-02
5.045048147439956665e-02
7.357733696699142456e-02
5.422047898173332214e-02
1.199373751878738403e-01
6.099636107683181763e-02
9.580793976783752441e-01
3.457677736878395081e-02
1.884703338146209717e-01
5.071056485176086426e-01
7.738435268402099609e-02
2.933282591402530670e-02
9.055735170841217041e-02
5.018807947635650635e-02
7.562013342976570129e-03
2.121908962726593018e-02
1.384018212556838989e-01
3.227744251489639282e-02
4.227368161082267761e-02
4.504545032978057861e-02
4.365336149930953979e-02
2.302503213286399841e-02
3.704918548464775085e-02
1.002121940255165100e-01
6.217107549309730530e-02
6.736411154270172119e-02
2.309993468225002289e-02
5.728065967559814453e-02
1.292143762111663818e-01
5.741460993885993958e-02
5.879755690693855286e-02
1.016706451773643494e-01
1.131947040557861328e-01
1.091505587100982666e-02
6.993988901376724243e-02
7.117620855569839478e-02
3.376197218894958496e-01
3.847036063671112061e-01
1.076174527406692505e-01
6.256996989250183105e-01
7.997810244560241699e-01
1.195013672113418579e-01
7.373681664466857910e-02
5.009790509939193726e-02
4.489533603191375732e-02
4.151377454400062561e-02
6.873449683189392090e-02
3.793287277221679688e-02
4.771033301949501038e-02
8.452612906694412231e-02
8.384116739034652710e-02
3.776507824659347534e-02
4.045764356851577759e-02
7.558035850524902344e-02
8.891052007675170898e-02
9.105003476142883301e-01
2.489798143506050110e-02
2.095565386116504669e-02
7.523704320192337036e-02
1.281291693449020386e-01
2.870722301304340363e-02
9.554056823253631592e-02
1.067574247717857361e-01
1.686440110206604004e-01
1.497142761945724487e-01
7.439722120761871338e-02
1.832951456308364868e-01
8.609773218631744385e-02
1.193428635597229004e-01
2.254923582077026367e-01
9.021662920713424683e-02
5.944873392581939697e-02
2.106300182640552521e-02
6.786878407001495361e-02
5.577015876770019531e-02
2.117845974862575531e-02
3.769687563180923462e-02
2.931265719234943390e-02
1.035579890012741089e-01
6.587024033069610596e-02
9.021921455860137939e-02
3.826757520437240601e-02
1.632980257272720337e-01
6.223530322313308716e-02
7.481706142425537109e-02
8.426657915115356445e-01
3.906239569187164307e-02
1.143686920404434204e-01
6.043363362550735474e-02
1.194867305457592010e-02
1.710639894008636475e-02
4.106331616640090942e-02
3.528442978858947754e-02
5.008540302515029907e-02
6.497967988252639771e-02
6.456795334815979004e-02
2.043265700340270996e-01
7.383466511964797974e-02
5.581263825297355652e-02
4.646463319659233093e-02
4.528005048632621765e-02
1.357792019844055176e-01
6.046218052506446838e-02
1.866609305143356323e-01
1.905915439128875732e-01
1.141148209571838379e-01
1.182936802506446838e-01
8.594582229852676392e-02
1.258206069469451904e-01
7.315963506698608398e-03
3.708092495799064636e-02
2.516972459852695465e-02
1.567403972148895264e-01
1.371473520994186401e-01
1.236447226256132126e-02
1.952558197081089020e-02
2.249775640666484833e-02
8.045154809951782227e-02
4.050725698471069336e-02
5.831421539187431335e-02
8.153340779244899750e-03
5.928753688931465149e-02
5.934677720069885254e-01
1.978003233671188354e-01
1.053912937641143799e-01
9.516987949609756470e-02
6.367114186286926270e-02
1.021493226289749146e-01
1.296292543411254883e-01
3.950478136539459229e-01
1.149282082915306091e-01
1.581643670797348022e-01
1.824633330106735229e-01
2.299814373254776001e-01
9.860876202583312988e-01
9.997945427894592285e-01
9.744992852210998535e-01
1.540182381868362427e-01
7.096925377845764160e-02
2.190938889980316162e-01
1.145807504653930664e-01
1.142725870013237000e-01
7.088249921798706055e-02
1.216858550906181335e-01
5.711670592427253723e-02
1.237467750906944275e-01
1.814769655466079712e-01
8.009599894285202026e-02
8.709051460027694702e-02
5.778853595256805420e-02
2.494554780423641205e-02
4.947233945131301880e-02
6.633539497852325439e-02
1.443967521190643311e-01
9.361480921506881714e-02
1.865181326866149902e-01
6.781595200300216675e-02
2.239332050085067749e-01
2.602367103099822998e-01
9.317389130592346191e-02
6.577298045158386230e-02
1.040292680263519287e-01
8.680459856986999512e-02
5.475899204611778259e-02
1.101426631212234497e-01
3.773744031786918640e-02
3.523984923958778381e-02
3.531069308519363403e-02
5.469432473182678223e-02
8.436068892478942871e-02
6.259176135063171387e-02
4.116666316986083984e-02
7.188162207603454590e-02
1.242833063006401062e-01
9.992508590221405029e-02
1.533684134483337402e-01
2.611077204346656799e-02
1.705166138708591461e-02
1.934431120753288269e-02
8.168816566467285156e-02
1.465645283460617065e-01
1.762623488903045654e-01
4.505099728703498840e-02
2.652215212583541870e-02
7.478812336921691895e-02
2.727261781692504883e-01
1.905998289585113525e-01
1.156241223216056824e-01
1.239183172583580017e-01
4.508334770798683167e-02
1.377135515213012695e-02
1.638340055942535400e-01
6.931224465370178223e-02
8.222687989473342896e-02
7.004636526107788086e-02
6.440544873476028442e-02
2.504347264766693115e-02
2.582232095301151276e-02
3.755915910005569458e-02
1.312106698751449585e-01
3.224950134754180908e-01
5.880359932780265808e-02
4.712762683629989624e-02
1.743621751666069031e-02
7.535959035158157349e-02
8.883962780237197876e-02
4.285062476992607117e-02
5.365915223956108093e-02
1.042137667536735535e-01
8.819151669740676880e-02
9.822779148817062378e-02
1.395663172006607056e-01
1.406682133674621582e-01
1.560817807912826538e-01
9.716451168060302734e-02
1.680868566036224365e-01
8.857717365026473999e-02
8.062864094972610474e-02
4.582024365663528442e-02
5.379035696387290955e-02
5.016538873314857483e-02
3.632099553942680359e-02
1.137943640351295471e-01
2.612248659133911133e-01
6.983982324600219727e-01
7.468935847282409668e-01
9.542971849441528320e-01
9.722503423690795898e-01
5.817696452140808105e-02
7.431942969560623169e-02
1.805564016103744507e-01
5.063552856445312500e-01
8.826747536659240723e-01
4.216871783137321472e-02
5.545451492071151733e-02
6.271158158779144287e-02
6.352797895669937134e-02
3.886726498603820801e-02
3.593207895755767822e-02
3.952323645353317261e-02
3.766779974102973938e-02
9.667035192251205444e-02
7.402813434600830078e-02
3.828741982579231262e-02
7.453265041112899780e-02
1.842044293880462646e-01
2.182385027408599854e-01
7.340595126152038574e-02
7.807490229606628418e-02
2.130088210105895996e-01
7.362060248851776123e-02
5.950886756181716919e-02
9.990298002958297729e-02
1.106994450092315674e-01
4.140293225646018982e-02
1.158833578228950500e-01
1.204281970858573914e-01
1.301778107881546021e-01
5.934231281280517578e-01
4.989997297525405884e-02
4.292663559317588806e-02
5.006779357790946960e-02
2.895991317927837372e-02
6.217031553387641907e-02
1.064862310886383057e-01
9.153524041175842285e-02
6.256473809480667114e-02
4.231043532490730286e-02
6.184932962059974670e-02
5.464980751276016235e-02
7.511079311370849609e-02
1.050981804728507996e-01
6.579940021038055420e-02
2.033554017543792725e-01
6.301283091306686401e-02
8.849404007196426392e-02
6.285468582063913345e-03
5.360541120171546936e-02
5.084839463233947754e-02
4.349895566701889038e-02
3.617760166525840759e-02
9.722430258989334106e-02
9.755317866802215576e-02
2.848662436008453369e-02
1.284916847944259644e-01
6.802448630332946777e-02
1.941221393644809723e-02
4.299375694245100021e-03
3.376963734626770020e-02
1.119376718997955322e-01
9.520210325717926025e-03
1.035663578659296036e-02
5.701420083642005920e-02
1.706662923097610474e-01
1.888761818408966064e-01
7.414156943559646606e-02
1.402776837348937988e-01
1.296412795782089233e-01
1.421009898185729980e-01
3.615210950374603271e-02
3.830294311046600342e-01
2.092949301004409790e-01
6.169119477272033691e-02
3.045149445533752441e-01
3.498948812484741211e-01
5.332605168223381042e-02
1.989389210939407349e-01
6.893794983625411987e-02
3.064747713506221771e-02
5.605090036988258362e-02
8.194761723279953003e-02
9.488725662231445312e-02
6.132810935378074646e-02
5.230503529310226440e-02
1.123345047235488892e-01
5.666350200772285461e-02
1.032478511333465576e-01
5.267518758773803711e-02
5.932801961898803711e-02
1.223309040069580078e-01
5.407615378499031067e-02
2.292353473603725433e-02
3.010768815875053406e-02
4.581798985600471497e-02
4.867102950811386108e-02
1.045139133930206299e-01
7.963978499174118042e-02
7.662834972143173218e-02
1.352460682392120361e-01
8.998198807239532471e-02
4.948461428284645081e-02
1.075631454586982727e-01
3.394100815057754517e-02
1.384522318840026855e-01
7.534922659397125244e-02
8.448912203311920166e-02
9.497120380401611328e-01
7.111930102109909058e-02
3.528969734907150269e-02
5.783718451857566833e-02
7.855777442455291748e-02
1.066167429089546204e-01
8.687900900840759277e-01
5.862021446228027344e-02
1.212661489844322205e-01
9.924743324518203735e-02
3.682197630405426025e-02
7.214283943176269531e-02
6.663498282432556152e-02
9.166784584522247314e-02
4.114994108676910400e-01
4.108099639415740967e-01
6.645999848842620850e-02
4.687620326876640320e-02
5.016409233212471008e-02
4.704506322741508484e-02
1.095310598611831665e-01
8.533406257629394531e-02
2.713148593902587891e-01
4.210608303546905518e-01
1.755691878497600555e-02
9.987223744392395020e-01
9.990323781967163086e-01
4.218951985239982605e-02
6.092430278658866882e-02
2.083681076765060425e-01
5.039726197719573975e-02
3.778557479381561279e-02
4.834914207458496094e-02
6.982968002557754517e-02
8.205523341894149780e-02
1.435584425926208496e-01
2.293923310935497284e-02
6.174649298191070557e-02
5.427671968936920166e-02
6.481145322322845459e-02
4.422468319535255432e-02
3.406172245740890503e-02
5.993383377790451050e-02
4.554503038525581360e-02
1.131855398416519165e-01
5.017956718802452087e-02
1.574606597423553467e-01
5.662074685096740723e-02
6.094919145107269287e-02
9.999988079071044922e-01
5.913996696472167969e-02
5.568683147430419922e-02
3.036230057477951050e-02
1.819353364408016205e-02
4.172540828585624695e-02
5.380095243453979492e-01
3.247592449188232422e-01
9.285151958465576172e-02
1.096173375844955444e-01
8.329378068447113037e-02
6.913565099239349365e-02
1.529761869460344315e-02
9.938764385879039764e-03
1.163224726915359497e-01
6.886442750692367554e-02
9.453517943620681763e-02
5.545843765139579773e-02
9.771008044481277466e-02
7.470379769802093506e-02
6.119322404265403748e-02
5.518275126814842224e-02
9.747906774282455444e-02
9.656695276498794556e-02
3.093913495540618896e-01
8.781938999891281128e-02
5.974887311458587646e-02
1.766410283744335175e-02
1.089037656784057617e-01
4.152581393718719482e-01
4.204893112182617188e-02
6.105390936136245728e-02
4.267555475234985352e-02
6.262261420488357544e-02
6.972648203372955322e-02
8.172939717769622803e-02
4.610112681984901428e-02
3.850792348384857178e-02
4.706556722521781921e-02
9.393508546054363251e-03
4.373461380600929260e-02
3.608233481645584106e-02
1.185957808047533035e-02
2.168119885027408600e-02
7.004623115062713623e-02
3.239356726408004761e-02
5.670502036809921265e-02
6.649959087371826172e-02
7.215827703475952148e-02
4.800391942262649536e-02
1.027942821383476257e-01
3.841494768857955933e-02
1.335987001657485962e-01
2.696899324655532837e-02
1.303825974464416504e-01
8.093731105327606201e-02
2.183671295642852783e-01
1.989224739372730255e-02
1.308341324329376221e-02
4.821194335818290710e-02
2.510735094547271729e-01
9.777622669935226440e-02
8.835815638303756714e-02
3.576308861374855042e-02
1.343795806169509888e-01
9.974389076232910156e-01
9.458677768707275391e-01
1.431535780429840088e-01
1.694819778203964233e-01
5.315039157867431641e-01
4.445121884346008301e-01
6.685260683298110962e-02
1.021473631262779236e-01
9.690902382135391235e-02
4.114600270986557007e-02
1.384735554456710815e-01
8.178552985191345215e-02
1.925365030765533447e-01
6.989667564630508423e-02
7.091550529003143311e-02
3.668948262929916382e-02
5.703686550259590149e-02
5.446141958236694336e-02
6.461915373802185059e-02
7.129473984241485596e-02
5.839904397726058960e-02
8.033993840217590332e-02
1.220617070794105530e-01
8.912657946348190308e-02
6.607231497764587402e-02
1.159594655036926270e-01
2.440593242645263672e-01
4.009468108415603638e-02
3.677573800086975098e-02
7.540886104106903076e-02
7.177698612213134766e-02
1.169913038611412048e-01
9.987960010766983032e-02
1.526609212160110474e-01
6.737582385540008545e-02
6.397440284490585327e-02
4.491504132747650146e-01
9.965941309928894043e-01
1.970973014831542969e-01
4.819661751389503479e-02
1.554784029722213745e-01
4.969152435660362244e-02
9.420329332351684570e-02
3.863379731774330139e-02
4.172917306423187256e-01
3.122597634792327881e-01
4.634013399481773376e-02
6.164270266890525818e-02
1.437469422817230225e-01
8.515502810478210449e-01
2.740531563758850098e-01
1.337378323078155518e-01
6.959098577499389648e-02
2.698830366134643555e-01
5.614637956023216248e-02
5.425011739134788513e-02
6.851322203874588013e-02
6.277935951948165894e-02
4.696374759078025818e-02
3.774478286504745483e-02
3.338019177317619324e-02
3.152789920568466187e-02
2.869330719113349915e-02
5.005972832441329956e-02
7.211302965879440308e-02
1.061433926224708557e-01
7.972221076488494873e-02
1.196772977709770203e-01
2.124830037355422974e-01
7.048275321722030640e-02
6.099665910005569458e-02
3.485947847366333008e-02
1.009790748357772827e-01
4.994396120309829712e-02
1.098217740654945374e-01
1.199759095907211304e-01
6.327965855598449707e-02
6.459193676710128784e-02
5.125239491462707520e-02
9.636950492858886719e-02
9.824351668357849121e-01
9.970421195030212402e-01
5.893484875559806824e-02
9.695117920637130737e-02
1.443713456392288208e-01
8.026223629713058472e-02
9.730682522058486938e-02
8.504354208707809448e-02
4.973269253969192505e-02
5.756665393710136414e-02
1.193704307079315186e-01
2.444775849580764771e-01
9.481207281351089478e-02
1.103704273700714111e-01
1.280648559331893921e-01
1.211514249444007874e-01
5.878464132547378540e-02
2.024773806333541870e-01
3.598096966743469238e-01
7.623876631259918213e-02
4.922114312648773193e-02
1.077340990304946899e-01
3.756976500153541565e-02
4.619758576154708862e-02
1.762154549360275269e-01
4.663658887147903442e-02
1.438989788293838501e-01
7.699833512306213379e-01
9.317103773355484009e-02
1.005293503403663635e-01
9.401865303516387939e-02
5.700748786330223083e-02
1.570085287094116211e-01
2.971542179584503174e-01
4.330747202038764954e-02
5.264433473348617554e-02
7.048742473125457764e-02
7.331198453903198242e-02
9.922924041748046875e-01
9.999672174453735352e-01
6.953456997871398926e-02
6.448760628700256348e-02
5.684165656566619873e-02
2.896215207874774933e-02
4.787319898605346680e-02
1.258473694324493408e-01
1.125788390636444092e-01
1.587912440299987793e-01
1.528131067752838135e-01
1.496000736951828003e-01
3.809282183647155762e-02
4.634782671928405762e-02
2.914728038012981415e-02
1.080979183316230774e-01
4.011783748865127563e-02
2.547640539705753326e-02
2.644685469567775726e-02
9.894517809152603149e-02
2.184120416641235352e-01
1.973625868558883667e-01
6.425380706787109375e-02
6.280285120010375977e-02
5.246327444911003113e-02
7.957878708839416504e-02
3.591845333576202393e-01
8.420316129922866821e-02
9.897504746913909912e-02
5.572419986128807068e-02
5.564306676387786865e-02
5.408643558621406555e-02
9.462239593267440796e-02
1.170150414109230042e-01
6.850990653038024902e-02
3.771142661571502686e-02
4.320864006876945496e-02
6.550836563110351562e-02
6.309916079044342041e-02
3.641615062952041626e-02
8.951919525861740112e-02
6.944748014211654663e-02
6.092111766338348389e-02
4.186594113707542419e-02
7.033812254667282104e-02
1.312044560909271240e-01
5.362718552350997925e-02
6.325866281986236572e-02
1.923562437295913696e-01
6.953964382410049438e-02
9.548699110746383667e-02
1.150429993867874146e-01
5.736987665295600891e-02
4.531449824571609497e-02
9.233056008815765381e-02
1.559971868991851807e-01
9.717554450035095215e-01
3.959879279136657715e-01
3.343889862298965454e-02
5.027633532881736755e-02
1.174324005842208862e-01
1.542244255542755127e-01
3.472303599119186401e-02
7.024241238832473755e-02
1.119271218776702881e-01
6.212374567985534668e-02
8.326587826013565063e-02
1.600034832954406738e-01
1.536656767129898071e-01
1.772879064083099365e-01
8.311963826417922974e-02
1.390542834997177124e-01
1.218396350741386414e-01
4.046789929270744324e-02
1.126953810453414917e-01
7.573939114809036255e-02
8.823650330305099487e-02
3.827586770057678223e-01
1.238266229629516602e-01
3.389056026935577393e-01
6.767292320728302002e-02
7.849073410034179688e-02
4.760421440005302429e-02
9.248491376638412476e-02
4.152188450098037720e-02
7.693707197904586792e-02
1.089588925242424011e-01
5.998033657670021057e-02
3.243413195013999939e-02
5.078366771340370178e-02
1.087723299860954285e-01
2.598272264003753662e-02
5.927710235118865967e-02
6.924734264612197876e-02
2.418612875044345856e-02
9.017913788557052612e-02
5.137626081705093384e-02
1.422618776559829712e-01
7.791989296674728394e-02
7.016724348068237305e-02
1.391504406929016113e-01
3.705499321222305298e-02
4.872631281614303589e-02
2.656512558460235596e-01
1.090834811329841614e-01
6.782177686691284180e-01
2.612588368356227875e-02
3.573359176516532898e-02
7.002327591180801392e-02
5.682827532291412354e-02
6.073619425296783447e-02
4.547996446490287781e-02
8.009620010852813721e-02
1.106081306934356689e-01
3.808460384607315063e-02
1.871306002140045166e-01
1.161351203918457031e-01
1.339530348777770996e-01
8.871825039386749268e-02
8.069527149200439453e-02
1.068239808082580566e-01
1.698629260063171387e-01
6.505366563796997070e-01
6.351638436317443848e-01
8.301412314176559448e-02
9.905034303665161133e-01
9.291986227035522461e-01
1.039973869919776917e-01
9.862872213125228882e-02
6.623423844575881958e-02
9.335099905729293823e-02
8.096954226493835449e-02
2.044306695461273193e-01
1.178715080022811890e-01
1.116974502801895142e-01
6.957431882619857788e-02
7.048748433589935303e-02
2.405835390090942383e-01
6.189627647399902344e-01
5.542650818824768066e-02
2.012314051389694214e-01
1.807768195867538452e-01
8.247107267379760742e-01
5.914837121963500977e-01
9.965019673109054565e-02
1.331121623516082764e-01
8.089970052242279053e-02
1.887648105621337891e-01
4.763411357998847961e-02
2.444740831851959229e-01
8.558402210474014282e-02
7.296046614646911621e-02
5.772978439927101135e-02
1.114182174205780029e-01
2.377626895904541016e-01
8.910041302442550659e-02
4.792554304003715515e-02
1.883213035762310028e-02
3.626989945769309998e-02
1.042942553758621216e-01
6.470046192407608032e-02
4.192895069718360901e-02
7.416550070047378540e-02
1.464066952466964722e-01
1.069696396589279175e-01
6.311472058296203613e-01
5.971551313996315002e-02
1.510858070105314255e-02
7.983317598700523376e-03
4.831467941403388977e-02
1.199167147278785706e-01
2.298446297645568848e-01
4.070197045803070068e-02
2.497622184455394745e-02
4.932303354144096375e-02
1.046309620141983032e-01
3.398910760879516602e-01
6.352891027927398682e-02
3.856690973043441772e-02
5.923610180616378784e-02
8.388247340917587280e-02
8.224834501743316650e-02
1.105896830558776855e-01
4.795550182461738586e-02
2.017873972654342651e-01
4.244494438171386719e-02
7.231742143630981445e-02
9.575001150369644165e-02
2.702099643647670746e-02
1.562716066837310791e-01
5.300914868712425232e-02
7.768867164850234985e-02
4.009228572249412537e-02
1.054220423102378845e-01
1.304290145635604858e-01
2.585631795227527618e-02
1.180603727698326111e-01
7.102638483047485352e-02
4.649477824568748474e-02
6.269787997007369995e-02
4.302026703953742981e-02
5.806912481784820557e-02
1.457505021244287491e-02
9.776737540960311890e-02
1.083836704492568970e-01
8.775241672992706299e-02
2.673305869102478027e-01
7.117488980293273926e-02
1.409759279340505600e-02
3.515896573662757874e-02
2.107967436313629150e-02
8.078607171773910522e-02
6.118825450539588928e-02
2.656096033751964569e-02
2.955912426114082336e-02
2.331402525305747986e-02
6.050707101821899414e-01
1.555170118808746338e-01
4.954190924763679504e-02
6.469249725341796875e-02
1.707983165979385376e-01
2.067746371030807495e-01
1.386399418115615845e-01
4.183897748589515686e-02
7.065476477146148682e-02
5.752740800380706787e-02
4.318478330969810486e-02
6.360718607902526855e-02
1.737446710467338562e-02
3.516161441802978516e-01
6.999742984771728516e-02
1.306874752044677734e-01
6.886383891105651855e-02
1.039653047919273376e-01
3.100581765174865723e-01
5.605933070182800293e-01
2.878658175468444824e-01
1.403846740722656250e-01
9.998047947883605957e-01
5.816181004047393799e-02
1.512069813907146454e-02
1.036551967263221741e-02
1.195963993668556213e-01
2.591523826122283936e-01
1.696140319108963013e-01
3.918158411979675293e-01
1.036843061447143555e-01
4.759965464472770691e-02
1.064170449972152710e-01
5.293836444616317749e-02
6.876869499683380127e-02
4.234332218766212463e-02
6.854516267776489258e-02
4.731825739145278931e-02
1.368883997201919556e-01
1.959762424230575562e-01
1.139895059168338776e-02
1.322900205850601196e-01
1.862442791461944580e-01
9.110772609710693359e-02
6.028355285525321960e-02
4.679508879780769348e-02
1.048669368028640747e-01
8.227317035198211670e-02
5.494902655482292175e-02
7.113130390644073486e-02
1.167981028556823730e-01
7.971076667308807373e-02
1.131618693470954895e-01
3.071292042732238770e-01
6.130696833133697510e-02
1.560593396425247192e-01
2.028153464198112488e-02
2.610241807997226715e-02
2.105139940977096558e-02
9.487397968769073486e-03
5.842743441462516785e-02
3.142948448657989502e-02
9.664811939001083374e-02
8.094327151775360107e-02
6.076037883758544922e-02
6.662481278181076050e-02
8.054970949888229370e-02
7.937867045402526855e-01
7.735645771026611328e-01
1.735398620367050171e-01
8.408197015523910522e-02
4.022129997611045837e-02
1.882189363241195679e-01
1.224510893225669861e-01
3.197591602802276611e-01
1.306613087654113770e-01
6.885687261819839478e-02
3.696312382817268372e-02
3.058433160185813904e-02
7.783035188913345337e-02
1.978621184825897217e-01
8.754020929336547852e-01
7.744984328746795654e-02
6.526644527912139893e-02
3.891917690634727478e-02
5.586443468928337097e-02
3.087281584739685059e-01
5.582312345504760742e-01
8.974818140268325806e-02
3.105651400983333588e-02
5.109407380223274231e-02
3.025529347360134125e-02
9.181346744298934937e-02
8.935495465993881226e-02
1.172375082969665527e-01
5.793798342347145081e-02
5.122864618897438049e-02
4.913339391350746155e-02
5.779275298118591309e-02
1.519358009099960327e-01
1.445591747760772705e-01
7.585164159536361694e-02
6.090461462736129761e-02
4.138300567865371704e-02
6.816297024488449097e-02
8.881480991840362549e-02
1.580494455993175507e-02
5.632013082504272461e-02
3.708649575710296631e-01
3.726790845394134521e-01
1.369827389717102051e-01
2.893171273171901703e-02
9.477058053016662598e-02
4.606005847454071045e-01
4.179089963436126709e-01
6.114272773265838623e-02
2.001685947179794312e-01
4.275334253907203674e-02
8.044452071189880371e-01
1.228358149528503418e-01
5.811960995197296143e-02
4.587138816714286804e-02
1.183345168828964233e-01
1.083455905318260193e-01
1.423017233610153198e-01
3.490091115236282349e-02
1.797882169485092163e-01
6.021295115351676941e-02
3.773072361946105957e-02
4.615595936775207520e-02
7.038991898298263550e-02
6.372108459472656250e-01
7.002473622560501099e-02
7.073865830898284912e-02
9.898421168327331543e-02
1.219801083207130432e-01
1.444059312343597412e-01
4.168472066521644592e-02
3.724453970789909363e-02
2.258965373039245605e-01
6.756857633590698242e-01
7.460355758666992188e-02
7.242067456245422363e-01
1.040135174989700317e-01
9.197995811700820923e-02
2.464796900749206543e-01
2.967182099819183350e-01
4.221067577600479126e-02
7.273011654615402222e-02
6.733339279890060425e-02
4.838225245475769043e-02
8.922277092933654785e-01
8.746259808540344238e-01
9.838361293077468872e-02
7.343209534883499146e-02
1.232138499617576599e-01
7.470049709081649780e-02
6.591846048831939697e-02
1.401145458221435547e-01
1.001597791910171509e-01
3.888913989067077637e-02
8.523462712764739990e-02
7.498302310705184937e-02
9.176383912563323975e-02
1.160409525036811829e-01
8.983998000621795654e-02
5.358219519257545471e-02
2.135505229234695435e-01
1.883147209882736206e-01
9.002773463726043701e-02
7.887365818023681641e-01
8.436111360788345337e-02
1.154190301895141602e-01
6.761480867862701416e-02
2.259012125432491302e-02
2.907440960407257080e-01
7.148169726133346558e-02
5.861628055572509766e-02
2.069341242313385010e-01
2.094171755015850067e-02
7.435528188943862915e-02
6.506729871034622192e-02
7.496311515569686890e-02
8.371026068925857544e-02
1.646633148193359375e-01
2.216373383998870850e-01
9.833350777626037598e-02
8.731296658515930176e-02
6.060047075152397156e-02
9.780302047729492188e-01
9.731336832046508789e-01
1.016830950975418091e-01
1.248327363282442093e-02
2.704476937651634216e-02
9.762132540345191956e-03
3.302792459726333618e-02
9.256290644407272339e-02
4.708809033036231995e-02
5.280508846044540405e-02
7.652229070663452148e-02
3.436004742980003357e-02
5.509523302316665649e-02
2.391096949577331543e-01
1.039586290717124939e-01
8.792062848806381226e-02
3.523345664143562317e-02
9.740756452083587646e-02
3.170061483979225159e-02
4.860667586326599121e-01
5.121126770973205566e-01
7.693871855735778809e-02
9.791558980941772461e-02
3.461020067334175110e-02
1.975897848606109619e-01
7.293510437011718750e-02
9.267979860305786133e-02
4.953267276287078857e-01
4.555898308753967285e-01
1.595275849103927612e-02
4.363140836358070374e-02
1.860204339027404785e-02
4.946389421820640564e-02
6.454744189977645874e-02
1.926330775022506714e-01
9.292615205049514771e-02
5.529481917619705200e-02
2.647817730903625488e-01
1.350041180849075317e-01
2.913497760891914368e-02
4.134429246187210083e-02
1.208773553371429443e-01
6.427742540836334229e-02
8.443643152713775635e-02
5.953776463866233826e-02
4.568418487906455994e-02
6.801401078701019287e-02
9.823622554540634155e-02
7.190836966037750244e-02
3.243803977966308594e-02
4.518412798643112183e-02
1.230785697698593140e-01
8.368264883756637573e-02
6.811314821243286133e-02
6.940415501594543457e-02
4.615271836519241333e-02
1.010988280177116394e-01
4.123724624514579773e-02
9.146649390459060669e-02
9.927414357662200928e-02
3.112008981406688690e-02
2.970729768276214600e-02
9.467357397079467773e-02
8.957789838314056396e-02
5.949794128537178040e-02
7.046724855899810791e-02
6.777559220790863037e-02
1.523995548486709595e-01
8.977418392896652222e-02
3.772511705756187439e-02
1.166991591453552246e-01
5.135407671332359314e-02
4.650701954960823059e-02
6.152672693133354187e-02
7.744699716567993164e-02
7.344520092010498047e-02
8.392164707183837891e-01
3.070202283561229706e-02
8.471619337797164917e-02
3.007638156414031982e-01
2.684995234012603760e-01
1.523598134517669678e-01
1.214083209633827209e-01
9.790489077568054199e-02
5.130895227193832397e-02
2.452950179576873779e-01
1.277632564306259155e-01
1.218656003475189209e-01
3.761839494109153748e-02
3.355955332517623901e-02
4.837364703416824341e-02
3.317122906446456909e-02
3.103984892368316650e-02
5.800573900341987610e-02
8.620877563953399658e-02
5.715049430727958679e-02
9.177645295858383179e-02
1.947116404771804810e-01
7.950981706380844116e-02
6.414677947759628296e-02
1.603521108627319336e-01
6.060569733381271362e-02
5.473730340600013733e-02
5.574028566479682922e-02
1.250662058591842651e-01
1.085497215390205383e-01
7.757407426834106445e-02
1.728425770998001099e-01
1.248074471950531006e-01
7.019494771957397461e-01
6.543462723493576050e-02
9.078601002693176270e-02
6.150539517402648926e-01
1.192161068320274353e-01
1.012811660766601562e-01
2.562887221574783325e-02
6.471487879753112793e-02
8.303899317979812622e-02
2.244272083044052124e-01
6.000952795147895813e-02
4.541833698749542236e-02
3.889830783009529114e-02
8.151607960462570190e-02
3.058324381709098816e-02
1.077222228050231934e-01
5.808760412037372589e-03
1.465276628732681274e-02
4.601535573601722717e-02
3.994309157133102417e-02
9.591536521911621094e-01
9.691384434700012207e-02
1.112529560923576355e-01
1.905103214085102081e-02
2.351981028914451599e-02
1.772330328822135925e-02
2.597421035170555115e-02
5.656564980745315552e-02
4.948213696479797363e-02
4.454015567898750305e-02
2.787747234106063843e-02
4.105009138584136963e-02
9.599888324737548828e-02
6.329069286584854126e-02
3.968256339430809021e-02
3.891848400235176086e-02
1.391040161252021790e-02
4.591833800077438354e-02
2.298571765422821045e-01
5.720117315649986267e-02
1.479141563177108765e-01
1.364012360572814941e-01
7.021316140890121460e-02
5.302134528756141663e-02
7.489867806434631348e-01
9.738290309906005859e-01
9.728500247001647949e-02
1.384450122714042664e-02
6.512123346328735352e-02
1.704574190080165863e-02
1.460384428501129150e-01
6.083270534873008728e-02
4.823973476886749268e-01
6.471586823463439941e-01
1.953558474779129028e-01
6.286305934190750122e-02
4.095760360360145569e-02
5.009454861283302307e-02
1.508119106292724609e-01
4.014088213443756104e-01
1.077449172735214233e-01
7.901574671268463135e-02
2.593153342604637146e-02
9.838915430009365082e-03
3.675726242363452911e-03
1.991329342126846313e-02
4.785866290330886841e-02
8.102466166019439697e-02
4.109237343072891235e-02
1.468015611171722412e-01
3.526429831981658936e-02
2.596211247146129608e-02
8.407199755311012268e-03
1.036792155355215073e-02
1.229661777615547180e-01
3.907651081681251526e-02
1.186689436435699463e-01
1.817816793918609619e-01
2.615597844123840332e-01
9.327411651611328125e-02
2.653347328305244446e-02
1.561986356973648071e-01
1.399599313735961914e-01
1.862656623125076294e-01
7.580800354480743408e-02
4.067680984735488892e-02
5.668131634593009949e-02
8.734810352325439453e-02
1.137180551886558533e-01
6.915791034698486328e-01
1.633767336606979370e-01
7.994925975799560547e-02
1.151373758912086487e-01
1.842685639858245850e-01
7.170674949884414673e-02
2.923365831375122070e-01
3.588453680276870728e-02
8.934882283210754395e-02
1.105171516537666321e-01
2.529999054968357086e-02
4.236895963549613953e-02
8.901125192642211914e-02
7.498221099376678467e-02
3.712605237960815430e-01
7.980845570564270020e-01
2.786814235150814056e-02
7.059136033058166504e-02
1.042245700955390930e-01
7.297594547271728516e-01
9.993253946304321289e-01
1.058996319770812988e-01
4.956037923693656921e-02
4.331175610423088074e-02
6.307497620582580566e-02
7.579153031110763550e-02
5.027597397565841675e-02
5.122892186045646667e-02
7.777217030525207520e-02
1.079492792487144470e-01
4.604897275567054749e-02
2.280463874340057373e-01
8.452420681715011597e-02
5.827596038579940796e-02
3.194856643676757812e-01
2.985223196446895599e-02
3.054968081414699554e-02
7.620207965373992920e-02
4.835680499672889709e-02
8.435862511396408081e-02
1.710033044219017029e-02
6.162483990192413330e-02
8.919614553451538086e-02
6.740171462297439575e-02
2.383393608033657074e-02
7.079876959323883057e-03
3.499896824359893799e-02
2.152387239038944244e-02
8.247011899948120117e-02
4.569144248962402344e-01
2.583984136581420898e-01
7.179956138134002686e-02
5.703670531511306763e-02
1.228884309530258179e-01
4.358513653278350830e-01
1.198786050081253052e-01
2.667595818638801575e-02
5.073717609047889709e-02
1.031062379479408264e-01
4.086094349622726440e-02
1.101710423827171326e-01
8.137647062540054321e-02
1.485244035720825195e-01
3.250312209129333496e-01
5.994912981986999512e-02
1.008561551570892334e-01
3.471099585294723511e-02
8.590774983167648315e-02
1.260924190282821655e-01
1.098010763525962830e-01
2.864893078804016113e-01
4.025319963693618774e-02
6.932516396045684814e-02
5.072462558746337891e-02
1.662950366735458374e-01
6.165068969130516052e-02
3.469701111316680908e-02
6.122333556413650513e-02
1.011222228407859802e-01
7.252943515777587891e-02
4.537324979901313782e-02
5.545163899660110474e-02
8.030614256858825684e-02
2.095487155020236969e-02
8.845858573913574219e-01
7.272695004940032959e-02
7.180880755186080933e-02
1.994721442461013794e-01
7.364208698272705078e-01
1.572666615247726440e-01
2.465546689927577972e-02
6.390215456485748291e-02
2.673672437667846680e-01
3.262731060385704041e-02
1.179493665695190430e-01
3.489993885159492493e-02
1.783736795186996460e-01
4.555621147155761719e-01
6.979472935199737549e-02
4.576216265559196472e-02
5.053416267037391663e-02
4.186106100678443909e-02
6.278372555971145630e-02
4.153680428862571716e-02
3.876633569598197937e-02
5.464671179652214050e-02
5.286893248558044434e-02
3.612268343567848206e-02
5.922581627964973450e-02
1.217642053961753845e-01
6.930793821811676025e-02
7.011339813470840454e-02
6.635611504316329956e-02
2.934674620628356934e-01
1.867668181657791138e-01
1.423273831605911255e-01
3.719946742057800293e-01
3.821921721100807190e-02
8.603052049875259399e-02
5.119866132736206055e-02
6.255276501178741455e-02
8.384735882282257080e-02
3.988842070102691650e-01
4.771686196327209473e-01
1.029255241155624390e-01
6.710626929998397827e-02
2.784236371517181396e-01
4.272944107651710510e-02
8.331917971372604370e-02
4.036644473671913147e-02
4.245422184467315674e-01
8.449494838714599609e-02
2.724123932421207428e-02
1.203987300395965576e-01
3.031585812568664551e-01
2.607175409793853760e-01
6.471956521272659302e-02
3.451122343540191650e-02
5.918521806597709656e-02
4.348423704504966736e-02
1.562537997961044312e-01
4.073080420494079590e-02
7.364097982645034790e-02
3.153540492057800293e-01
8.807612657546997070e-01
9.594283998012542725e-02
1.328961998224258423e-01
6.454712152481079102e-02
8.552427589893341064e-02
5.990928784012794495e-02
8.538283407688140869e-02
6.044571474194526672e-02
1.135287210345268250e-01
5.796084925532341003e-02
1.298924088478088379e-01
7.860252261161804199e-02
6.209194660186767578e-02
3.681953996419906616e-02
6.028883531689643860e-02
8.134457468986511230e-02
4.338343068957328796e-02
5.493110045790672302e-03
8.871036581695079803e-03
1.852910593152046204e-02
6.345296651124954224e-02
9.676062315702438354e-02
8.505248278379440308e-02
2.278084866702556610e-02
6.868530064821243286e-02
7.557284832000732422e-02
3.623625636100769043e-02
1.553592234849929810e-01
1.167692542076110840e-01
9.069096297025680542e-02
1.016177982091903687e-01
4.858724400401115417e-02
4.410556983202695847e-03
6.104363128542900085e-02
5.331450328230857849e-02
8.237774670124053955e-02
9.250211715698242188e-02
2.208849415183067322e-02
9.736996889114379883e-02
6.782819330692291260e-02
7.692172378301620483e-02
5.774837359786033630e-02
2.039586380124092102e-02
6.254867464303970337e-02
4.914952814579010010e-02
9.290818870067596436e-02
4.747117757797241211e-01
9.006553292274475098e-01
1.174725294113159180e-01
4.178589582443237305e-01
1.135690733790397644e-01
7.465694099664688110e-02
8.695676177740097046e-02
9.929072856903076172e-02
2.403027564287185669e-02
7.555180042982101440e-02
6.363686919212341309e-02
6.232169643044471741e-02
7.849582284688949585e-02
5.315105989575386047e-02
1.041071861982345581e-01
8.310493826866149902e-02
1.075188070535659790e-01
7.388261705636978149e-02
6.078273802995681763e-02
8.785642683506011963e-03
4.700635001063346863e-02
7.403347641229629517e-02
4.780784249305725098e-02
3.727125003933906555e-02
8.976539969444274902e-02
7.602442055940628052e-02
8.745233714580535889e-02
8.649590611457824707e-02
5.243726447224617004e-02
6.842517293989658356e-03
2.757852151989936829e-02
1.700866967439651489e-02
6.257926672697067261e-02
1.906793266534805298e-01
4.031164571642875671e-02
2.379977889358997345e-02
1.102214828133583069e-01
1.429800540208816528e-01
8.038134127855300903e-02
6.658758968114852905e-02
4.281205311417579651e-02
2.673615217208862305e-01
1.407673954963684082e-01
1.823010444641113281e-01
7.394372671842575073e-02
9.982683658599853516e-01
7.085117697715759277e-02
5.637328028678894043e-01
2.274665981531143188e-02
6.837294902652502060e-03
2.076549381017684937e-01
8.855266124010086060e-02
8.990030735731124878e-02
1.615247130393981934e-02
4.018999170511960983e-03
3.842521831393241882e-02
1.242247596383094788e-01
8.361309766769409180e-02
1.142511963844299316e-01
8.309565484523773193e-02
3.824676945805549622e-02
4.187402725219726562e-01
1.915737092494964600e-01
6.059244275093078613e-01
1.561705321073532104e-01
5.135634541511535645e-02
6.988257169723510742e-02
2.950995042920112610e-02
4.741472750902175903e-02
7.095266878604888916e-02
1.526035666465759277e-01
2.037582919001579285e-02
1.574755087494850159e-02
3.543712571263313293e-02
1.016444638371467590e-01
6.593980640172958374e-02
6.620350480079650879e-02
2.485366761684417725e-01
1.026667505502700806e-01
1.000739634037017822e-01
3.814799487590789795e-01
4.084894806146621704e-02
7.567406445741653442e-02
1.071179509162902832e-01
8.062169700860977173e-02
2.237532734870910645e-01
1.075747087597846985e-01
1.029481291770935059e-01
5.133777391165494919e-03
1.664638146758079529e-02
1.286580711603164673e-01
3.266977891325950623e-02
3.021520674228668213e-01
1.817885190248489380e-01
3.799947351217269897e-02
8.191327750682830811e-02
6.728274375200271606e-02
3.720053657889366150e-02
6.345159560441970825e-02
9.084849804639816284e-02
6.828201562166213989e-02
3.994359448552131653e-02
3.555054217576980591e-02
8.930864930152893066e-02
6.637753546237945557e-02
8.563431352376937866e-02
7.222344726324081421e-02
1.203615963459014893e-01
6.964968889951705933e-02
9.290866553783416748e-02
1.029648855328559875e-01
3.512830659747123718e-02
1.786767542362213135e-01
9.536565095186233521e-02
7.743260264396667480e-02
4.847013205289840698e-02
1.318448334932327271e-01
1.712741851806640625e-01
5.510272458195686340e-02
7.700486481189727783e-02
6.256263703107833862e-02
1.138389706611633301e-01
1.749194413423538208e-01
6.408222019672393799e-02
3.071721084415912628e-02
7.693482935428619385e-02
6.043500080704689026e-02
1.346271783113479614e-01
3.840904682874679565e-02
1.267591714859008789e-01
4.899522289633750916e-02
6.481675058603286743e-02
3.145190328359603882e-02
1.006752848625183105e-01
3.220226615667343140e-02
1.455453038215637207e-01
4.667916893959045410e-02
7.577423751354217529e-02
2.050818502902984619e-02
1.131421178579330444e-01
7.650739699602127075e-02
5.530666559934616089e-02
4.839242994785308838e-02
7.350496947765350342e-02
2.984276115894317627e-01
6.899944692850112915e-02
5.029297247529029846e-02
7.103785127401351929e-02
9.023007750511169434e-02
1.806584186851978302e-02
1.799896545708179474e-02
6.891952455043792725e-02
8.095095306634902954e-02
6.155481934547424316e-02
1.046798005700111389e-01
2.913156524300575256e-02
5.965907499194145203e-02
3.720036894083023071e-02
7.323110103607177734e-02
6.033227965235710144e-02
8.992108702659606934e-02
9.135925769805908203e-02
6.457038968801498413e-02
6.964018940925598145e-02
2.129055112600326538e-01
1.021366715431213379e-01
1.134564131498336792e-01
2.380516938865184784e-02
3.866441249847412109e-01
1.349077969789505005e-01
8.760895580053329468e-02
5.984771251678466797e-02
2.299541234970092773e-01
2.586966753005981445e-01
7.695002853870391846e-02
4.991158470511436462e-02
4.896404221653938293e-02
6.333499401807785034e-02
4.125927016139030457e-02
8.443590402603149414e-01
6.990876793861389160e-02
3.004238940775394440e-02
2.451983978971838951e-03
1.070048473775386810e-02
2.740345299243927002e-01
6.160572543740272522e-02
2.857082709670066833e-02
5.780860781669616699e-02
2.854093722999095917e-02
7.818327844142913818e-02
7.263619452714920044e-02
1.380235552787780762e-01
5.691120401024818420e-03
2.346131950616836548e-02
4.730746895074844360e-02
7.447912544012069702e-02
1.035308837890625000e-01
3.847888484597206116e-02
7.637407630681991577e-02
3.565165400505065918e-02
7.777086645364761353e-02
3.634675964713096619e-02
1.295985728502273560e-01
5.645382776856422424e-02
5.773635953664779663e-02
7.331424951553344727e-02
9.315308183431625366e-02
3.688657283782958984e-02
3.119246959686279297e-01
4.346239566802978516e-02
5.142838507890701294e-02
7.695988565683364868e-02
2.555007040500640869e-01
1.068868786096572876e-01
6.948920339345932007e-02
1.233642622828483582e-01
5.536422133445739746e-02
9.523557126522064209e-02
5.492082610726356506e-02
3.351228311657905579e-02
5.715204030275344849e-02
6.506187468767166138e-02
2.453147917985916138e-01
4.716648533940315247e-02
6.769027560949325562e-02
9.601829200983047485e-02
5.969203636050224304e-02
5.118555575609207153e-02
8.550221472978591919e-02
7.468920201063156128e-02
2.316852100193500519e-02
9.401050955057144165e-02
6.333151459693908691e-02
8.835410326719284058e-02
1.127542778849601746e-01
1.707595288753509521e-01
1.037405133247375488e-01
1.350299417972564697e-01
7.934526354074478149e-02
7.088480889797210693e-02
9.112543612718582153e-02
7.402171194553375244e-02
1.293697357177734375e-01
3.380892425775527954e-02
2.062135003507137299e-02
3.420853614807128906e-02
5.501354485750198364e-02
7.592594623565673828e-02
7.963217049837112427e-02
4.971151053905487061e-02
6.594615429639816284e-02
3.845558688044548035e-02
1.772137284278869629e-01
3.010736405849456787e-01
4.102596342563629150e-01
1.184718590229749680e-02
1.065993905067443848e-01
1.818625330924987793e-01
2.944193966686725616e-02
1.061479747295379639e-01
1.076045632362365723e-01
8.096517920494079590e-01
9.302396178245544434e-01
1.013629287481307983e-01
3.232307732105255127e-02
1.027550548315048218e-02
8.121331036090850830e-02
4.007944092154502869e-02
6.543369591236114502e-02
1.792994886636734009e-01
3.179905191063880920e-02
7.417021691799163818e-02
7.487101107835769653e-02
8.590184152126312256e-02
8.129153400659561157e-02
6.605925410985946655e-02
8.553193509578704834e-02
4.213442280888557434e-02
5.118075758218765259e-02
5.671210214495658875e-02
8.824778348207473755e-02
5.961586162447929382e-02
8.793632686138153076e-02
3.678464516997337341e-02
4.895523563027381897e-02
6.661089509725570679e-02
2.424202300608158112e-02
1.046276986598968506e-01
9.434587508440017700e-02
1.546598225831985474e-01
9.043148905038833618e-02
5.916961655020713806e-02
1.312053799629211426e-01
2.402144670486450195e-01
8.558935672044754028e-02
2.806001156568527222e-02
2.022507600486278534e-02
2.573475241661071777e-02
6.195934861898422241e-02
9.209886938333511353e-02
8.947532624006271362e-02
3.569203987717628479e-02
1.000997796654701233e-01
1.727711409330368042e-01
1.101145073771476746e-01
9.920975565910339355e-02
4.295136630535125732e-01
1.815964281558990479e-01
2.537309192121028900e-02
8.993690013885498047e-01
1.272242367267608643e-01
7.828173786401748657e-02
5.402977392077445984e-02
5.261022448539733887e-01
1.562096625566482544e-01
8.790118992328643799e-02
1.159402579069137573e-01
1.285645961761474609e-01
2.534278035163879395e-01
5.395088195800781250e-01
2.275551855564117432e-02
1.027223616838455200e-01
1.275239586830139160e-01
4.011534899473190308e-02
1.289974898099899292e-01
3.646184131503105164e-02
3.500331565737724304e-02
6.004557013511657715e-02
7.297667115926742554e-02
4.235800355672836304e-02
1.304848194122314453e-01
1.602115184068679810e-01
1.761792786419391632e-02
7.171536330133676529e-03
1.093249246478080750e-01
6.593830883502960205e-02
6.962472200393676758e-02
4.536173492670059204e-02
4.732660949230194092e-02
5.074953287839889526e-02
1.397435367107391357e-01
5.534962192177772522e-02
2.118813693523406982e-01
2.854458242654800415e-02
7.585661113262176514e-02
1.576979644596576691e-02
2.285357937216758728e-02
8.736376464366912842e-02
7.843477278947830200e-02
4.724688082933425903e-02
4.545581340789794922e-02
1.095879524946212769e-01
2.329242378473281860e-01
3.775034472346305847e-02
5.852295458316802979e-02
3.508685156702995300e-02
3.701645135879516602e-02
1.235402468591928482e-02
4.174393415451049805e-02
9.588137269020080566e-03
5.215450376272201538e-02
3.265122696757316589e-02
2.450520917773246765e-02
8.907445520162582397e-02
1.046581715345382690e-01
8.208195865154266357e-02
8.205918967723846436e-02
5.823691189289093018e-02
8.488742262125015259e-02
1.749986708164215088e-01
1.061837077140808105e-01
1.592314988374710083e-01
7.733815163373947144e-02
4.317480325698852539e-02
5.098683014512062073e-02
2.966156005859375000e-01
8.069522976875305176e-01
2.063740044832229614e-02
5.820103883743286133e-01
1.049436777830123901e-01
8.109746128320693970e-02
7.216145098209381104e-02
7.328397780656814575e-02
4.616563022136688232e-02
3.700836002826690674e-02
1.184624806046485901e-01
1.063356772065162659e-01
8.935968577861785889e-02
9.129440039396286011e-02
1.962533034384250641e-02
1.929094269871711731e-02
2.628158405423164368e-02
1.493989974260330200e-01
8.758756518363952637e-01
1.022947505116462708e-01
4.443686828017234802e-02
4.577812552452087402e-02
1.627142131328582764e-01
9.471532702445983887e-01
9.012327343225479126e-02
3.386352956295013428e-01
3.179590031504631042e-02
6.716961413621902466e-02
9.408538043498992920e-02
4.834515228867530823e-02
2.132203578948974609e-01
9.594722092151641846e-02
5.430778861045837402e-02
1.022315546870231628e-01
5.871012434363365173e-02
9.867639839649200439e-02
5.201141536235809326e-02
6.834087520837783813e-02
6.031088531017303467e-02
6.392686069011688232e-02
1.205626726150512695e-01
3.063268773257732391e-02
8.033154159784317017e-02
4.924523830413818359e-02
4.638642072677612305e-02
1.164437010884284973e-01
1.352767199277877808e-01
8.448272347450256348e-01
2.149073593318462372e-02
2.373784333467483521e-01
2.494361810386180878e-02
1.217787563800811768e-01
2.407144010066986084e-01
7.225401401519775391e-01
9.566398710012435913e-02
1.460815519094467163e-01
5.891311168670654297e-02
5.167737975716590881e-02
6.301919370889663696e-02
1.228332072496414185e-01
8.907154947519302368e-02
1.279904544353485107e-01
2.390998601913452148e-02
1.145227104425430298e-01
3.272092938423156738e-01
7.737611979246139526e-02
5.915862694382667542e-02
7.725313305854797363e-02
5.027045309543609619e-02
4.917938634753227234e-02
8.447580784559249878e-02
2.162109687924385071e-02
1.341697108000516891e-02
3.232113271951675415e-02
2.536127902567386627e-02
6.153671443462371826e-02
4.457572102546691895e-02
5.234270170331001282e-02
5.358216539025306702e-02
6.684228777885437012e-02
5.829096585512161255e-02
5.018335208296775818e-02
2.742448635399341583e-02
6.032099202275276184e-02
6.737922132015228271e-02
3.715157210826873779e-01
9.412631392478942871e-02
2.491539865732192993e-01
4.210093617439270020e-02
3.962359577417373657e-02
1.065554022789001465e-01
9.736101329326629639e-02
6.870488077402114868e-02
8.218595385551452637e-02
8.227422833442687988e-02
7.881819456815719604e-02
8.353421092033386230e-02
4.613659903407096863e-02
1.160918325185775757e-01
1.858245283365249634e-01
5.701644718647003174e-02
1.061271876096725464e-01
5.303863808512687683e-02
6.024436280131340027e-02
2.191941253840923309e-02
2.681188099086284637e-02
9.371716529130935669e-03
8.638944476842880249e-02
1.109170690178871155e-01
2.371063269674777985e-02
5.233645811676979065e-02
5.068027414381504059e-03
7.007460575550794601e-03
3.997923061251640320e-02
4.405098408460617065e-02
4.681553319096565247e-02
9.606514871120452881e-02
7.246696949005126953e-02
6.736945360898971558e-02
5.117841064929962158e-02
1.463125795125961304e-01
5.975684151053428650e-02
3.970727920532226562e-01
3.223218023777008057e-01
2.026254236698150635e-01
4.011312872171401978e-02
7.575012743473052979e-02
9.922099113464355469e-01
9.991657733917236328e-01
9.781105071306228638e-02
5.949353799223899841e-02
1.462035477161407471e-01
1.414131671190261841e-01
3.836550191044807434e-02
7.928890734910964966e-02
1.207837015390396118e-01
9.065143018960952759e-02
5.221507512032985687e-03
8.505743928253650665e-03
4.805593937635421753e-02
8.641640096902847290e-02
7.164302468299865723e-02
5.218118801712989807e-02
9.433106333017349243e-02
2.381577640771865845e-01
4.182770550251007080e-01
9.189002960920333862e-02
1.093840673565864563e-01
8.208511769771575928e-02
2.168077677488327026e-01
9.843440353870391846e-02
6.446259468793869019e-02
5.435255914926528931e-02
9.630719572305679321e-02
1.773842424154281616e-01
1.454477012157440186e-01
5.935164913535118103e-02
1.734805107116699219e-01
1.567525714635848999e-01
5.730209872126579285e-02
1.121639236807823181e-01
5.748419463634490967e-02
5.966791510581970215e-02
3.453383445739746094e-01
4.547026455402374268e-01
6.027608364820480347e-02
1.242547035217285156e-01
4.838320985436439514e-02
1.219022423028945923e-01
1.002600416541099548e-01
5.901014059782028198e-02
2.754956856369972229e-02
2.934339828789234161e-02
1.525804996490478516e-01
9.983660578727722168e-01
3.589410185813903809e-01
5.839236080646514893e-02
5.199677869677543640e-02
1.113286465406417847e-01
8.841390162706375122e-02
7.602999359369277954e-02
7.689601182937622070e-02
1.069487780332565308e-01
1.826487109065055847e-02
9.957472681999206543e-01
9.810097813606262207e-01
4.151060432195663452e-02
4.674556478857994080e-02
5.358364433050155640e-02
6.170120090246200562e-02
4.761388897895812988e-02
3.236858546733856201e-01
2.227325364947319031e-02
8.969677090644836426e-01
9.926351904869079590e-01
2.719502337276935577e-02
1.257881801575422287e-02
8.757799863815307617e-02
1.022019535303115845e-01
6.247076392173767090e-02
5.510875955224037170e-02
7.955066859722137451e-02
1.140751466155052185e-01
6.300842016935348511e-02
1.798254102468490601e-01
1.237805262207984924e-01
1.451472789049148560e-01
1.796934008598327637e-01
7.382058352231979370e-02
2.874678671360015869e-01
6.245993375778198242e-01
3.586612641811370850e-02
3.874698281288146973e-02
8.288184553384780884e-02
1.425000876188278198e-01
4.879347980022430420e-02
1.089431270956993103e-01
7.371953129768371582e-02
7.425104826688766479e-02
1.158591080456972122e-02
2.680275589227676392e-03
1.914804987609386444e-02
5.549718812108039856e-02
4.563202336430549622e-02
2.614528536796569824e-01
1.029851064085960388e-01
8.272463828325271606e-02
5.799633264541625977e-01
8.041812777519226074e-01
4.905919730663299561e-02
4.611802846193313599e-02
5.640479177236557007e-02
1.441494375467300415e-01
7.817726582288742065e-02
8.123841881752014160e-02
4.564867913722991943e-02
2.977143414318561554e-02
2.368598803877830505e-02
2.223792672157287598e-02
1.932245679199695587e-02
1.165928840637207031e-01
3.776163980364799500e-02
2.470314800739288330e-01
2.245019227266311646e-01
4.238083213567733765e-02
8.022821694612503052e-02
1.078663393855094910e-01
1.702719777822494507e-01
5.448784828186035156e-01
1.267128288745880127e-01
6.346891075372695923e-02
1.422434896230697632e-01
6.567858159542083740e-02
7.018393278121948242e-02
1.046714633703231812e-01
4.366193339228630066e-02
6.184746325016021729e-02
9.600702673196792603e-02
6.938019394874572754e-02
6.364290416240692139e-02
5.393712595105171204e-02
3.311206027865409851e-02
1.208877265453338623e-01
9.839086979627609253e-02
1.215764805674552917e-01
1.578617244958877563e-01
5.378670692443847656e-01
2.550893276929855347e-02
8.189533650875091553e-02
1.183142215013504028e-01
1.709339618682861328e-01
9.842468798160552979e-02
6.604740768671035767e-02
2.258714139461517334e-01
1.889564692974090576e-01
2.224912308156490326e-02
6.103494763374328613e-02
3.311989083886146545e-02
3.675864264369010925e-02
1.345321163535118103e-02
5.645672231912612915e-02
2.605431675910949707e-01
4.213576391339302063e-02
3.686039894819259644e-02
4.789382219314575195e-02
5.510005634278059006e-03
4.117871448397636414e-02
8.262755721807479858e-02
2.234219945967197418e-02
1.064385622739791870e-01
8.986308425664901733e-02
5.323518440127372742e-02
1.139991581439971924e-01
3.068885505199432373e-01
3.269524127244949341e-02
8.940950036048889160e-03
6.213621050119400024e-02
3.294755518436431885e-02
1.292004734277725220e-01
7.387709617614746094e-02
1.216838732361793518e-01
3.240416049957275391e-01
6.721006333827972412e-02
7.117124646902084351e-02
1.072269082069396973e-01
3.032228648662567139e-01
4.973824024200439453e-01
1.650631278753280640e-01
6.963896751403808594e-02
5.060752481222152710e-02
1.692249439656734467e-02
1.973799616098403931e-02
1.178872287273406982e-01
8.931722491979598999e-02
2.547420188784599304e-02
3.374164551496505737e-02
1.732662320137023926e-02
6.862103939056396484e-02
3.073263913393020630e-02
1.233672052621841431e-01
9.992448985576629639e-02
5.550257861614227295e-02
7.822383940219879150e-02
9.921742975711822510e-02
9.283878654241561890e-02
7.261822372674942017e-02
1.648300588130950928e-01
1.186195015907287598e-01
7.771047949790954590e-02
4.415595158934593201e-02
8.516756445169448853e-02
4.176814481616020203e-02
1.322532594203948975e-01
9.506163001060485840e-02
7.773945331573486328e-01
9.853792190551757812e-02
8.540249615907669067e-02
2.722526192665100098e-01
5.207454040646553040e-02
9.061891585588455200e-02
1.016805469989776611e-01
1.430159956216812134e-01
5.524884536862373352e-02
2.309541553258895874e-01
1.852040290832519531e-01
1.118999067693948746e-02
1.676021516323089600e-02
5.089619755744934082e-02
1.549737155437469482e-01
9.906760603189468384e-02
1.076748147606849670e-01
2.587189525365829468e-02
1.642091386020183563e-02
9.185470640659332275e-02
8.863474428653717041e-02
6.671720743179321289e-02
1.063324660062789917e-01
9.490789473056793213e-02
3.120575472712516785e-02
1.973516345024108887e-01
1.718730777502059937e-01
7.893530651926994324e-03
2.218260429799556732e-02
2.432782948017120361e-02
2.640797011554241180e-02
6.097950935363769531e-01
5.878497958183288574e-01
8.512054383754730225e-02
9.285606145858764648e-01
3.708454221487045288e-02
6.896488368511199951e-02
6.616897881031036377e-02
5.053003132343292236e-02
8.585266768932342529e-02
3.058047220110893250e-02
3.297172114253044128e-02
2.231807447969913483e-02
2.311106324195861816e-01
8.035815507173538208e-02
1.893748641014099121e-01
1.386134028434753418e-01
5.409995466470718384e-02
1.009591445326805115e-01
7.247806340456008911e-02
1.047943010926246643e-01
9.930769205093383789e-01
1.052806675434112549e-01
8.820260316133499146e-02
2.496972233057022095e-01
7.075668312609195709e-03
1.803937740623950958e-02
5.505752190947532654e-02
2.503207027912139893e-01
5.508238822221755981e-02
4.213934019207954407e-02
5.246238783001899719e-02
7.797040045261383057e-02
2.446837164461612701e-02
5.867214873433113098e-02
2.239141985774040222e-02
1.376971788704395294e-02
1.457135286182165146e-02
5.929725989699363708e-02
1.232977584004402161e-02
1.088346261531114578e-02
2.343171462416648865e-02
1.138040795922279358e-01
7.140112668275833130e-02
8.621257543563842773e-02
5.754336342215538025e-02
6.941739469766616821e-02
7.269421964883804321e-02
3.247249126434326172e-02
9.836337715387344360e-02
7.406955957412719727e-02
6.284431368112564087e-02
7.550134509801864624e-02
6.146343424916267395e-02
2.827558293938636780e-02
6.155818700790405273e-02
8.085190504789352417e-02
2.038161754608154297e-01
4.005901142954826355e-02
2.960555069148540497e-02
9.599673002958297729e-02
4.929922521114349365e-02
6.378816813230514526e-02
1.210854351520538330e-01
4.849283397197723389e-02
5.161941796541213989e-02
4.928926005959510803e-02
8.938981592655181885e-02
5.196321383118629456e-02
5.674649402499198914e-02
4.049558192491531372e-02
3.555916994810104370e-02
4.028218984603881836e-02
4.386268183588981628e-02
4.303169250488281250e-02
1.673730462789535522e-01
8.592627197504043579e-02
8.285690844058990479e-02
5.154337286949157715e-01
6.198148429393768311e-02
7.044510543346405029e-02
6.294468790292739868e-02
8.866657316684722900e-02
7.757469266653060913e-02
1.032912265509366989e-02
1.404008176177740097e-02
3.146197274327278137e-02
8.987922966480255127e-02
6.403667479753494263e-02
9.562663733959197998e-02
2.498605288565158844e-02
4.652126226574182510e-03
1.134630944579839706e-02
1.409669034183025360e-02
3.898181393742561340e-02
5.456883832812309265e-02
1.080417558550834656e-01
1.138166040182113647e-01
7.380530983209609985e-02
6.435555964708328247e-02
1.123303323984146118e-01
1.338900625705718994e-01
8.200004696846008301e-02
8.252216875553131104e-02
1.124860197305679321e-01
1.607643812894821167e-02
5.922937393188476562e-02
5.166214704513549805e-01
5.753679573535919189e-02
5.279522389173507690e-02
1.262861341238021851e-01
1.132169291377067566e-01
8.196363598108291626e-02
7.252971082925796509e-02
8.795166015625000000e-02
5.427686870098114014e-02
1.480809152126312256e-01
4.229540750384330750e-02
9.051748365163803101e-02
7.063000649213790894e-02
1.068834587931632996e-01
5.222867429256439209e-02
6.008698046207427979e-02
6.458278745412826538e-02
5.283398926258087158e-02
1.620413362979888916e-01
2.821131348609924316e-01
1.183969378471374512e-01
3.966192305088043213e-01
2.831691205501556396e-01
2.401195764541625977e-01
2.022261619567871094e-01
2.400407008826732635e-02
2.604421973228454590e-02
3.423903137445449829e-02
2.817757613956928253e-02
1.085183247923851013e-01
6.647408008575439453e-02
4.924921318888664246e-02
6.077635288238525391e-02
6.063162907958030701e-02
4.544602036476135254e-01
6.581755727529525757e-02
2.910941652953624725e-02
5.371323227882385254e-02
6.963050365447998047e-02
1.749729365110397339e-01
8.261474221944808960e-02
7.816604524850845337e-02
1.008334755897521973e-01
7.919391244649887085e-02
5.941143259406089783e-02
2.335070520639419556e-01
3.607465699315071106e-02
5.256596207618713379e-02
3.811506927013397217e-02
1.067257896065711975e-01
4.432656988501548767e-02
1.039433479309082031e-01
8.388166129589080811e-02
1.796723157167434692e-01
3.450242429971694946e-02
1.933219581842422485e-01
1.408316493034362793e-01
1.633527129888534546e-01
7.087708115577697754e-01
2.869412600994110107e-01
1.931799203157424927e-01
1.177251636981964111e-01
5.119985342025756836e-01
1.872369647026062012e-01
9.989659488201141357e-02
1.242054253816604614e-01
4.695985615253448486e-01
6.072176620364189148e-02
1.727783232927322388e-01
2.942541986703872681e-02
8.852808922529220581e-02
1.572392508387565613e-02
8.120850473642349243e-02
7.498509436845779419e-02
4.038964211940765381e-02
7.025086879730224609e-02
5.510954186320304871e-02
4.750824347138404846e-02
6.968567520380020142e-02
5.524905398488044739e-02
1.774870157241821289e-01
2.421668171882629395e-01
2.226359695196151733e-01
5.741608142852783203e-02
7.359657287597656250e-01
3.307400941848754883e-01
3.894886970520019531e-01
9.440217912197113037e-02
1.139760240912437439e-01
2.618863806128501892e-02
2.040617167949676514e-01
3.250363096594810486e-02
1.236504986882209778e-01
6.838842481374740601e-02
8.360327035188674927e-02
1.326265651732683182e-02
6.516263820230960846e-03
3.171507269144058228e-02
5.080278217792510986e-02
8.814699202775955200e-02
1.882320269942283630e-02
5.824682302772998810e-03
1.912669464945793152e-02
1.105075851082801819e-01
1.057769283652305603e-01
6.492494605481624603e-03
7.750838249921798706e-02
1.255524903535842896e-01
9.273683279752731323e-02
1.424937248229980469e-01
1.390413008630275726e-02
3.479738160967826843e-02
3.495575115084648132e-02
5.140440911054611206e-02
5.818170309066772461e-01
2.168099433183670044e-01
8.195221424102783203e-02
3.389978408813476562e-02
5.601516366004943848e-02
1.448305696249008179e-01
7.866699993610382080e-02
5.310564860701560974e-02
7.180630415678024292e-02
2.331342920660972595e-02
4.864677041769027710e-02
1.406577825546264648e-01
5.986802652478218079e-02
3.152453526854515076e-02
6.055150553584098816e-02
6.017188727855682373e-02
1.144646927714347839e-01
6.555893272161483765e-02
2.969618514180183411e-02
7.811589539051055908e-02
1.643993407487869263e-01
5.453123524785041809e-02
1.228146180510520935e-01
9.338413923978805542e-02
1.340254843235015869e-01
3.259671479463577271e-02
4.420616105198860168e-02
1.343570947647094727e-01
5.103701725602149963e-02
4.224393144249916077e-02
8.476141095161437988e-02
9.610175490379333496e-01
6.328946948051452637e-01
6.592755019664764404e-02
5.006726831197738647e-02
5.665968731045722961e-02
1.780061870813369751e-01
1.994346231222152710e-01
7.888119667768478394e-02
8.993422240018844604e-02
6.763093918561935425e-02
1.521913520991802216e-02
2.914363890886306763e-02
3.879544511437416077e-02
6.130117550492286682e-02
4.320704936981201172e-02
7.829461246728897095e-02
1.362351775169372559e-01
6.253162026405334473e-02
5.119010061025619507e-02
9.147929400205612183e-02
5.188722535967826843e-02
5.023977160453796387e-02
3.438063710927963257e-02
3.728114068508148193e-02
4.718228057026863098e-02
1.197299808263778687e-01
3.212275356054306030e-02
9.663058444857597351e-03
1.372672170400619507e-01
2.615761458873748779e-01
1.121215615421533585e-02
2.905502021312713623e-01
9.384487569332122803e-02
2.904756367206573486e-01
7.252913713455200195e-01
8.088175207376480103e-02
4.778362438082695007e-02
2.602012455463409424e-01
1.069505438208580017e-01
1.287302188575267792e-02
3.404552862048149109e-02
2.328728511929512024e-02
5.192789807915687561e-02
3.110217489302158356e-02
4.237453639507293701e-02
1.352779716253280640e-01
3.980241343379020691e-02
7.260515540838241577e-02
5.255644768476486206e-02
9.663388133049011230e-02
8.371026068925857544e-02
5.898710340261459351e-02
1.143445894122123718e-01
5.948935747146606445e-01
8.053817749023437500e-01
9.136951714754104614e-02
1.012522727251052856e-01
3.832133114337921143e-02
5.708897858858108521e-02
3.283130005002021790e-02
9.283921122550964355e-02
1.088168472051620483e-01
7.786832749843597412e-02
4.308670014142990112e-02
6.065307930111885071e-02
1.067408639937639236e-02
6.687510013580322266e-01
6.285168975591659546e-02
1.018211394548416138e-01
2.809418439865112305e-01
5.164486169815063477e-01
1.048281043767929077e-01
4.822426289319992065e-02
1.009671241044998169e-01
6.850004196166992188e-02
6.409496068954467773e-02
5.686842650175094604e-02
5.815095826983451843e-02
5.996376276016235352e-02
1.408132761716842651e-01
6.696967780590057373e-02
1.092623472213745117e-01
1.030964925885200500e-01
1.329992264509201050e-01
8.339353650808334351e-02
1.114614456892013550e-01
1.131194550544023514e-02
1.505566295236349106e-02
4.102150350809097290e-02
1.558418124914169312e-01
4.840105026960372925e-02
4.394496604800224304e-02
6.611362099647521973e-02
1.412107944488525391e-01
5.185371637344360352e-02
7.993965595960617065e-02
4.526747763156890869e-02
6.879069656133651733e-02
4.421459510922431946e-02
3.372282683849334717e-01
4.696786999702453613e-01
6.964349746704101562e-02
6.652262806892395020e-02
2.199690639972686768e-01
6.524855643510818481e-02
2.781920135021209717e-02
5.387123301625251770e-02
2.226581051945686340e-02
6.320660561323165894e-02
3.350236117839813232e-01
6.411256641149520874e-02
3.949926793575286865e-02
2.006916143000125885e-02
5.312886461615562439e-02
1.027186661958694458e-01
2.264670878648757935e-01
4.839536175131797791e-02
7.352627068758010864e-02
1.245802491903305054e-01
4.910678043961524963e-02
4.823794588446617126e-02
4.371224045753479004e-01
2.361173778772354126e-01
6.624649465084075928e-02
7.252261787652969360e-02
1.021223068237304688e-01
1.083398833870887756e-01
1.509100347757339478e-01
1.029605492949485779e-01
5.647655203938484192e-02
5.088032037019729614e-02
2.604917250573635101e-02
3.164555504918098450e-02
8.030485361814498901e-02
2.142730653285980225e-01
4.733943566679954529e-02
2.763044275343418121e-02
7.430913299322128296e-02
1.307175457477569580e-01
6.935980170965194702e-02
1.176326069980859756e-02
1.552708726376295090e-02
3.014712594449520111e-02
2.594056129455566406e-01
1.143406853079795837e-01
5.580990761518478394e-02
5.948530510067939758e-02
6.735438853502273560e-02
1.234961003065109253e-01
1.044268831610679626e-01
5.216906219720840454e-02
7.091976702213287354e-02
9.932183474302291870e-02
3.025967441499233246e-02
4.791093617677688599e-02
4.845362156629562378e-02
1.007763482630252838e-02
1.529639028012752533e-02
8.359085768461227417e-03
1.071432903409004211e-01
3.465275093913078308e-02
8.281131833791732788e-02
1.539155840873718262e-01
2.138060331344604492e-02
3.204977139830589294e-02
2.955848164856433868e-02
5.404805392026901245e-02
8.654356747865676880e-02
1.348593682050704956e-01
3.337380662560462952e-02
7.111726701259613037e-02
6.561287492513656616e-02
4.037139564752578735e-02
7.871863245964050293e-02
6.291443109512329102e-02
1.195714697241783142e-01
9.052120894193649292e-02
3.009064793586730957e-01
9.958980679512023926e-01
8.517819643020629883e-01
1.158505678176879883e-01
6.061070412397384644e-02
1.458445042371749878e-01
3.275380432605743408e-01
7.473066449165344238e-02
6.329178065061569214e-02
9.309648722410202026e-02
5.946397036314010620e-02
9.217032045125961304e-02
6.376493722200393677e-02
9.954032301902770996e-02
6.735201925039291382e-02
6.343258172273635864e-02
9.896336495876312256e-02
5.123065784573554993e-02
7.381457090377807617e-01
6.941201686859130859e-01
1.567036807537078857e-01
1.737698316574096680e-01
2.438833564519882202e-01
9.375782310962677002e-02
3.054803609848022461e-02
2.930099330842494965e-02
5.117487907409667969e-01
4.318630695343017578e-02
9.349029064178466797e-01
9.597097635269165039e-01
1.684386134147644043e-01
4.129290953278541565e-02
3.213546052575111389e-02
3.713874518871307373e-02
6.726356595754623413e-02
8.851959556341171265e-02
1.908414065837860107e-01
9.021221101284027100e-02
1.079583019018173218e-01
6.934718042612075806e-02
9.959654510021209717e-02
4.006851837038993835e-02
2.218848094344139099e-02
2.388669364154338837e-02
8.389621227979660034e-02
4.114136472344398499e-02
9.163376688957214355e-02
2.067428529262542725e-01
6.711997985839843750e-01
1.155660450458526611e-01
7.532509416341781616e-02
7.475256174802780151e-02
2.124647945165634155e-01
5.822120979428291321e-02
1.097716912627220154e-01
5.631174892187118530e-02
9.221581369638442993e-02
3.793416172266006470e-02
8.439242839813232422e-02
7.098016142845153809e-02
6.873824596405029297e-01
9.714464843273162842e-02
6.315980572253465652e-03
5.316086411476135254e-01
7.153294086456298828e-01
3.278066590428352356e-02
2.174510806798934937e-02
3.121356479823589325e-02
5.544323846697807312e-02
7.494103163480758667e-02
2.398035861551761627e-02
1.753825247287750244e-01
6.370988488197326660e-02
1.098236814141273499e-01
4.915321618318557739e-02
1.415115743875503540e-01
8.390453457832336426e-02
2.775412425398826599e-02
6.986022740602493286e-02
7.792859524488449097e-02
5.459632351994514465e-02
9.936845302581787109e-02
7.318045198917388916e-02
8.389830589294433594e-02
4.223158583045005798e-02
5.774458125233650208e-02
8.385812491178512573e-02
5.161268636584281921e-02
1.162225082516670227e-01
2.915743887424468994e-01
9.549650549888610840e-02
8.293958753347396851e-02
6.717331707477569580e-02
5.414986610412597656e-01
7.687488943338394165e-02
3.821886703372001648e-02
1.330214738845825195e-01
8.959187567234039307e-02
1.261647492647171021e-01
5.182186886668205261e-02
6.479226797819137573e-02
1.329595148563385010e-01
1.278756707906723022e-01
4.570193961262702942e-02
8.184040337800979614e-02
8.338196575641632080e-02
5.589306354522705078e-02
7.595946080982685089e-03
3.084611706435680389e-02
1.330375485122203827e-02
9.519301354885101318e-02
7.290565222501754761e-02
1.353295743465423584e-01
5.593520030379295349e-02
8.909751474857330322e-02
3.285009562969207764e-01
2.145823538303375244e-01
9.253342449665069580e-02
1.022772789001464844e-01
3.626599311828613281e-01
8.467198163270950317e-02
2.122043259441852570e-02
6.665968894958496094e-02
6.885768473148345947e-02
1.325429677963256836e-01
3.079567477107048035e-02
9.603283554315567017e-02
1.588766127824783325e-01
4.850063472986221313e-02
1.048011258244514465e-01
3.668607473373413086e-01
1.227874979376792908e-01
1.497786045074462891e-01
6.135006994009017944e-02
3.240305185317993164e-02
1.169807091355323792e-01
6.501345336437225342e-02
7.349261641502380371e-02
6.441864371299743652e-02
3.751877695322036743e-02
1.461194902658462524e-01
1.788329929113388062e-01
1.005647107958793640e-01
4.176608473062515259e-02
3.436534106731414795e-02
8.864011615514755249e-02
5.527677386999130249e-02
8.499420434236526489e-02
2.096827179193496704e-01
2.068384438753128052e-01
3.306428343057632446e-02
8.657906204462051392e-03
2.147201448678970337e-02
3.560920432209968567e-02
1.385303214192390442e-02
6.326370872557163239e-03
2.578261122107505798e-02
7.628159224987030029e-02
8.085457980632781982e-02
3.115441836416721344e-02
9.240482002496719360e-02
5.498084053397178650e-02
5.158181488513946533e-02
1.255301982164382935e-01
1.277525722980499268e-01
6.172920018434524536e-02
6.985854357481002808e-02
5.124599486589431763e-02
1.260232776403427124e-01
5.761358514428138733e-02
1.230064108967781067e-01
2.348306961357593536e-02
6.016115844249725342e-02
1.044350340962409973e-01
1.091249659657478333e-01
1.225617825984954834e-01
4.631846398115158081e-02
3.850161284208297729e-02
2.076182216405868530e-01
5.795665830373764038e-02
9.506861865520477295e-02
1.740102618932723999e-01
8.942254632711410522e-02
7.354675233364105225e-02
7.771556824445724487e-02
3.328045085072517395e-02
7.111219689249992371e-03
2.952814288437366486e-02
7.243043184280395508e-02
1.498933434486389160e-01
1.706799715757369995e-01
8.371300995349884033e-02
6.668526679277420044e-02
3.153786435723304749e-02
3.853825107216835022e-02
1.258217841386795044e-01
6.161603331565856934e-02
9.032624214887619019e-02
6.162825226783752441e-02
1.940412260591983795e-02
9.401334822177886963e-02
9.811505675315856934e-02
1.925809122622013092e-02
7.463703304529190063e-02
4.162048920989036560e-02
4.754668846726417542e-02
2.519885003566741943e-01
1.618814617395401001e-01
2.428074553608894348e-02
6.900937110185623169e-02
4.294481277465820312e-01
1.140135154128074646e-01
1.052248328924179077e-01
9.548505395650863647e-02
3.158766031265258789e-02
1.170116439461708069e-01
8.388859629631042480e-01
8.356890082359313965e-02
3.437804579734802246e-01
2.081450819969177246e-01
1.503196358680725098e-01
7.186995446681976318e-02
6.708752363920211792e-02
9.493630379438400269e-02
2.336983941495418549e-02
9.114506095647811890e-02
9.444554895162582397e-02
2.270520776510238647e-01
2.344069480895996094e-01
1.374141573905944824e-01
2.573278546333312988e-02
4.098200798034667969e-02
8.462094515562057495e-02
1.033317893743515015e-01
1.746646463871002197e-01
7.365707159042358398e-01
1.240300983190536499e-01
2.118408679962158203e-01
2.548191845417022705e-01
5.605094134807586670e-02
5.892322212457656860e-02
1.102045103907585144e-01
5.981043726205825806e-02
6.832458823919296265e-02
1.148246601223945618e-02
2.759491652250289917e-02
6.174253672361373901e-02
1.240545436739921570e-01
1.448566317558288574e-01
3.829553350806236267e-02
5.740573257207870483e-02
5.068880692124366760e-02
5.640792101621627808e-02
7.928535342216491699e-02
8.759748935699462891e-02
9.239570051431655884e-02
8.803818374872207642e-02
4.733125120401382446e-02
7.175149768590927124e-02
4.500102996826171875e-02
4.204389825463294983e-02
1.549290958791971207e-02
1.040997914969921112e-02
1.126241832971572876e-01
1.072107702493667603e-01
8.783475309610366821e-02
5.975505709648132324e-01
1.439761817455291748e-01
5.722015351057052612e-02
1.360341161489486694e-01
1.812838464975357056e-01
2.107886224985122681e-01
1.059930622577667236e-01
1.491877287626266479e-01
8.004208654165267944e-02
5.938646793365478516e-01
5.782017707824707031e-01
9.451676905155181885e-02
3.221365809440612793e-02
6.102058291435241699e-02
2.391954325139522552e-02
1.367604434490203857e-01
2.035885304212570190e-01
1.225612387061119080e-01
7.563634961843490601e-02
3.731008246541023254e-02
7.316046953201293945e-02
2.501850575208663940e-02
1.990995183587074280e-02
2.970643527805805206e-02
1.057005748152732849e-01
2.645580098032951355e-02
5.659275874495506287e-02
8.689316362142562866e-02
6.112581863999366760e-02
9.860189259052276611e-02
7.460404932498931885e-02
9.409715235233306885e-02
1.617680490016937256e-02
1.271738857030868530e-01
2.095731496810913086e-01
2.607839703559875488e-01
7.876338809728622437e-02
5.760630965232849121e-02
5.622928589582443237e-02
1.736598014831542969e-01
6.734505295753479004e-02
5.681528151035308838e-02
2.714502438902854919e-02
6.210718676447868347e-02
9.021306782960891724e-02
1.232021525502204895e-01
5.998264998197555542e-02
3.179319202899932861e-02
9.891090393066406250e-01
1.437998116016387939e-01
2.779231034219264984e-02
7.412307709455490112e-02
5.390703305602073669e-02
6.338843703269958496e-02
7.822787165641784668e-01
9.450911730527877808e-02
1.838830858469009399e-01
2.963086962699890137e-02
6.763306446373462677e-03
9.515345096588134766e-02
1.692835539579391479e-01
5.832774192094802856e-02
2.863141521811485291e-02
6.104073487222194672e-03
3.612214326858520508e-02
1.716720461845397949e-01
7.083126902580261230e-02
4.324763640761375427e-02
2.615107037127017975e-02
4.670004174113273621e-02
3.103698492050170898e-01
9.942433238029479980e-02
7.390727102756500244e-02
2.096037566661834717e-02
7.899078726768493652e-02
6.337969005107879639e-02
6.163692474365234375e-02
2.212432324886322021e-01
5.446854233741760254e-02
1.657666824758052826e-02
4.094910807907581329e-03
1.487410534173250198e-02
4.859416559338569641e-02
6.661210954189300537e-02
4.374397546052932739e-02
1.859073787927627563e-01
5.044506862759590149e-02
4.637197405099868774e-02
2.339581027626991272e-02
6.929528713226318359e-02
7.587880361825227737e-03
7.130344863981008530e-03
2.550644986331462860e-02
4.669950157403945923e-02
6.906362175941467285e-01
6.750111579895019531e-01
4.100187495350837708e-02
1.053384467959403992e-01
6.108221411705017090e-02
6.747647374868392944e-02
8.679886907339096069e-02
1.245292052626609802e-01
1.380078196525573730e-01
2.924308180809020996e-02
8.851895481348037720e-02
6.218139082193374634e-03
2.882758900523185730e-02
6.543805450201034546e-02
4.691661149263381958e-02
2.745549008250236511e-02
7.745764404535293579e-02
9.929245710372924805e-02
5.197226535528898239e-03
3.545101359486579895e-02
8.512339740991592407e-02
4.535378888249397278e-02
3.586583584547042847e-02
3.150834888219833374e-02
1.345501840114593506e-01
8.707230910658836365e-03
4.016200453042984009e-02
9.822340309619903564e-02
1.729069463908672333e-02
9.531815350055694580e-02
5.161636322736740112e-02
8.803386241197586060e-02
1.247491780668497086e-02
8.420246094465255737e-02
7.662602514028549194e-02
9.986931085586547852e-02
4.440062940120697021e-01
4.814339429140090942e-02
5.200404673814773560e-02
1.283162925392389297e-02
6.041088141500949860e-03
3.406123071908950806e-02
3.087410517036914825e-02
3.858767077326774597e-02
9.973432123661041260e-02
5.093743801116943359e-01
2.604502141475677490e-01
1.295804083347320557e-01
6.637842208147048950e-02
6.434482336044311523e-02
9.930874705314636230e-01
9.051244258880615234e-01
1.786581128835678101e-01
2.323134057223796844e-02
8.759288117289543152e-03
3.481304273009300232e-02
3.678337931632995605e-01
7.495120912790298462e-02
1.052273288369178772e-01
1.849066764116287231e-01
5.361631140112876892e-02
7.273844480514526367e-01
1.248958110809326172e-01
1.542970836162567139e-01
6.076858192682266235e-02
6.648179143667221069e-02
6.540127843618392944e-02
5.879013985395431519e-02
9.985053539276123047e-02
1.040015462785959244e-02
1.492908038198947906e-02
1.337426006793975830e-01
2.215230166912078857e-01
3.145677223801612854e-02
4.330094903707504272e-02
1.433072425425052643e-02
1.343919634819030762e-01
8.058565109968185425e-02
1.374913007020950317e-01
1.752075403928756714e-01
1.099398061633110046e-01
3.318363428115844727e-02
5.646961927413940430e-02
5.758901834487915039e-01
8.926707506179809570e-01
3.682479858398437500e-01
7.149555087089538574e-01
6.435149312019348145e-01
7.821758091449737549e-02
4.650472477078437805e-02
4.291084036231040955e-02
1.585942059755325317e-01
6.597582250833511353e-02
6.325198709964752197e-02
4.504442587494850159e-02
1.018328815698623657e-01
5.918356031179428101e-02
7.645580172538757324e-02
1.021581217646598816e-01
4.860946536064147949e-02
8.671536296606063843e-02
6.803157925605773926e-02
9.664149582386016846e-02
9.853270649909973145e-02
2.010524868965148926e-01
6.502728164196014404e-02
4.779281467199325562e-02
1.021334752440452576e-01
1.036877632141113281e-01
7.630222290754318237e-02
9.959729015827178955e-02
8.794612437486648560e-02
5.544753745198249817e-02
4.035094976425170898e-01
4.360849410295486450e-02
7.742368429899215698e-02
2.063538134098052979e-02
7.786356657743453979e-02
1.444134302437305450e-02
8.323036134243011475e-02
6.396894156932830811e-02
4.601741582155227661e-02
1.262151449918746948e-01
1.061335876584053040e-01
9.054416418075561523e-02
2.167061865329742432e-01
8.075641840696334839e-02
1.964248903095722198e-02
7.534275203943252563e-02
7.361009716987609863e-01
5.304673314094543457e-01
5.026124417781829834e-02
6.504866480827331543e-02
1.314056813716888428e-01
5.547763407230377197e-02
8.437720686197280884e-02
5.670269951224327087e-02
6.025581434369087219e-02
7.424295693635940552e-02
4.300474002957344055e-02
6.138668954372406006e-02
9.622093290090560913e-02
7.398351281881332397e-02
9.529368579387664795e-02
1.335996836423873901e-01
7.822569459676742554e-02
8.268865942955017090e-02
6.475342065095901489e-02
5.160707235336303711e-02
1.003480032086372375e-01
1.306788623332977295e-01
7.088468223810195923e-02
7.264439761638641357e-02
7.941798865795135498e-02
2.354834415018558502e-02
8.764156699180603027e-02
5.124125257134437561e-02
9.572940468788146973e-01
2.296400442719459534e-02
2.691831067204475403e-02
1.935382187366485596e-01
8.988159149885177612e-02
4.376426711678504944e-02
7.003722339868545532e-02
1.110911443829536438e-01
5.288223922252655029e-02
8.589506149291992188e-02
2.226480841636657715e-02
6.951108574867248535e-01
7.159907817840576172e-01
3.067251853644847870e-02
5.225941538810729980e-02
4.676766693592071533e-02
1.065451130270957947e-01
1.933961808681488037e-01
6.631785631179809570e-02
9.990328550338745117e-01
9.995638728141784668e-01
9.570953994989395142e-02
9.347846359014511108e-02
3.985881432890892029e-02
2.642942219972610474e-02
1.909653842449188232e-01
2.020950466394424438e-01
4.430222511291503906e-02
7.158438116312026978e-02
6.546656787395477295e-02
4.326989874243736267e-02
1.389596760272979736e-01
4.407650604844093323e-02
6.312958151102066040e-02
1.222383081912994385e-01
1.413443535566329956e-01
8.271487057209014893e-02
1.381088942289352417e-01
1.977317035198211670e-01
2.695004343986511230e-01
1.512205004692077637e-01
3.643211349844932556e-02
4.601611942052841187e-02
1.659205853939056396e-01
6.524816900491714478e-02
1.068552881479263306e-01
9.624452888965606689e-02
8.163565397262573242e-02
3.088375180959701538e-02
5.927937477827072144e-02
1.002085655927658081e-01
2.633548714220523834e-02
6.750039756298065186e-02
8.743875473737716675e-02
2.732809446752071381e-02
4.927587881684303284e-02
3.819163888692855835e-02
2.504670433700084686e-02
1.536799967288970947e-01
7.018846273422241211e-02
5.473564937710762024e-02
8.062771707773208618e-02
3.961366042494773865e-02
6.204422935843467712e-02
1.199229955673217773e-01
5.864062532782554626e-02
1.079243123531341553e-01
3.945654258131980896e-02
5.502490699291229248e-02
2.320488914847373962e-02
4.994794726371765137e-03
2.598674781620502472e-02
2.897738851606845856e-02
9.384239464998245239e-02
8.057906478643417358e-02
5.152346938848495483e-02
7.887948751449584961e-01
2.252195589244365692e-02
3.882766701281070709e-03
1.461081504821777344e-01
1.143203526735305786e-01
6.918542832136154175e-02
2.779088914394378662e-01
1.592074334621429443e-01
5.776791274547576904e-02
3.826887533068656921e-02
4.942933470010757446e-02
1.100498139858245850e-01
7.995070517063140869e-02
9.926194697618484497e-02
5.115815252065658569e-02
4.606035724282264709e-02
3.455227240920066833e-02
5.440583080053329468e-02
1.131980344653129578e-01
5.289527773857116699e-02
7.150108367204666138e-02
4.908447340130805969e-02
1.083355024456977844e-01
8.811798691749572754e-02
1.270333826541900635e-01
3.890162333846092224e-02
6.462427228689193726e-02
6.033069640398025513e-02
6.028621643781661987e-02
5.449384450912475586e-01
3.339724540710449219e-01
9.246210008859634399e-02
2.316210120916366577e-01
1.028871536254882812e-01
6.078184023499488831e-02
4.502724409103393555e-01
1.546781510114669800e-01
1.748448014259338379e-01
5.425935983657836914e-02
1.623428910970687866e-01
5.331781134009361267e-02
1.088693365454673767e-01
7.759372889995574951e-02
6.731927394866943359e-02
1.320436894893646240e-01
1.240525916218757629e-01
8.832666277885437012e-02
5.008272454142570496e-02
4.901390150189399719e-02
7.081413269042968750e-02
9.348266571760177612e-02
1.821551173925399780e-01
2.430138885974884033e-01
5.904114991426467896e-02
5.979126319289207458e-02
3.522679209709167480e-01
1.274110376834869385e-01
8.874869346618652344e-02
1.677325665950775146e-01
2.979115545749664307e-01
8.048675656318664551e-01
