2.084560841321945190e-01
8.222910761833190918e-02
3.086624145507812500e-01
1.928046643733978271e-01
6.252771615982055664e-01
6.528203934431076050e-02
5.809888839721679688e-01
7.843982428312301636e-02
2.864193320274353027e-01
2.875474691390991211e-01
5.598776414990425110e-02
8.972163498401641846e-02
1.110276654362678528e-01
2.650156803429126740e-02
1.035706512629985809e-02
3.432228788733482361e-02
5.506481975317001343e-02
7.681103050708770752e-02
4.512865841388702393e-01
1.662500649690628052e-01
6.708715111017227173e-02
8.651053905487060547e-02
1.335252970457077026e-01
6.486354023218154907e-02
4.756814613938331604e-02
1.775994896888732910e-01
9.784178435802459717e-02
1.271527726203203201e-02
8.344430476427078247e-03
2.085244841873645782e-02
1.415423676371574402e-02
6.879589557647705078e-01
8.136706054210662842e-02
1.567560285329818726e-01
1.211505979299545288e-01
4.643210768699645996e-02
4.391656443476676941e-02
5.301939323544502258e-02
1.129586100578308105e-01
1.398229785263538361e-02
7.303569931536912918e-03
6.227232515811920166e-03
6.774301081895828247e-02
2.467763796448707581e-02
8.736776560544967651e-02
3.269672766327857971e-02
3.772783279418945312e-02
4.687453061342239380e-02
8.515946567058563232e-02
2.578318119049072266e-02
7.583307102322578430e-03
4.380080103874206543e-02
1.165781728923320770e-02
3.005706705152988434e-02
2.571771666407585144e-02
8.057177066802978516e-01
1.692430675029754639e-01
3.656132891774177551e-02
2.561678923666477203e-02
5.317093431949615479e-02
7.836735248565673828e-02
1.246803849935531616e-01
4.334996640682220459e-02
2.398634888231754303e-02
8.268918842077255249e-03
1.721648871898651123e-02
5.160813406109809875e-02
1.439609099179506302e-02
3.402087092399597168e-02
5.812711641192436218e-02
5.195250362157821655e-02
6.708431988954544067e-02
1.151782348752021790e-01
5.755282565951347351e-02
1.116532906889915466e-01
2.798307500779628754e-02
9.525936096906661987e-02
3.419938683509826660e-02
2.490060962736606598e-02
1.534809358417987823e-02
1.133681982755661011e-01
1.017491891980171204e-01
6.378513574600219727e-02
3.037954866886138916e-01
1.530973762273788452e-01
6.050502136349678040e-02
8.935134112834930420e-02
3.613791614770889282e-02
5.302689969539642334e-02
9.506936371326446533e-02
1.273934990167617798e-01
4.677031189203262329e-02
4.112867638468742371e-03
7.626812905073165894e-03
1.633789017796516418e-02
7.677243649959564209e-02
2.056626230478286743e-01
8.199586719274520874e-02
3.865206241607666016e-02
1.480913013219833374e-01
1.492317765951156616e-01
8.402277529239654541e-02
2.769115753471851349e-02
3.358059823513031006e-01
1.525956671684980392e-02
2.511889860033988953e-02
3.320832550525665283e-02
3.194879740476608276e-02
4.113220423460006714e-02
2.435596883296966553e-01
1.441491544246673584e-01
2.095939777791500092e-02
1.835330016911029816e-02
4.249067604541778564e-02
5.787853896617889404e-02
7.381217181682586670e-02
7.380547374486923218e-02
2.943117637187242508e-03
2.671196684241294861e-02
4.243275523185729980e-02
5.218812450766563416e-02
1.134661957621574402e-02
2.231183275580406189e-02
3.802984952926635742e-02
8.105669915676116943e-02
1.112767308950424194e-01
7.455292157828807831e-03
1.388248149305582047e-02
5.533045157790184021e-02
6.074915453791618347e-02
1.214822288602590561e-02
7.606577873229980469e-02
1.122943609952926636e-01
8.634593337774276733e-02
1.836460083723068237e-02
1.850209385156631470e-02
4.222150146961212158e-02
7.443201541900634766e-02
1.125297397375106812e-01
1.609232276678085327e-02
8.612989634275436401e-02
3.197052516043186188e-03
2.641249448060989380e-02
6.429220736026763916e-02
6.561106070876121521e-03
1.261911913752555847e-02
2.946737036108970642e-02
7.474703341722488403e-02
1.995973289012908936e-01
2.321600914001464844e-02
3.212060406804084778e-02
4.392718151211738586e-02
1.120500341057777405e-01
5.749118700623512268e-02
5.868891626596450806e-02
5.577012430876493454e-03
2.461547404527664185e-02
3.446502611041069031e-02
1.110336557030677795e-01
2.350994050502777100e-01
2.294070273637771606e-02
1.903790608048439026e-02
6.840918213129043579e-02
7.642726600170135498e-02
6.975842267274856567e-02
3.887325897812843323e-02
9.863274544477462769e-02
1.090378686785697937e-01
6.645977962762117386e-03
1.397434435784816742e-02
1.635157167911529541e-01
2.308935374021530151e-01
1.290535926818847656e-01
1.973039954900741577e-01
1.836089976131916046e-02
5.600282177329063416e-02
9.275107830762863159e-02
9.553842246532440186e-02
8.625845611095428467e-02
1.091210022568702698e-01
3.766921535134315491e-02
1.197138503193855286e-01
6.089452654123306274e-02
2.236985415220260620e-02
8.435962349176406860e-02
1.007519662380218506e-01
3.450201079249382019e-02
1.572701036930084229e-01
7.562301307916641235e-02
1.027331501245498657e-01
4.280744120478630066e-02
3.016157262027263641e-02
2.213321775197982788e-01
4.227238893508911133e-02
7.319138199090957642e-02
1.137110516428947449e-01
3.745564445853233337e-02
1.603717058897018433e-01
5.046867299824953079e-03
2.445819415152072906e-02
6.020452827215194702e-02
4.230468533933162689e-03
2.560999430716037750e-02
2.446878701448440552e-02
1.373837795108556747e-02
2.173642627894878387e-02
8.575116097927093506e-02
9.209538251161575317e-02
4.117707535624504089e-02
3.809810057282447815e-02
6.694680452346801758e-02
2.402134798467159271e-02
1.048140302300453186e-01
3.779615834355354309e-02
3.513120114803314209e-02
9.027674794197082520e-02
2.755992300808429718e-02
7.323122769594192505e-02
1.134383454918861389e-01
5.868940427899360657e-02
6.879243254661560059e-01
6.144132614135742188e-01
4.893763363361358643e-02
1.765819042921066284e-01
8.191586285829544067e-02
6.639178097248077393e-02
8.723086863756179810e-02
5.915671214461326599e-02
7.752703130245208740e-02
1.102032288908958435e-01
5.842224508523941040e-02
2.891081944108009338e-02
3.665169002488255501e-03
1.119280327111482620e-02
1.173035800457000732e-01
4.473036527633666992e-02
6.251655519008636475e-02
8.851108700037002563e-02
2.111727558076381683e-02
2.267747744917869568e-02
1.592823117971420288e-02
5.340083315968513489e-02
9.295662492513656616e-02
4.859000816941261292e-02
6.085241585969924927e-02
6.875456869602203369e-02
7.412228267639875412e-03
1.906170323491096497e-02
7.657092809677124023e-02
1.749767959117889404e-01
2.982385270297527313e-02
8.214344829320907593e-02
4.016521945595741272e-02
5.270379409193992615e-02
3.795032203197479248e-02
5.186592042446136475e-02
1.026575043797492981e-01
2.261799722909927368e-01
7.505004107952117920e-02
1.624732092022895813e-02
4.876536875963211060e-02
2.098437212407588959e-02
3.168802335858345032e-02
9.170377999544143677e-02
6.963980197906494141e-02
3.037383593618869781e-02
2.524431422352790833e-02
8.553663641214370728e-02
1.341957449913024902e-01
4.121883213520050049e-02
6.426715850830078125e-02
1.562884300947189331e-01
6.627157330513000488e-02
8.216922171413898468e-03
2.320153266191482544e-02
1.830812096595764160e-01
1.253431737422943115e-01
2.022609859704971313e-01
8.434146642684936523e-02
6.338406354188919067e-02
3.458081930875778198e-02
2.649009786546230316e-02
1.178611740469932556e-01
3.921623229980468750e-01
1.129591390490531921e-01
9.020943194627761841e-02
9.379180520772933960e-02
6.088191270828247070e-02
4.242152720689773560e-02
9.058137238025665283e-02
7.930577546358108521e-02
7.745108753442764282e-02
1.054244264960289001e-01
1.670233309268951416e-01
6.814564019441604614e-02
6.428879499435424805e-02
9.841896593570709229e-02
1.081384420394897461e-01
1.112155988812446594e-01
4.158781468868255615e-01
4.098489582538604736e-01
7.434473186731338501e-02
3.555695340037345886e-02
9.113913774490356445e-02
8.999039232730865479e-02
8.367498964071273804e-02
3.961849585175514221e-02
9.397905319929122925e-02
1.037100553512573242e-01
8.792250603437423706e-02
7.309526205062866211e-02
4.336026310920715332e-02
4.744634032249450684e-02
8.876576274633407593e-02
3.724995255470275879e-02
6.120770424604415894e-02
9.808053076267242432e-02
4.869021847844123840e-02
5.400350317358970642e-02
4.365035519003868103e-02
7.782196253538131714e-02
4.170394316315650940e-02
4.197159409523010254e-02
8.126496523618698120e-02
7.747482508420944214e-02
4.686209931969642639e-02
7.284241169691085815e-02
3.433633223176002502e-02
3.079755976796150208e-02
7.778212428092956543e-02
1.269946098327636719e-01
4.441704973578453064e-02
6.360165774822235107e-02
4.926940798759460449e-02
1.268163919448852539e-01
3.655518963932991028e-02
8.529935777187347412e-02
5.393660441040992737e-02
4.643439128994941711e-02
5.787533149123191833e-02
1.101065874099731445e-01
7.685415446758270264e-02
1.925476081669330597e-02
5.119925141334533691e-01
2.267006039619445801e-01
4.452937096357345581e-02
1.085131168365478516e-01
6.056353822350502014e-02
5.706636607646942139e-02
6.096721068024635315e-02
7.107673585414886475e-02
5.328886210918426514e-02
5.056585744023323059e-02
5.251380056142807007e-02
3.392751142382621765e-02
1.460221596062183380e-02
6.353353708982467651e-02
8.802860230207443237e-02
6.391701847314834595e-02
9.585049748420715332e-02
2.434537932276725769e-02
2.249439060688018799e-02
5.776940286159515381e-02
2.877872250974178314e-02
9.976738095283508301e-01
9.855038523674011230e-01
9.034336358308792114e-02
7.950042933225631714e-02
8.878336846828460693e-02
9.771926701068878174e-02
1.207073703408241272e-01
1.330097317695617676e-01
6.522269546985626221e-02
7.116387039422988892e-02
7.884466648101806641e-02
4.814736917614936829e-02
8.017150312662124634e-02
9.882608801126480103e-02
2.791850268840789795e-02
5.361344292759895325e-02
5.028490722179412842e-02
6.099934875965118408e-02
5.595794320106506348e-02
6.662553548812866211e-02
8.499173820018768311e-02
5.606989935040473938e-02
4.214571788907051086e-02
1.060487404465675354e-01
5.055006593465805054e-02
4.299206659197807312e-02
8.414245396852493286e-02
1.085177734494209290e-01
9.366826154291629791e-03
1.639133505523204803e-02
4.611551389098167419e-02
1.963901892304420471e-02
7.002026587724685669e-02
6.114031001925468445e-02
1.123072877526283264e-01
5.941136553883552551e-02
6.740789115428924561e-02
9.982907027006149292e-02
2.258025482296943665e-02
8.831655606627464294e-03
1.961613819003105164e-02
1.347253918647766113e-01
1.713517904281616211e-01
8.837659657001495361e-02
1.164992526173591614e-01
6.041229143738746643e-02
8.828865736722946167e-02
9.067739546298980713e-02
1.211318597197532654e-01
8.520574867725372314e-02
8.701900392770767212e-02
2.081105299293994904e-02
8.249966055154800415e-02
6.614430248737335205e-02
4.125217348337173462e-02
3.761808872222900391e-01
2.663147151470184326e-01
7.500119507312774658e-02
2.687131986021995544e-02
4.457316920161247253e-02
2.326910644769668579e-01
9.100404381752014160e-02
1.643832772970199585e-02
4.525688290596008301e-02
2.257462404668331146e-02
3.799334540963172913e-02
3.248438984155654907e-02
2.317551337182521820e-02
3.453576564788818359e-02
6.586853414773941040e-02
5.604322999715805054e-02
3.137395158410072327e-02
2.929385192692279816e-02
3.140296041965484619e-02
9.139627218246459961e-03
1.506167799234390259e-01
6.171903386712074280e-02
7.989843934774398804e-02
4.750359430909156799e-02
1.133201457560062408e-02
1.452200021594762802e-02
1.373799052089452744e-02
8.714226074516773224e-03
4.250694811344146729e-02
3.081252574920654297e-01
6.242167204618453979e-02
3.691799193620681763e-02
2.796710096299648285e-02
1.835012622177600861e-02
1.088835671544075012e-01
8.557645976543426514e-02
6.263555586338043213e-02
3.396366536617279053e-02
3.694338724017143250e-02
4.429234191775321960e-02
3.084366396069526672e-02
2.829712033271789551e-01
1.359360218048095703e-01
2.907709479331970215e-01
2.232958003878593445e-02
1.582719013094902039e-02
1.727745980024337769e-01
1.313866078853607178e-01
4.466171935200691223e-02
3.418386727571487427e-02
6.714746356010437012e-02
5.595958326011896133e-03
4.004225507378578186e-02
4.243736714124679565e-02
1.181635856628417969e-01
1.843046844005584717e-01
5.481078475713729858e-02
4.982923716306686401e-02
1.177629902958869934e-01
4.811741784214973450e-02
5.074522644281387329e-02
1.035458594560623169e-01
1.240407228469848633e-01
3.498145937919616699e-02
1.190884038805961609e-01
1.002715900540351868e-01
2.095110528171062469e-02
3.246552497148513794e-02
1.493681371212005615e-01
8.024404197931289673e-02
4.091441631317138672e-02
3.821159899234771729e-02
5.442696213722229004e-01
4.371727630496025085e-02
2.634844183921813965e-01
7.468206435441970825e-02
3.126481175422668457e-01
1.805289089679718018e-01
1.014299243688583374e-01
6.770578771829605103e-02
3.085660375654697418e-02
7.132472097873687744e-02
6.168697029352188110e-02
5.894235521554946899e-02
6.022578850388526917e-02
8.913113176822662354e-02
4.169557988643646240e-02
7.259513437747955322e-02
2.806077897548675537e-02
2.633587419986724854e-01
8.017067611217498779e-02
5.700575113296508789e-01
5.009611323475837708e-02
9.365066140890121460e-02
1.399340778589248657e-01
3.577243685722351074e-01
1.956890523433685303e-01
2.861983180046081543e-01
3.531756997108459473e-01
2.784998714923858643e-01
3.070241212844848633e-01
9.303165227174758911e-02
7.751759141683578491e-02
1.009959951043128967e-01
1.506011933088302612e-01
6.731101125478744507e-02
6.662449985742568970e-02
9.183716773986816406e-02
1.338388472795486450e-01
4.473748058080673218e-02
5.799014866352081299e-02
6.789840012788772583e-02
1.179440692067146301e-01
7.970003038644790649e-02
1.872137337923049927e-01
1.519599854946136475e-01
8.144183456897735596e-02
3.904096409678459167e-02
4.134073853492736816e-02
9.653594344854354858e-02
9.201151877641677856e-02
6.738382577896118164e-02
1.356941312551498413e-01
8.170846104621887207e-02
1.069723218679428101e-01
9.483861178159713745e-02
8.609996736049652100e-02
5.422192066907882690e-02
6.375807523727416992e-02
1.690356284379959106e-01
6.738173961639404297e-02
3.368460386991500854e-02
6.246376782655715942e-02
1.213134527206420898e-01
1.452938318252563477e-01
5.082688480615615845e-02
3.510995209217071533e-02
9.593810886144638062e-02
7.396299391984939575e-02
4.456111043691635132e-02
8.517170697450637817e-02
3.684940561652183533e-02
3.041966259479522705e-02
3.647898137569427490e-02
6.702005118131637573e-02
8.823599666357040405e-02
5.068960040807723999e-02
3.474403545260429382e-02
1.580967940390110016e-02
3.977096080780029297e-02
6.676822155714035034e-02
4.153357818722724915e-02
6.851042062044143677e-02
4.920071735978126526e-02
4.256842285394668579e-02
5.429182574152946472e-02
7.324361056089401245e-02
3.170737251639366150e-02
8.009890466928482056e-02
4.967046156525611877e-02
4.147789999842643738e-02
7.608500123023986816e-02
4.429842233657836914e-01
2.564663589000701904e-01
6.276332587003707886e-02
7.865164428949356079e-02
7.489284873008728027e-02
9.773465991020202637e-02
5.848532915115356445e-02
5.346497148275375366e-02
1.311811357736587524e-01
9.133555740118026733e-02
3.108682483434677124e-02
1.318104565143585205e-01
6.221814751625061035e-01
8.254848718643188477e-01
7.875233888626098633e-02
1.773692369461059570e-01
5.179095640778541565e-02
6.818977743387222290e-02
1.330469846725463867e-01
5.129146203398704529e-02
2.516585402190685272e-02
8.661960065364837646e-02
7.900322228670120239e-02
1.776140034198760986e-01
1.730007864534854889e-02
1.433096081018447876e-02
6.667781621217727661e-03
1.060664188116788864e-02
5.308938771486282349e-02
4.706456139683723450e-02
3.725143149495124817e-02
5.055966973304748535e-02
6.851748377084732056e-02
2.719078026711940765e-02
5.483234301209449768e-02
2.943976223468780518e-02
2.369047254323959351e-01
6.437987089157104492e-02
2.878223359584808350e-02
9.202403575181961060e-02
4.571085870265960693e-01
7.064469903707504272e-02
1.327638179063796997e-01
1.674672514200210571e-01
4.298058152198791504e-02
1.162654235959053040e-01
2.071197032928466797e-01
5.931189283728599548e-02
9.847167134284973145e-02
2.278321050107479095e-02
2.215281426906585693e-01
6.445850729942321777e-01
7.566539198160171509e-02
5.062953755259513855e-02
8.439669013023376465e-01
8.625554293394088745e-02
4.836391285061836243e-02
1.138442605733871460e-01
5.904801189899444580e-02
1.718900501728057861e-01
6.029557436704635620e-02
6.034488976001739502e-02
2.586470916867256165e-02
6.895957887172698975e-02
3.545500710606575012e-02
1.371962949633598328e-02
3.091717511415481567e-02
4.342601448297500610e-02
9.091985225677490234e-02
1.192310154438018799e-01
9.829059988260269165e-02
3.867368400096893311e-01
9.352378845214843750e-01
1.700696051120758057e-01
3.260098695755004883e-01
6.256724148988723755e-02
1.759208440780639648e-01
2.723111808300018311e-01
1.185852754861116409e-02
9.883111715316772461e-02
2.405399680137634277e-01
4.754792898893356323e-02
2.053990513086318970e-01
1.227612346410751343e-01
1.429206430912017822e-01
6.139473989605903625e-02
6.673143059015274048e-02
5.473306775093078613e-02
1.249679699540138245e-01
3.033977150917053223e-01
6.092316284775733948e-02
1.460758447647094727e-01
6.636262685060501099e-02
1.206224858760833740e-01
3.556756675243377686e-01
7.636475563049316406e-02
7.842304557561874390e-02
4.877126589417457581e-02
6.692928820848464966e-02
1.374216377735137939e-01
5.295829474925994873e-02
3.136326670646667480e-01
1.371524631977081299e-01
1.243880391120910645e-01
4.285667464137077332e-02
1.174754500389099121e-01
9.502971917390823364e-02
1.735818833112716675e-01
7.737295627593994141e-01
7.146867364645004272e-02
2.571646571159362793e-01
8.455098271369934082e-01
2.817053496837615967e-01
1.082468628883361816e-01
5.165371894836425781e-01
8.598978519439697266e-01
4.080188274383544922e-02
3.564917445182800293e-01
8.678080141544342041e-02
4.926842823624610901e-02
6.687630712985992432e-02
1.358382999897003174e-01
3.455236554145812988e-02
1.101063787937164307e-01
3.969849273562431335e-02
8.378140628337860107e-02
1.122322008013725281e-01
2.023999840021133423e-01
9.774653613567352295e-02
8.706754446029663086e-02
4.350209236145019531e-02
4.931774735450744629e-02
9.563018381595611572e-02
6.370144337415695190e-02
9.591130912303924561e-02
1.342488527297973633e-01
3.897580131888389587e-02
8.763587474822998047e-02
8.076323568820953369e-02
1.099637225270271301e-01
6.762045621871948242e-02
6.173320487141609192e-02
1.245328709483146667e-01
5.976356565952301025e-02
8.087226748466491699e-02
3.878765925765037537e-02
6.222655251622200012e-02
1.417191773653030396e-01
3.706293404102325439e-01
1.372486054897308350e-01
7.682291418313980103e-02
6.030500680208206177e-02
5.746226385235786438e-02
1.211357787251472473e-01
3.285303339362144470e-02
4.964206367731094360e-02
2.148682177066802979e-01
7.352695614099502563e-02
7.363371551036834717e-02
5.819399654865264893e-02
1.062003672122955322e-01
5.298319458961486816e-01
9.732964038848876953e-01
7.625656574964523315e-02
1.242450997233390808e-02
2.658599056303501129e-03
3.097095713019371033e-02
9.893073141574859619e-02
7.388165686279535294e-03
1.262802183628082275e-01
8.788132667541503906e-02
5.960317328572273254e-02
8.627346903085708618e-02
4.099589586257934570e-02
2.260039933025836945e-02
7.673003524541854858e-02
1.151657998561859131e-01
6.284561008214950562e-02
3.087462112307548523e-02
5.619297176599502563e-02
4.147817566990852356e-02
5.352382361888885498e-02
9.947046637535095215e-02
2.597885429859161377e-01
4.188559576869010925e-02
1.408939957618713379e-01
5.550029128789901733e-02
2.486155778169631958e-01
3.974847123026847839e-02
7.836614549160003662e-02
1.559220999479293823e-01
8.396784961223602295e-02
1.844353973865509033e-02
2.320183999836444855e-02
8.401408046483993530e-02
9.999054670333862305e-01
9.996838569641113281e-01
2.173564583063125610e-02
6.622594315558671951e-03
7.898938842117786407e-03
6.478737294673919678e-02
1.510335952043533325e-01
4.118717461824417114e-02
6.625248491764068604e-02
2.445152588188648224e-02
3.524947538971900940e-02
5.634916946291923523e-02
6.542652845382690430e-02
9.158916026353836060e-02
5.668966844677925110e-02
7.364259660243988037e-02
6.083254236727952957e-03
2.710219100117683411e-02
4.114948213100433350e-02
4.522090777754783630e-03
9.857022017240524292e-02
9.113167226314544678e-02
2.776418067514896393e-02
2.063697576522827148e-02
6.679041683673858643e-02
5.088569223880767822e-02
4.966220259666442871e-02
1.505546458065509796e-02
1.906540431082248688e-02
1.671648770570755005e-02
3.311949223279953003e-02
6.994108110666275024e-02
7.728486508131027222e-02
3.415801562368869781e-03
2.247462980449199677e-02
7.066290825605392456e-02
6.246305257081985474e-02
3.138934448361396790e-02
2.572939917445182800e-02
3.146925196051597595e-02
8.966667205095291138e-02
7.792979478836059570e-02
7.020606100559234619e-02
3.737269714474678040e-02
7.324161939322948456e-03
1.640498638153076172e-02
1.113507971167564392e-01
7.721142768859863281e-01
7.059891223907470703e-01
2.640651166439056396e-01
1.172257065773010254e-01
3.044956624507904053e-01
5.925280228257179260e-02
2.036495320498943329e-02
9.304758161306381226e-02
1.829895935952663422e-02
3.940731659531593323e-02
5.668848007917404175e-02
3.417017310857772827e-02
2.920258603990077972e-02
1.123567149043083191e-01
9.484884142875671387e-01
4.381173849105834961e-02
7.622106373310089111e-02
1.057918146252632141e-01
7.842353545129299164e-03
1.833778247237205505e-02
8.252758532762527466e-02
1.608140468597412109e-01
6.651360541582107544e-02
5.736062675714492798e-02
3.870890662074089050e-02
9.367496520280838013e-02
3.634902834892272949e-02
1.399473473429679871e-02
3.566775843501091003e-02
4.146438464522361755e-02
1.600204110145568848e-01
1.194154918193817139e-01
6.268381327390670776e-02
1.147474534809589386e-02
6.764443963766098022e-02
3.869156539440155029e-02
5.620198696851730347e-02
6.326391547918319702e-02
7.368221133947372437e-02
4.339230433106422424e-02
2.368985265493392944e-01
6.420858204364776611e-02
5.399579554796218872e-02
7.727174460887908936e-02
4.127562791109085083e-02
6.779783964157104492e-02
5.901566706597805023e-03
1.813316531479358673e-02
3.012141212821006775e-02
2.228892967104911804e-02
1.034954115748405457e-01
7.895088195800781250e-02
7.438150793313980103e-02
5.186654627323150635e-02
1.227040141820907593e-01
2.962199226021766663e-02
1.429903954267501831e-01
1.135821640491485596e-01
3.319525346159934998e-02
2.133513428270816803e-02
1.199290528893470764e-02
5.116590857505798340e-02
3.757429122924804688e-02
8.193902671337127686e-03
2.258241176605224609e-02
2.323116175830364227e-02
8.833908289670944214e-02
6.162246689200401306e-02
6.370971351861953735e-02
7.034933567047119141e-01
3.068902529776096344e-02
4.609917756170034409e-03
1.551930326968431473e-02
7.543217390775680542e-02
4.263346642255783081e-02
2.933664992451667786e-02
1.232037134468555450e-02
4.522765800356864929e-02
6.567960232496261597e-02
5.375264585018157959e-02
8.242539316415786743e-02
6.873858720064163208e-02
4.821914434432983398e-02
1.777934841811656952e-02
4.462376236915588379e-02
1.064737364649772644e-01
8.056152611970901489e-02
8.218988031148910522e-02
2.347093448042869568e-02
1.508552432060241699e-01
2.631287574768066406e-01
3.677168861031532288e-02
5.816487967967987061e-02
1.037155538797378540e-01
1.922969892621040344e-02
3.290199860930442810e-02
2.775098942220211029e-02
2.336095459759235382e-02
1.147919371724128723e-01
5.276459455490112305e-02
2.819315902888774872e-02
9.881472587585449219e-02
7.556462287902832031e-02
4.033815488219261169e-02
2.953527867794036865e-02
1.199433729052543640e-01
4.101519286632537842e-02
3.144066408276557922e-02
3.062597513198852539e-01
8.187973499298095703e-02
1.645317524671554565e-01
1.260365992784500122e-01
1.298992931842803955e-01
7.109031081199645996e-02
1.137674786150455475e-02
1.218709256500005722e-02
1.594978570938110352e-02
6.884048879146575928e-02
1.064478419721126556e-02
6.800050288438796997e-02
5.087921395897865295e-02
2.742327935993671417e-02
4.129521176218986511e-02
1.773020997643470764e-02
2.810718491673469543e-02
2.815148048102855682e-02
1.585009135305881500e-02
4.978831112384796143e-02
4.954174160957336426e-02
4.268323257565498352e-02
1.365175843238830566e-01
1.447634100914001465e-01
4.190247878432273865e-02
5.218276008963584900e-02
3.593365848064422607e-02
1.877216398715972900e-01
5.060499534010887146e-02
1.533993631601333618e-01
1.995659172534942627e-01
3.598194122314453125e-01
1.219814941287040710e-01
8.077739924192428589e-02
4.832070693373680115e-02
1.087585538625717163e-01
3.949786722660064697e-02
8.782238364219665527e-01
9.994656443595886230e-01
2.106175273656845093e-01
7.048058509826660156e-02
6.506171822547912598e-02
4.601519554853439331e-02
5.541234463453292847e-02
3.022659420967102051e-01
1.005505472421646118e-01
8.221192657947540283e-02
1.657769829034805298e-01
7.843949645757675171e-02
8.117201179265975952e-02
3.540607914328575134e-02
1.202636882662773132e-01
6.976394355297088623e-02
5.954532325267791748e-02
3.654934465885162354e-02
7.786376029253005981e-02
5.669308453798294067e-02
8.156444877386093140e-02
9.067633748054504395e-02
5.781505256891250610e-02
4.643260315060615540e-02
2.951919734477996826e-01
8.008219301700592041e-02
4.731421917676925659e-02
8.413760364055633545e-02
4.399018362164497375e-02
1.912504807114601135e-02
1.609824895858764648e-01
2.953381538391113281e-01
5.511816143989562988e-01
9.991607666015625000e-01
2.612657248973846436e-01
1.148519590497016907e-01
9.340934157371520996e-01
4.308410584926605225e-01
1.553376615047454834e-01
1.792306900024414062e-01
9.224128723144531250e-02
5.641075596213340759e-02
4.914115741848945618e-02
3.883320987224578857e-01
7.323268800973892212e-02
2.253218740224838257e-02
1.598456203937530518e-01
5.068653821945190430e-02
1.891957223415374756e-02
5.098337531089782715e-01
2.023619711399078369e-01
1.233714595437049866e-01
1.587336361408233643e-01
3.268915042281150818e-02
1.116356253623962402e-01
2.198418676853179932e-01
4.167567193508148193e-02
1.675753593444824219e-01
1.882615089416503906e-01
3.523712754249572754e-01
1.318957954645156860e-01
2.843458950519561768e-01
5.162991881370544434e-01
1.311915367841720581e-01
9.879165887832641602e-01
5.396393314003944397e-02
5.777483060956001282e-02
1.644028723239898682e-02
3.192601799964904785e-01
2.393446490168571472e-02
5.617129057645797729e-02
7.400955259799957275e-02
2.465574145317077637e-01
1.534549333155155182e-02
4.613671079277992249e-02
4.744984582066535950e-02
7.616736739873886108e-02
9.218652546405792236e-02
8.472675085067749023e-02
1.401580721139907837e-01
1.461235731840133667e-01
8.951406925916671753e-02
1.415001302957534790e-01
2.398781478404998779e-01
4.159698635339736938e-02
1.832035183906555176e-01
3.533080220222473145e-01
4.901257902383804321e-02
2.375352568924427032e-02
1.368903666734695435e-01
7.019546627998352051e-02
1.537142992019653320e-01
3.088831156492233276e-02
2.643116936087608337e-02
2.522147819399833679e-02
4.654831439256668091e-02
6.904020905494689941e-02
5.683575198054313660e-02
9.880389273166656494e-02
8.203393965959548950e-02
1.404915750026702881e-01
1.466500312089920044e-01
6.591185182332992554e-02
7.609916478395462036e-02
8.529510349035263062e-02
5.474554374814033508e-02
5.457115918397903442e-02
9.962977468967437744e-02
3.438727557659149170e-01
6.557492613792419434e-01
3.158777356147766113e-01
7.289049029350280762e-02
5.429915711283683777e-02
8.322780579328536987e-02
1.041786968708038330e-01
5.998023971915245056e-02
7.256331294775009155e-02
7.945364713668823242e-02
3.191849589347839355e-02
2.528767660260200500e-02
7.622736692428588867e-02
9.907960146665573120e-02
2.355920709669589996e-02
3.477860242128372192e-02
4.910489544272422791e-03
1.650737076997756958e-01
6.275615841150283813e-02
6.600871682167053223e-02
5.771383643150329590e-02
1.371938288211822510e-01
5.773100629448890686e-02
5.608884245157241821e-02
2.150805667042732239e-02
4.499418660998344421e-02
1.509493589401245117e-01
4.332617297768592834e-02
1.120465770363807678e-01
7.261990755796432495e-02
1.501440405845642090e-01
4.578249529004096985e-03
6.972576677799224854e-02
2.818907611072063446e-02
3.339132666587829590e-02
1.703310571610927582e-02
4.926883801817893982e-02
4.828704893589019775e-02
5.603338405489921570e-02
3.976929560303688049e-02
8.761791884899139404e-02
4.114953801035881042e-02
4.738978296518325806e-02
5.436518415808677673e-02
6.898659467697143555e-02
2.160765379667282104e-01
1.611006110906600952e-01
6.907471269369125366e-02
8.258049190044403076e-02
5.787640437483787537e-02
9.407959133386611938e-02
3.254909440875053406e-02
3.710467368364334106e-02
4.325094446539878845e-02
1.267541851848363876e-02
4.348936490714550018e-03
8.319833315908908844e-03
1.081312969326972961e-01
6.873222440481185913e-02
1.056685075163841248e-01
8.454911410808563232e-02
1.485808342695236206e-01
8.884883671998977661e-02
1.239011902362108231e-02
4.546208679676055908e-02
1.576907932758331299e-02
2.306615263223648071e-01
6.189837306737899780e-02
2.127484381198883057e-01
7.296896725893020630e-02
5.223496556282043457e-01
7.895436882972717285e-01
4.004156589508056641e-02
1.705047115683555603e-02
2.352381311357021332e-02
3.892151638865470886e-02
3.574622794985771179e-02
7.804270088672637939e-02
6.490697860717773438e-01
6.039559245109558105e-01
7.833007723093032837e-02
4.912327229976654053e-02
9.770095348358154297e-02
5.095162987709045410e-02
1.027871891856193542e-01
1.326004415750503540e-01
1.055825427174568176e-01
1.873932033777236938e-01
2.346277087926864624e-01
3.608044981956481934e-02
1.405956298112869263e-01
2.266284376382827759e-01
2.287227660417556763e-01
1.373027414083480835e-01
2.975638210773468018e-02
7.107108831405639648e-02
6.939639151096343994e-02
3.224864229559898376e-02
4.732907190918922424e-02
1.203749850392341614e-01
1.041926965117454529e-01
9.897825717926025391e-01
6.628869771957397461e-01
8.428578078746795654e-02
2.677430212497711182e-01
5.819695070385932922e-02
3.125661239027976990e-02
6.981166452169418335e-02
3.912196308374404907e-02
1.259972341358661652e-02
1.770728081464767456e-02
7.770526688545942307e-03
2.788878045976161957e-02
3.800997044891119003e-03
4.015684872865676880e-02
6.659650057554244995e-02
7.807017117738723755e-02
3.133678436279296875e-02
2.353323996067047119e-02
1.180867925286293030e-01
2.075059711933135986e-02
1.116354316473007202e-01
3.299545496702194214e-02
7.018630206584930420e-02
1.528148353099822998e-01
6.078502535820007324e-01
6.240246072411537170e-02
5.433278530836105347e-02
1.338774561882019043e-01
6.408943980932235718e-02
9.203089028596878052e-02
5.615087971091270447e-02
6.151568889617919922e-02
1.587141007184982300e-01
1.378062367439270020e-01
8.441884070634841919e-02
5.473596975207328796e-02
6.931494474411010742e-01
3.709999844431877136e-02
7.223904132843017578e-02
1.120975762605667114e-01
4.325276985764503479e-02
1.784516125917434692e-01
1.404295414686203003e-01
2.159668505191802979e-02
8.319719880819320679e-02
5.429696291685104370e-02
1.977397650480270386e-01
3.850507363677024841e-02
6.369823962450027466e-02
5.701783895492553711e-01
5.398175120353698730e-01
2.849784307181835175e-02
6.166883930563926697e-02
5.784382671117782593e-02
3.056760691106319427e-02
8.690591156482696533e-02
4.147006198763847351e-02
8.849146962165832520e-02
2.339982613921165466e-02
7.561073452234268188e-02
1.665655672550201416e-01
7.619268447160720825e-02
4.673690721392631531e-02
1.775894016027450562e-01
2.033989876508712769e-01
9.823659807443618774e-02
5.237535014748573303e-02
1.629570871591567993e-01
1.076840329915285110e-02
4.233427718281745911e-02
2.632130309939384460e-02
4.849370568990707397e-03
2.244719862937927246e-02
2.347650937736034393e-02
3.127423301339149475e-02
6.752619892358779907e-02
2.511144056916236877e-02
6.897766888141632080e-02
1.283681690692901611e-01
1.238447874784469604e-01
8.314272761344909668e-01
6.966146230697631836e-01
3.464204370975494385e-01
4.860452413558959961e-01
2.127050422132015228e-02
4.429926872253417969e-01
4.863143712282180786e-02
3.171238303184509277e-01
1.137537062168121338e-01
7.044985145330429077e-02
7.034213095903396606e-02
5.841720476746559143e-02
2.159164249897003174e-01
3.157330304384231567e-02
1.095911860466003418e-01
7.714919745922088623e-02
7.586450874805450439e-02
5.977812781929969788e-02
9.963610768318176270e-02
1.415536254644393921e-01
1.155356839299201965e-01
4.624038562178611755e-02
1.311709731817245483e-01
6.504357606172561646e-02
8.066045492887496948e-02
8.353964984416961670e-02
1.243971139192581177e-01
6.936231255531311035e-02
1.942229419946670532e-01
6.253586709499359131e-02
3.334265947341918945e-01
4.740096628665924072e-02
1.027410402894020081e-01
5.544978380203247070e-01
9.649487137794494629e-01
8.492920398712158203e-01
7.067276239395141602e-01
9.721637964248657227e-01
8.327236175537109375e-01
9.998813867568969727e-01
1.768229454755783081e-01
9.620670974254608154e-02
2.940860949456691742e-02
4.588624835014343262e-02
7.609662413597106934e-01
1.059048920869827271e-01
4.951272159814834595e-02
9.112136065959930420e-02
4.840975999832153320e-02
4.080386087298393250e-02
5.657342672348022461e-01
2.156198471784591675e-01
6.533519029617309570e-01
1.157681867480278015e-01
1.293012946844100952e-01
8.543635159730911255e-02
1.134246885776519775e-01
2.190778851509094238e-01
1.129191964864730835e-01
5.749233439564704895e-02
2.088829688727855682e-02
6.233418732881546021e-02
3.712916374206542969e-02
8.558175712823867798e-02
7.148957252502441406e-02
4.678884521126747131e-02
5.713684111833572388e-02
1.176396533846855164e-01
9.127884358167648315e-02
8.921100944280624390e-02
7.315115630626678467e-02
7.978370785713195801e-02
5.492628738284111023e-02
6.346394121646881104e-02
3.392422199249267578e-02
4.121959581971168518e-02
3.159039095044136047e-02
1.418742835521697998e-01
1.836604028940200806e-01
6.564681231975555420e-02
1.454750597476959229e-01
8.237033486366271973e-01
8.043069839477539062e-01
9.860464185476303101e-02
4.824745655059814453e-02
2.409501001238822937e-02
4.134362936019897461e-02
4.060532152652740479e-01
2.016231976449489594e-02
9.960388392210006714e-02
2.720123156905174255e-02
4.170338064432144165e-02
1.132876276969909668e-01
9.283224493265151978e-02
9.481704235076904297e-02
4.594355225563049316e-01
9.998596906661987305e-01
9.786307811737060547e-01
6.491675227880477905e-02
4.177147522568702698e-02
4.845009371638298035e-02
9.427609294652938843e-02
1.411455422639846802e-01
5.975527316331863403e-02
1.014746502041816711e-01
2.279229164123535156e-01
2.685127556324005127e-01
3.284588456153869629e-02
3.660631477832794189e-01
1.585685312747955322e-01
1.740327179431915283e-01
2.509268745779991150e-02
5.524688959121704102e-02
6.633449345827102661e-02
1.046885102987289429e-01
3.268874287605285645e-01
3.365068733692169189e-01
1.064433529973030090e-01
9.824483990669250488e-01
8.406854271888732910e-01
1.042944639921188354e-01
2.416188418865203857e-01
6.352518200874328613e-01
1.024291887879371643e-01
1.261249929666519165e-01
3.401062637567520142e-02
1.496698893606662750e-02
5.330266058444976807e-02
9.388315677642822266e-02
3.396321088075637817e-02
2.321670353412628174e-01
4.426630213856697083e-02
9.019037336111068726e-02
1.305073648691177368e-01
4.505754411220550537e-01
8.726443350315093994e-02
3.397744521498680115e-02
3.724598512053489685e-02
8.203327655792236328e-02
7.341123372316360474e-02
7.433392107486724854e-02
1.282622069120407104e-01
2.119358628988265991e-01
8.293329179286956787e-02
3.941257297992706299e-01
1.154051348567008972e-01
9.521568566560745239e-02
1.918884366750717163e-01
9.976262450218200684e-01
9.985175728797912598e-01
1.082508340477943420e-01
3.076116554439067841e-02
3.171483054757118225e-02
4.665201008319854736e-01
8.719234168529510498e-02
4.566741883754730225e-01
1.385058760643005371e-01
9.581656008958816528e-02
5.626200512051582336e-02
9.741443395614624023e-02
5.465077981352806091e-02
9.161472320556640625e-02
6.779551506042480469e-02
2.604281343519687653e-02
5.487428903579711914e-01
1.720874607563018799e-01
5.305793881416320801e-02
4.971385374665260315e-02
1.006100550293922424e-01
9.950208663940429688e-01
6.329021602869033813e-02
1.285959500819444656e-02
8.777755498886108398e-02
8.520160615444183350e-02
2.966156601905822754e-02
8.489215373992919922e-02
6.469642370939254761e-02
1.203279718756675720e-01
2.406578212976455688e-01
7.543767243623733521e-02
9.424340128898620605e-01
8.588387072086334229e-02
6.935922056436538696e-02
2.180126458406448364e-01
9.518539160490036011e-02
6.777070462703704834e-02
2.717862427234649658e-01
2.130628824234008789e-01
1.263212598860263824e-02
1.380239031277596951e-03
1.752417348325252533e-02
2.391995117068290710e-02
1.083368360996246338e-01
1.412546038627624512e-01
5.973348394036293030e-02
3.430550917983055115e-02
8.608123064041137695e-01
7.376445531845092773e-01
2.605243325233459473e-01
4.906128719449043274e-02
6.802196800708770752e-02
9.999537467956542969e-01
8.186434209346771240e-02
6.371483951807022095e-02
1.205517351627349854e-01
4.416800290346145630e-02
7.547000646591186523e-01
7.632823586463928223e-01
5.638261511921882629e-02
9.228639304637908936e-02
5.689401924610137939e-02
1.549103111028671265e-01
2.025103382766246796e-02
2.828308939933776855e-02
8.075363934040069580e-03
2.762688882648944855e-02
5.437767505645751953e-02
7.318111602216959000e-03
6.498033553361892700e-02
2.713383175432682037e-02
6.515818089246749878e-02
4.809014499187469482e-02
3.012976348400115967e-01
6.771721839904785156e-01
1.600062996149063110e-01
1.264581382274627686e-01
9.412994608283042908e-03
5.295291170477867126e-02
8.103001117706298828e-02
1.641803383827209473e-01
3.896088525652885437e-02
8.091802150011062622e-02
3.141590207815170288e-02
1.469779666513204575e-02
1.933235675096511841e-02
5.171997100114822388e-02
6.821187585592269897e-02
4.515183568000793457e-01
5.746499896049499512e-01
9.741683006286621094e-01
3.431541621685028076e-01
8.780745416879653931e-02
2.743524685502052307e-02
1.479073017835617065e-01
8.768691681325435638e-03
4.058184847235679626e-02
1.800407767295837402e-01
7.454355061054229736e-02
2.793520875275135040e-02
7.263715565204620361e-02
3.439662158489227295e-01
4.128124192357063293e-02
9.999908208847045898e-01
6.622565984725952148e-01
5.119097232818603516e-02
1.166892871260643005e-01
4.274837672710418701e-02
1.241805870085954666e-02
6.472697108983993530e-02
1.252769231796264648e-01
7.741157710552215576e-02
1.766790747642517090e-01
3.438467904925346375e-02
4.687044024467468262e-02
3.142636269330978394e-02
7.190022617578506470e-03
6.066443398594856262e-02
5.593754351139068604e-02
3.634291514754295349e-02
3.430607542395591736e-02
7.645918428897857666e-02
3.973599523305892944e-02
9.714077413082122803e-02
1.133383214473724365e-01
7.730850577354431152e-02
1.231106519699096680e-01
9.116250276565551758e-02
5.940295755863189697e-02
3.199766948819160461e-02
1.592231243848800659e-01
7.709185779094696045e-02
5.059921368956565857e-02
3.524567186832427979e-02
1.266225129365921021e-01
1.342280060052871704e-01
9.317069053649902344e-01
3.731480240821838379e-02
5.844774097204208374e-02
2.957231923937797546e-02
1.635320037603378296e-01
5.503393411636352539e-01
3.760126829147338867e-01
9.076678752899169922e-02
6.834788620471954346e-02
5.197214335203170776e-02
6.189871579408645630e-02
1.008604094386100769e-01
3.083598017692565918e-01
1.396478563547134399e-01
1.027849242091178894e-01
9.977775216102600098e-01
6.876702606678009033e-02
1.964601278305053711e-01
2.171691358089447021e-01
1.850105375051498413e-01
9.993858337402343750e-01
2.234823405742645264e-01
8.713340163230895996e-01
1.304279565811157227e-01
6.577305495738983154e-02
2.228821814060211182e-01
4.180034101009368896e-01
9.955812096595764160e-01
5.298102274537086487e-02
9.239776432514190674e-02
1.749579757452011108e-01
1.219459325075149536e-01
1.244874373078346252e-01
1.104033961892127991e-01
1.197648644447326660e-01
1.660721898078918457e-01
2.460606098175048828e-01
3.199564665555953979e-02
1.925280317664146423e-02
3.111327253282070160e-02
2.578113228082656860e-02
2.499611489474773407e-02
1.022861674427986145e-01
4.126455634832382202e-02
2.423887513577938080e-02
7.707244157791137695e-02
1.238637790083885193e-01
5.213673040270805359e-02
4.615176096558570862e-02
2.974588237702846527e-02
6.377843022346496582e-02
5.245267599821090698e-02
5.124767497181892395e-02
6.623565405607223511e-02
1.222458481788635254e-01
3.151502832770347595e-02
6.450136005878448486e-02
1.065711230039596558e-01
5.864504724740982056e-02
9.995192289352416992e-02
8.839894086122512817e-03
3.137659654021263123e-02
6.599976122379302979e-02
1.151541322469711304e-01
5.509762465953826904e-02
3.342041000723838806e-02
9.780205786228179932e-02
5.722538754343986511e-02
1.041793227195739746e-01
1.018985062837600708e-01
3.608310595154762268e-02
5.442716553807258606e-02
3.916424885392189026e-02
6.231356412172317505e-02
3.231107443571090698e-02
3.784244656562805176e-01
2.138101160526275635e-01
5.064786672592163086e-01
8.563638329505920410e-01
7.937438488006591797e-01
2.959893085062503815e-02
8.716330677270889282e-02
5.630690604448318481e-02
2.335270196199417114e-01
3.134453594684600830e-01
9.608062505722045898e-01
9.635957479476928711e-01
3.459517657756805420e-01
3.913559392094612122e-02
4.714767038822174072e-01
4.187251999974250793e-02
2.425209060311317444e-02
2.289707660675048828e-01
2.227446436882019043e-01
8.612779527902603149e-02
8.065267652273178101e-02
7.882358133792877197e-02
8.349499851465225220e-02
4.227466508746147156e-02
5.658648535609245300e-02
1.152048856019973755e-01
2.527816593647003174e-01
1.063600406050682068e-01
4.465271532535552979e-01
9.707668423652648926e-01
3.358622193336486816e-01
3.226400166749954224e-02
1.134259775280952454e-01
1.212200801819562912e-02
5.449501797556877136e-03
2.694092132151126862e-02
4.383923113346099854e-02
2.747420780360698700e-02
8.502142876386642456e-02
7.263264805078506470e-02
1.321149710565805435e-02
1.827473379671573639e-02
7.886564731597900391e-02
9.453966021537780762e-01
6.603423506021499634e-02
2.144590578973293304e-02
7.808573544025421143e-02
1.657484769821166992e-01
6.460961699485778809e-02
2.422543466091156006e-01
3.410643041133880615e-01
7.407414913177490234e-02
3.480833023786544800e-02
5.571744963526725769e-02
3.289638459682464600e-01
9.040315449237823486e-02
3.829493746161460876e-02
4.544481635093688965e-02
7.839717715978622437e-02
4.799217730760574341e-02
8.111526817083358765e-02
3.886776566505432129e-01
6.017231568694114685e-02
1.217779815196990967e-01
2.065289467573165894e-01
6.292760968208312988e-01
3.176902607083320618e-02
1.879798620939254761e-01
9.161624908447265625e-01
1.843001879751682281e-02
9.369610249996185303e-02
1.257385015487670898e-01
1.200466081500053406e-01
6.976960599422454834e-02
3.326398879289627075e-02
1.245843470096588135e-01
2.575856633484363556e-02
6.318252533674240112e-02
3.964691981673240662e-02
1.002851873636245728e-01
9.933227300643920898e-02
8.056654036045074463e-02
1.314792037010192871e-01
8.621629327535629272e-02
1.655375659465789795e-01
7.986123859882354736e-02
8.906015753746032715e-02
7.911807894706726074e-01
4.430298134684562683e-02
9.754740446805953979e-02
1.991976052522659302e-01
3.874281793832778931e-02
1.111359372735023499e-01
5.305624380707740784e-02
4.663089662790298462e-02
5.885514616966247559e-02
1.303797662258148193e-01
1.471514850854873657e-01
1.112758368253707886e-01
7.510421425104141235e-02
7.382164150476455688e-02
9.944792091846466064e-02
2.315382100641727448e-02
3.354682028293609619e-02
1.532160341739654541e-01
1.314196139574050903e-01
8.616304993629455566e-01
4.835784435272216797e-02
1.118820682168006897e-01
3.221080899238586426e-01
8.311778903007507324e-01
1.447821259498596191e-01
6.298497319221496582e-02
5.677048116922378540e-02
7.113688588142395020e-01
1.883408278226852417e-01
8.143409341573715210e-02
2.879539504647254944e-02
4.936915636062622070e-02
1.363359987735748291e-01
2.949344180524349213e-02
6.046859547495841980e-02
6.448064744472503662e-02
4.025913402438163757e-02
5.823770910501480103e-02
1.865739375352859497e-01
7.141277939081192017e-02
8.507836610078811646e-02
1.005332842469215393e-01
1.138043403625488281e-01
1.376536041498184204e-01
1.804763972759246826e-01
3.376320749521255493e-02
1.140171661972999573e-01
7.161577045917510986e-02
8.803960680961608887e-02
5.115704983472824097e-02
4.552056640386581421e-02
9.037497639656066895e-02
1.978877335786819458e-01
6.889286637306213379e-02
5.798767134547233582e-02
1.466571837663650513e-01
6.328878551721572876e-02
9.819269925355911255e-02
3.888814896345138550e-02
7.775055617094039917e-02
1.153681948781013489e-01
2.078600972890853882e-01
1.261509358882904053e-01
3.157059103250503540e-02
1.805775910615921021e-01
6.128142774105072021e-02
4.918339848518371582e-02
9.290353953838348389e-02
1.460838019847869873e-01
1.215314790606498718e-01
1.684144139289855957e-01
6.539162993431091309e-02
5.210683867335319519e-02
3.133315593004226685e-02
6.814668327569961548e-02
8.387138694524765015e-02
6.312958151102066040e-02
5.594283342361450195e-02
9.904768317937850952e-02
1.255824137479066849e-02
3.894297778606414795e-02
1.845270209014415741e-02
6.651004403829574585e-02
1.070185750722885132e-01
3.836299479007720947e-02
1.077571287751197815e-01
3.037837706506252289e-02
8.727089315652847290e-02
1.227729022502899170e-01
1.882610917091369629e-01
4.748744517564773560e-02
3.809482753276824951e-01
1.511642932891845703e-01
4.234746098518371582e-02
6.784454733133316040e-02
6.154077127575874329e-02
5.511878430843353271e-02
5.414209887385368347e-02
6.595516949892044067e-02
8.466522395610809326e-02
3.758337721228599548e-02
5.416668206453323364e-02
1.319439709186553955e-01
2.151500061154365540e-02
1.877274923026561737e-02
2.979389205574989319e-02
7.327228784561157227e-02
1.145343184471130371e-01
6.958916783332824707e-02
7.316244840621948242e-01
1.715522259473800659e-01
3.932937607169151306e-02
2.176942490041255951e-02
2.631061337888240814e-02
9.792197495698928833e-02
1.833781227469444275e-02
1.655393093824386597e-02
2.158574946224689484e-02
6.829904764890670776e-02
9.165669232606887817e-02
5.780412629246711731e-02
5.833546444773674011e-02
3.918384760618209839e-02
1.115720123052597046e-01
4.641575738787651062e-02
6.882602721452713013e-02
1.016376987099647522e-01
5.956022441387176514e-02
5.500377342104911804e-02
5.942501500248908997e-02
9.078282862901687622e-03
1.032304111868143082e-02
9.758007712662220001e-03
8.353200554847717285e-02
3.890973702073097229e-02
8.421573787927627563e-03
1.222606934607028961e-02
6.123238801956176758e-02
7.668769452720880508e-03
1.744651421904563904e-02
3.656129539012908936e-02
3.252706676721572876e-02
5.361130088567733765e-02
7.419127225875854492e-02
5.407778918743133545e-02
5.981155484914779663e-02
1.459923107177019119e-02
1.037588063627481461e-02
3.740837052464485168e-02
2.210792899131774902e-01
1.060008704662322998e-01
3.773072361946105957e-02
1.041045784950256348e-01
8.303780108690261841e-02
7.864625006914138794e-02
1.021728366613388062e-01
1.099504530429840088e-01
9.976931214332580566e-01
9.995359182357788086e-01
5.021957159042358398e-01
8.043873310089111328e-02
7.799538224935531616e-02
2.146725505590438843e-01
5.174930095672607422e-01
9.446939229965209961e-01
8.809153735637664795e-02
3.843073919415473938e-02
1.013514176011085510e-01
7.829264551401138306e-02
1.342761069536209106e-01
6.191109120845794678e-02
2.548305131494998932e-02
7.978164404630661011e-02
4.677336663007736206e-02
1.524741202592849731e-01
3.229406848549842834e-02
1.577722430229187012e-01
6.024493649601936340e-02
5.050227046012878418e-02
4.972890391945838928e-02
5.588613450527191162e-02
1.178347691893577576e-01
2.019338756799697876e-01
5.001086369156837463e-02
1.952301859855651855e-01
1.844976544380187988e-01
6.566128879785537720e-02
5.077555309981107712e-03
1.261453330516815186e-02
8.873095363378524780e-02
5.502490699291229248e-02
4.929395020008087158e-02
6.377933919429779053e-02
3.055534958839416504e-01
3.262825310230255127e-02
6.362671405076980591e-02
5.733292549848556519e-02
2.940962314605712891e-01
1.962548792362213135e-01
3.034654259681701660e-02
1.074287295341491699e-02
7.467751950025558472e-02
4.882681071758270264e-01
2.686637043952941895e-01
8.807870745658874512e-02
9.999939203262329102e-01
9.471578001976013184e-01
4.095386862754821777e-01
1.757697463035583496e-01
3.601654246449470520e-02
6.476150453090667725e-02
1.963019222021102905e-01
9.349668771028518677e-02
1.522361636161804199e-01
1.850391328334808350e-01
1.442136019468307495e-01
1.217223405838012695e-01
8.919981122016906738e-02
3.306270241737365723e-01
6.215479969978332520e-01
9.566247463226318359e-02
9.716422110795974731e-02
4.674915075302124023e-01
6.580785661935806274e-02
4.363298043608665466e-02
1.945603825151920319e-02
6.052219122648239136e-02
1.445245593786239624e-01
2.244543656706809998e-02
1.943261921405792236e-02
8.630035072565078735e-02
1.672063767910003662e-01
1.773706972599029541e-01
2.830072641372680664e-01
3.417975082993507385e-02
9.916336089372634888e-02
6.536913663148880005e-02
3.704170137643814087e-02
3.779987990856170654e-02
1.432172860950231552e-02
2.587250471115112305e-01
2.310228161513805389e-02
2.659205161035060883e-02
1.007568240165710449e-01
6.698942184448242188e-02
1.474356055259704590e-01
8.674629032611846924e-02
7.597362250089645386e-02
1.684866398572921753e-01
3.160512447357177734e-01
2.220941483974456787e-01
4.408606290817260742e-01
1.009068265557289124e-01
6.642170995473861694e-02
3.824968934059143066e-01
6.871180981397628784e-02
6.259077787399291992e-02
1.215270683169364929e-01
3.887053579092025757e-02
6.528200954198837280e-02
5.158076435327529907e-02
5.697709321975708008e-02
4.202637821435928345e-02
1.072966009378433228e-01
1.631044000387191772e-01
4.540187418460845947e-01
7.627586275339126587e-02
1.988027393817901611e-01
3.700382262468338013e-02
1.755520403385162354e-01
3.181019723415374756e-01
1.251244395971298218e-01
6.303755193948745728e-02
8.705516904592514038e-02
2.474344521760940552e-02
3.153614699840545654e-02
4.566176608204841614e-02
8.075771480798721313e-02
1.880141496658325195e-01
1.318074613809585571e-01
3.626956790685653687e-02
2.885915152728557587e-02
9.053172916173934937e-02
3.281444311141967773e-02
8.214480429887771606e-02
9.706214070320129395e-02
4.684701189398765564e-02
4.887178540229797363e-02
5.806140601634979248e-02
1.409130245447158813e-01
9.760782867670059204e-02
8.436147570610046387e-01
3.394747972488403320e-01
2.224091999232769012e-02
4.096747562289237976e-02
5.527138337492942810e-02
6.596025079488754272e-02
7.354293763637542725e-02
1.386694908142089844e-01
9.990804195404052734e-01
8.434608578681945801e-01
3.448032587766647339e-02
1.631553471088409424e-01
3.043103776872158051e-02
3.912083059549331665e-02
1.422226876020431519e-01
2.402408048510551453e-02
9.005777537822723389e-03
9.770866483449935913e-03
8.229941874742507935e-02
9.399919956922531128e-02
2.309430390596389771e-02
2.180675975978374481e-02
6.802944839000701904e-02
7.198522984981536865e-02
4.067866876721382141e-02
4.498771205544471741e-02
3.219434618949890137e-02
5.760970339179039001e-02
3.696531429886817932e-02
2.422884665429592133e-02
8.984048664569854736e-02
9.405191987752914429e-02
4.689024016261100769e-02
7.501032948493957520e-02
1.884397119283676147e-02
8.793323487043380737e-02
1.259273886680603027e-01
2.977163344621658325e-02
6.652828305959701538e-03
1.240466758608818054e-01
5.334568023681640625e-02
1.020801346749067307e-02
2.531705982983112335e-02
6.213478744029998779e-02
2.132870703935623169e-01
3.108460456132888794e-02
1.023328024893999100e-02
1.401340961456298828e-01
8.567614108324050903e-02
5.927519127726554871e-02
3.597371280193328857e-02
2.813218832015991211e-01
9.255254268646240234e-02
4.664411395788192749e-02
5.064368993043899536e-02
9.283718466758728027e-02
1.138296648859977722e-01
3.384560346603393555e-02
4.075707122683525085e-02
7.352076470851898193e-02
1.382514536380767822e-01
8.420143276453018188e-02
6.314161419868469238e-02
3.175705969333648682e-01
5.546082854270935059e-01
1.276026852428913116e-02
5.620953813195228577e-02
4.622284695506095886e-02
4.351299628615379333e-02
1.957985013723373413e-01
8.734278380870819092e-02
9.564750827848911285e-03
1.759095489978790283e-01
5.538032203912734985e-02
9.090422093868255615e-02
7.037338614463806152e-02
1.551994085311889648e-01
4.044641852378845215e-01
1.829750686883926392e-01
3.395130857825279236e-02
3.200111910700798035e-02
7.951465994119644165e-02
4.639001563191413879e-02
5.023383349180221558e-02
6.964103877544403076e-02
4.987417533993721008e-02
6.742279231548309326e-02
1.572294980287551880e-01
1.641746908426284790e-01
2.786817029118537903e-02
1.597106903791427612e-01
8.982150256633758545e-02
6.894572079181671143e-02
4.828322678804397583e-02
1.683067344129085541e-02
2.382862754166126251e-02
1.575839519500732422e-02
3.946891054511070251e-03
4.979578033089637756e-02
6.683183461427688599e-02
9.955152869224548340e-01
9.965020418167114258e-01
2.088513225317001343e-02
4.812626540660858154e-02
4.338662326335906982e-02
2.200765162706375122e-02
4.555964469909667969e-02
7.769104838371276855e-02
2.820329368114471436e-02
6.322312355041503906e-02
1.125439256429672241e-01
8.491189777851104736e-02
4.519705846905708313e-02
1.091537848114967346e-01
7.345339655876159668e-02
1.079952269792556763e-01
2.223175950348377228e-02
1.332431938499212265e-02
2.187564969062805176e-02
1.584418676793575287e-02
4.129908978939056396e-02
1.439228281378746033e-02
7.705458253622055054e-02
1.314150542020797729e-01
6.805145740509033203e-02
7.425259053707122803e-02
2.771449685096740723e-01
9.819253683090209961e-01
1.473201662302017212e-01
1.399507224559783936e-01
8.500500023365020752e-02
2.190334498882293701e-01
6.721550226211547852e-02
1.090503558516502380e-01
7.209823280572891235e-02
7.309748530387878418e-01
1.914124339818954468e-01
9.705969095230102539e-01
4.849417507648468018e-02
9.674791246652603149e-02
1.661635003983974457e-02
3.476257622241973877e-02
2.255851775407791138e-02
7.203289307653903961e-03
9.821168780326843262e-01
9.892241358757019043e-01
1.597700640559196472e-02
7.388333231210708618e-02
8.168252557516098022e-02
4.365763068199157715e-02
7.462043315172195435e-02
3.842734917998313904e-02
6.351812183856964111e-02
1.394646465778350830e-01
5.030372366309165955e-02
2.656988054513931274e-02
3.541243076324462891e-02
7.670774310827255249e-02
7.834976911544799805e-02
5.208555236458778381e-02
1.818815916776657104e-01
5.596393719315528870e-02
1.133014857769012451e-01
6.559717655181884766e-02
8.756324648857116699e-02
7.648634165525436401e-02
6.387022882699966431e-02
1.560329198837280273e-01
3.817350864410400391e-01
5.472592636942863464e-02
5.870197340846061707e-02
4.448185861110687256e-01
1.389549076557159424e-01
7.602667808532714844e-02
9.615582227706909180e-02
7.609314750880002975e-03
1.185307092964649200e-02
8.894631266593933105e-02
6.834635883569717407e-02
8.060184866189956665e-02
5.169565603137016296e-02
9.790081977844238281e-01
9.660905599594116211e-01
8.359244093298912048e-03
6.217914074659347534e-02
4.237787052989006042e-02
6.866004317998886108e-02
1.070565059781074524e-01
2.075762301683425903e-02
2.383013218641281128e-01
1.800280362367630005e-01
2.995671145617961884e-02
3.519492596387863159e-02
1.234450414776802063e-01
9.014104306697845459e-02
6.983454525470733643e-02
1.100705042481422424e-01
9.999982118606567383e-01
9.999960660934448242e-01
8.759190142154693604e-02
1.613268256187438965e-01
6.757132709026336670e-02
2.828572317957878113e-02
7.989666610956192017e-02
1.355572789907455444e-01
5.851653218269348145e-02
6.866220384836196899e-02
1.411686465144157410e-02
5.628081783652305603e-02
1.035098209977149963e-01
1.023592129349708557e-01
1.495984196662902832e-01
1.254859715700149536e-01
1.956583261489868164e-01
6.466571986675262451e-02
5.867731943726539612e-02
9.795150756835937500e-01
6.680750846862792969e-02
4.120397847145795822e-03
1.177922114729881287e-01
2.266583144664764404e-01
1.566442847251892090e-02
6.664960086345672607e-02
6.476953625679016113e-02
6.031296402215957642e-02
7.060830295085906982e-02
1.710185110569000244e-01
3.866337612271308899e-02
1.113294735550880432e-01
2.283073663711547852e-01
5.999506115913391113e-01
2.579927444458007812e-01
9.407120198011398315e-02
1.647016033530235291e-02
1.736530810594558716e-01
4.164556860923767090e-01
1.660661101341247559e-01
9.813793897628784180e-01
1.694603413343429565e-01
3.708846867084503174e-02
6.428498029708862305e-02
2.339183911681175232e-02
9.392170906066894531e-01
9.999871253967285156e-01
2.058234065771102905e-01
1.224062815308570862e-01
7.060335576534271240e-02
1.499632596969604492e-01
4.455397278070449829e-02
5.783424898982048035e-02
1.946730464696884155e-01
4.552607610821723938e-02
5.738562718033790588e-02
1.193007156252861023e-01
1.033339276909828186e-01
3.034638427197933197e-02
2.212993353605270386e-01
6.172178685665130615e-02
1.184380128979682922e-01
1.185514256358146667e-01
8.783386647701263428e-02
8.569917082786560059e-02
3.904812037944793701e-02
1.763141751289367676e-01
1.075384989380836487e-01
2.619471959769725800e-02
1.264565885066986084e-01
1.291647553443908691e-01
1.996582150459289551e-01
1.874151229858398438e-01
3.401016891002655029e-01
6.398950517177581787e-02
7.887271046638488770e-02
3.451532721519470215e-01
3.270265460014343262e-01
3.095415234565734863e-02
2.970774844288825989e-02
1.171267591416835785e-02
4.808349311351776123e-01
1.360131651163101196e-01
1.775198131799697876e-01
1.263935416936874390e-01
4.013303294777870178e-02
2.693382091820240021e-02
6.905730068683624268e-02
4.082946851849555969e-02
2.119682915508747101e-02
4.988275095820426941e-02
7.077571004629135132e-02
6.828466802835464478e-02
2.585052512586116791e-02
2.019753754138946533e-01
8.222524076700210571e-02
4.461974650621414185e-02
6.949663162231445312e-02
4.668821021914482117e-02
9.646503627300262451e-02
3.767972812056541443e-02
8.647383004426956177e-02
2.700028121471405029e-01
3.116587400436401367e-01
7.220908254384994507e-02
1.230193227529525757e-01
5.260410904884338379e-01
6.525126695632934570e-01
2.154772728681564331e-01
9.296248853206634521e-02
8.053346723318099976e-02
5.633477121591567993e-02
2.153532803058624268e-01
7.648819684982299805e-02
3.085023723542690277e-02
7.144179940223693848e-02
8.607822656631469727e-02
9.277310222387313843e-02
9.003568440675735474e-02
8.640836179256439209e-02
1.173480600118637085e-01
7.746449112892150879e-01
6.113507747650146484e-01
1.633492261171340942e-01
1.923390477895736694e-01
1.162654235959053040e-01
7.882446050643920898e-01
9.918287396430969238e-01
6.573333591222763062e-02
6.916611641645431519e-02
8.479081839323043823e-02
1.808657310903072357e-02
1.313247382640838623e-01
5.921683833003044128e-02
4.721867293119430542e-02
5.597765445709228516e-01
1.993488371372222900e-01
1.309794932603836060e-01
5.883185192942619324e-03
1.140974089503288269e-02
1.454742718487977982e-02
4.559873417019844055e-02
4.376795142889022827e-02
5.271107554435729980e-01
3.903810977935791016e-01
2.372131943702697754e-01
7.828903198242187500e-02
3.472347557544708252e-02
2.323403954505920410e-02
7.247216254472732544e-02
1.213830113410949707e-01
4.300502240657806396e-01
1.212517824023962021e-02
2.281813323497772217e-02
3.413012251257896423e-02
1.393373459577560425e-01
1.261667758226394653e-01
2.430170923471450806e-01
9.473940730094909668e-01
5.645815655589103699e-02
3.222493082284927368e-02
2.897311002016067505e-02
5.980032682418823242e-02
9.680078178644180298e-02
1.643718779087066650e-01
1.776418536901473999e-01
3.731566295027732849e-02
1.571641117334365845e-01
3.863792493939399719e-02
9.386298060417175293e-02
7.324451208114624023e-02
7.172131538391113281e-02
4.828173667192459106e-02
3.310118988156318665e-02
5.664113909006118774e-02
3.030276894569396973e-01
3.010005876421928406e-02
3.439296409487724304e-02
1.625263481400907040e-03
1.538708619773387909e-02
1.093573793768882751e-01
1.000000000000000000e+00
4.576329588890075684e-01
1.276400983333587646e-01
7.245367020368576050e-02
6.081805229187011719e-01
5.377849563956260681e-02
1.010013446211814880e-01
2.166575640439987183e-01
1.025732606649398804e-01
4.497307911515235901e-02
1.257613003253936768e-01
3.058437705039978027e-01
2.619206607341766357e-01
1.440470963716506958e-01
3.048180639743804932e-01
1.037743240594863892e-01
1.531675606966018677e-01
3.851167857646942139e-02
1.220375746488571167e-01
1.460743844509124756e-01
1.856231503188610077e-02
2.606812305748462677e-02
1.793747581541538239e-02
4.492918774485588074e-02
6.641496717929840088e-02
7.820647209882736206e-02
3.183973580598831177e-02
2.175853215157985687e-02
3.225740045309066772e-02
4.130833223462104797e-02
4.463661909103393555e-01
9.506887197494506836e-02
6.988493353128433228e-02
3.161678835749626160e-02
7.755178809165954590e-01
9.617925286293029785e-01
6.048860400915145874e-02
4.816280677914619446e-02
7.162003219127655029e-02
6.018582731485366821e-02
1.269833445549011230e-01
3.117164596915245056e-02
3.180881589651107788e-02
1.748455502092838287e-02
2.310016751289367676e-02
4.574894160032272339e-02
9.576079994440078735e-02
5.928632989525794983e-02
6.353688240051269531e-01
4.300347268581390381e-01
4.636670276522636414e-02
5.831165984272956848e-02
6.396783050149679184e-03
1.284893974661827087e-02
5.600661411881446838e-02
8.066079020500183105e-02
1.061187610030174255e-01
5.843427032232284546e-02
8.329649269580841064e-02
7.892356514930725098e-01
9.863855689764022827e-02
1.066505089402198792e-01
2.239655517041683197e-02
7.012479007244110107e-02
3.168632462620735168e-02
3.569126501679420471e-02
2.105052582919597626e-02
9.585641324520111084e-02
5.816768407821655273e-01
8.824372291564941406e-02
3.712986409664154053e-02
3.156952187418937683e-02
1.468828469514846802e-01
5.087657645344734192e-02
6.424313038587570190e-02
1.767324656248092651e-01
2.586825378239154816e-02
2.276992499828338623e-01
1.065784767270088196e-01
4.289814084768295288e-02
7.702554762363433838e-02
2.505956217646598816e-02
1.412309408187866211e-01
3.738360106945037842e-02
3.853709995746612549e-02
7.353806495666503906e-02
2.060251235961914062e-01
2.205296047031879425e-02
8.626484274864196777e-01
3.743769228458404541e-01
1.662836782634258270e-02
2.413951978087425232e-02
8.810339570045471191e-01
6.657390296459197998e-02
9.096611291170120239e-02
1.040144711732864380e-01
6.809282302856445312e-02
5.728891119360923767e-02
2.618544995784759521e-01
8.453057408332824707e-01
1.834888607263565063e-01
2.435410209000110626e-02
6.438914686441421509e-02
1.954551488161087036e-01
7.728511840105056763e-02
3.315034508705139160e-02
3.719510883092880249e-02
6.710007786750793457e-02
2.751765586435794830e-02
4.656103253364562988e-02
1.490303575992584229e-01
2.662520483136177063e-02
5.667854100465774536e-02
2.892201580107212067e-02
2.630035951733589172e-02
9.397096633911132812e-01
4.400811195373535156e-01
3.476524725556373596e-02
2.129380591213703156e-02
4.433244466781616211e-02
1.240758299827575684e-01
1.943931169807910919e-02
2.574682421982288361e-02
6.057102233171463013e-02
5.365630611777305603e-02
1.821892894804477692e-02
3.551358729600906372e-02
1.495025604963302612e-01
3.649588674306869507e-02
4.599259793758392334e-02
2.303902991116046906e-02
3.154986351728439331e-02
8.552016690373420715e-03
1.093786805868148804e-01
2.469384670257568359e-02
1.080175954848527908e-02
2.730932086706161499e-02
1.030424889177083969e-02
3.377142921090126038e-02
8.725424110889434814e-02
7.604199927300214767e-03
9.391845762729644775e-02
1.898333877325057983e-01
1.603602319955825806e-01
1.929141283035278320e-01
1.726315170526504517e-02
1.766543649137020111e-02
1.297771371901035309e-02
2.051689103245735168e-02
3.754309937357902527e-02
7.054437398910522461e-01
4.879621416330337524e-02
2.320397086441516876e-02
8.896645158529281616e-02
9.531795978546142578e-02
7.173344492912292480e-02
1.556903123855590820e-02
8.660517632961273193e-03
2.505366131663322449e-02
6.578086316585540771e-02
9.009956568479537964e-02
1.419715285301208496e-01
2.202109545469284058e-01
9.816840291023254395e-01
6.741358637809753418e-01
3.888863325119018555e-01
8.751282095909118652e-02
3.029980883002281189e-02
2.268015742301940918e-01
5.406882613897323608e-02
9.843330085277557373e-02
7.576575130224227905e-02
7.003179937601089478e-02
4.312325268983840942e-02
8.110399544239044189e-02
2.925764322280883789e-01
5.525493994355201721e-02
6.091946735978126526e-03
4.967568442225456238e-02
5.833906680345535278e-02
9.189166873693466187e-02
1.572546362876892090e-01
1.902077160775661469e-02
9.712951257824897766e-03
5.404652655124664307e-02
1.235691308975219727e-01
5.540583282709121704e-02
1.699901372194290161e-01
3.538591787219047546e-02
5.073167383670806885e-02
2.859759144484996796e-02
2.127885445952415466e-02
5.241591110825538635e-02
4.036681354045867920e-02
3.212014213204383850e-02
3.558376431465148926e-02
2.611465752124786377e-02
4.387691244482994080e-02
1.489760875701904297e-01
7.504849880933761597e-02
5.155343189835548401e-02
1.134580653160810471e-02
7.587504386901855469e-02
7.333247363567352295e-02
2.848540991544723511e-02
7.825120352208614349e-03
1.459527015686035156e-01
1.409475039690732956e-02
1.397489756345748901e-02
4.649210348725318909e-02
1.195249333977699280e-01
1.623523384332656860e-01
7.707296311855316162e-02
1.357592195272445679e-01
5.194253474473953247e-02
4.630203917622566223e-02
5.215784907341003418e-02
8.477389067411422729e-02
4.961350467056035995e-03
6.609068810939788818e-02
3.947303630411624908e-03
1.998232677578926086e-02
3.853235766291618347e-02
8.275174349546432495e-02
5.525374785065650940e-02
1.799492165446281433e-02
1.460461691021919250e-02
1.418993156403303146e-02
1.128057315945625305e-01
1.018473282456398010e-01
8.119583874940872192e-02
3.303810954093933105e-01
1.267773807048797607e-01
9.106773138046264648e-02
5.274924635887145996e-02
1.216711997985839844e-01
5.889552831649780273e-01
1.658570468425750732e-01
9.238920360803604126e-02
5.649970471858978271e-02
2.623364701867103577e-02
1.152985244989395142e-01
9.846626967191696167e-02
7.260293513536453247e-02
1.155296433717012405e-02
2.007236517965793610e-02
1.164508759975433350e-01
1.259502023458480835e-01
1.362789869308471680e-01
9.402740001678466797e-02
7.257778942584991455e-02
1.010144054889678955e-01
4.687773436307907104e-02
1.340086758136749268e-01
2.638837322592735291e-02
1.871750354766845703e-01
7.510165870189666748e-02
1.363795399665832520e-01
4.591596424579620361e-01
2.797532640397548676e-02
8.570290356874465942e-02
6.985649466514587402e-02
3.014783002436161041e-02
8.037068694829940796e-02
8.525951206684112549e-02
3.243253827095031738e-01
8.004695177078247070e-02
7.460385560989379883e-02
9.026676416397094727e-02
1.850033253431320190e-01
7.381616234779357910e-01
1.309700757265090942e-01
9.070417284965515137e-02
1.077879890799522400e-01
1.291371881961822510e-02
1.160476580262184143e-01
1.335988640785217285e-01
7.975172251462936401e-02
2.328030765056610107e-02
1.886311173439025879e-02
1.380080170929431915e-02
2.083688825368881226e-01
4.491104185581207275e-02
1.294991374015808105e-01
8.254718780517578125e-02
2.828820236027240753e-02
5.521560460329055786e-02
1.832341030240058899e-02
2.557903155684471130e-02
2.586827985942363739e-02
1.759446226060390472e-02
6.345483660697937012e-02
6.785334646701812744e-02
5.599979311227798462e-02
3.861761093139648438e-02
1.278009712696075439e-01
1.030184999108314514e-01
1.624523550271987915e-01
1.085184365510940552e-01
4.577651247382164001e-02
1.258878968656063080e-02
2.514833025634288788e-02
5.961395055055618286e-02
8.981467783451080322e-02
6.069370359182357788e-02
9.448966383934020996e-01
1.288836002349853516e-01
9.953261613845825195e-01
9.029698371887207031e-01
1.028486341238021851e-02
1.458602584898471832e-02
1.487118005752563477e-01
8.708797395229339600e-02
4.788325428962707520e-01
1.330450475215911865e-01
7.512755692005157471e-02
8.616518229246139526e-02
6.849850714206695557e-02
5.461338758468627930e-01
2.299715578556060791e-01
6.887021660804748535e-02
1.670334041118621826e-01
7.497560381889343262e-01
6.256870627403259277e-01
8.978791534900665283e-02
5.287941545248031616e-02
5.181892588734626770e-02
3.553844392299652100e-01
8.382285386323928833e-02
1.408529132604598999e-01
1.424973905086517334e-01
1.353635080158710480e-02
7.801210973411798477e-03
5.797837302088737488e-02
5.314032360911369324e-02
1.635227166116237640e-02
1.408837642520666122e-02
1.301845610141754150e-01
1.003466024994850159e-01
3.460543975234031677e-02
4.275915771722793579e-02
1.012934967875480652e-01
4.492231458425521851e-02
5.967655405402183533e-02
2.249307557940483093e-02
1.116996034979820251e-01
5.224460735917091370e-02
9.301614016294479370e-02
7.364396005868911743e-02
2.364288419485092163e-01
3.508367538452148438e-01
6.957282125949859619e-02
6.912574917078018188e-02
3.441396951675415039e-01
2.138848900794982910e-01
4.541192948818206787e-01
1.456640511751174927e-01
2.962498962879180908e-01
5.536620318889617920e-02
7.766522467136383057e-02
7.303082197904586792e-02
1.152265369892120361e-01
1.329237818717956543e-01
5.290872976183891296e-02
1.009458750486373901e-01
1.132854912430047989e-02
1.577125638723373413e-01
2.022519335150718689e-02
5.861142650246620178e-02
4.574501886963844299e-02
1.656283289194107056e-01
9.275667369365692139e-02
2.115624099969863892e-01
5.121038109064102173e-02
7.489560544490814209e-02
9.151177108287811279e-02
5.726189166307449341e-02
5.925232172012329102e-02
5.980363488197326660e-02
9.800772368907928467e-02
1.308623980730772018e-02
2.567903883755207062e-02
1.414745114743709564e-02
1.551916003227233887e-01
4.956358671188354492e-02
5.822974815964698792e-02
9.508841484785079956e-02
1.523624956607818604e-01
5.327690839767456055e-01
8.692140877246856689e-02
1.259492933750152588e-01
5.278159305453300476e-02
2.823444306850433350e-01
3.448406606912612915e-02
3.774700313806533813e-02
4.478213936090469360e-02
2.851973287761211395e-02
8.061569929122924805e-02
6.363008171319961548e-02
3.482219278812408447e-01
4.109641313552856445e-01
9.237398207187652588e-02
1.064100563526153564e-01
2.155423015356063843e-01
6.193376332521438599e-02
8.412698656320571899e-02
1.066029369831085205e-01
1.819876730442047119e-01
7.935038954019546509e-02
4.972325861454010010e-01
8.534233570098876953e-01
2.904326021671295166e-01
2.573008462786674500e-02
1.107676625251770020e-01
2.608074061572551727e-02
1.234356779605150223e-02
1.009023487567901611e-01
1.500821206718683243e-02
6.654189433902502060e-03
5.416018143296241760e-02
1.100898068398237228e-02
2.138517796993255615e-02
9.358488768339157104e-02
1.936477273702621460e-01
2.719511091709136963e-01
4.636792838573455811e-02
8.808358758687973022e-02
1.200073212385177612e-01
5.860172957181930542e-02
5.181212350726127625e-02
1.190694943070411682e-01
1.029797121882438660e-01
3.370803296566009521e-01
1.671264320611953735e-01
2.298877388238906860e-02
9.735158681869506836e-01
6.912067532539367676e-01
1.188699975609779358e-01
2.107813507318496704e-01
3.859547376632690430e-01
9.999847412109375000e-01
4.737405851483345032e-02
1.520278453826904297e-01
1.459568291902542114e-01
2.265320867300033569e-01
9.881389886140823364e-02
9.236623346805572510e-02
5.987280979752540588e-02
6.968609243631362915e-02
9.111516177654266357e-02
4.673657938838005066e-02
7.306598126888275146e-02
5.897855013608932495e-02
1.127423495054244995e-01
1.335103064775466919e-01
1.121763437986373901e-01
8.998914808034896851e-02
6.726169586181640625e-02
5.078788474202156067e-02
9.307757616043090820e-01
1.111882328987121582e-01
3.540821373462677002e-02
4.513573646545410156e-02
1.118671298027038574e-01
6.541959941387176514e-02
9.351613372564315796e-02
7.716631144285202026e-02
8.284378051757812500e-02
1.430667936801910400e-01
5.190649256110191345e-02
1.077800542116165161e-01
4.003411903977394104e-02
1.572790294885635376e-01
6.846895813941955566e-02
6.939415633678436279e-02
7.850832492113113403e-02
3.446868434548377991e-02
3.614328056573867798e-02
9.853349626064300537e-02
6.951751708984375000e-01
7.667030394077301025e-02
1.594643294811248779e-01
4.054704308509826660e-02
7.737168669700622559e-01
2.542690932750701904e-01
4.190760105848312378e-02
9.482262283563613892e-02
7.029031962156295776e-02
1.456876248121261597e-01
7.963734120130538940e-02
1.000662371516227722e-01
2.034774608910083771e-02
1.040641590952873230e-01
1.009466126561164856e-01
1.775088012218475342e-01
3.015347421169281006e-01
3.770983219146728516e-01
2.625401914119720459e-01
1.808424443006515503e-01
4.863759130239486694e-02
1.968587189912796021e-01
5.450288578867912292e-02
6.707463413476943970e-02
1.104298606514930725e-01
7.550890743732452393e-02
5.849209800362586975e-02
6.880795955657958984e-02
8.336511254310607910e-02
4.604762047529220581e-02
7.391475886106491089e-02
1.071255877614021301e-01
1.317599713802337646e-01
1.489396095275878906e-01
3.647658228874206543e-02
8.556549251079559326e-02
2.882855013012886047e-02
1.144300121814012527e-02
6.997855752706527710e-02
6.151348724961280823e-02
5.293967723846435547e-01
6.609462499618530273e-01
8.570847660303115845e-02
5.030855163931846619e-02
4.072808921337127686e-01
3.029282987117767334e-01
5.465311557054519653e-02
4.639860615134239197e-02
4.776772484183311462e-02
4.225331172347068787e-02
9.640876650810241699e-01
1.246825605630874634e-01
3.842194005846977234e-02
5.083550512790679932e-02
5.876536946743726730e-03
1.310299932956695557e-01
2.827747724950313568e-02
1.693704165518283844e-02
3.059865906834602356e-02
2.154721915721893311e-01
1.234521344304084778e-01
4.644605517387390137e-02
1.616833806037902832e-01
2.044541984796524048e-01
1.756413280963897705e-02
3.698773682117462158e-02
3.110664524137973785e-02
5.145956575870513916e-02
8.157334476709365845e-02
2.314190007746219635e-02
2.470997720956802368e-02
2.450996637344360352e-02
1.447009146213531494e-01
5.865265801548957825e-02
2.431472390890121460e-01
8.461520075798034668e-02
1.135133802890777588e-01
4.673004895448684692e-02
5.407393351197242737e-02
4.150456190109252930e-02
3.029631916433572769e-03
4.986475408077239990e-02
1.213803049176931381e-02
6.173442676663398743e-02
1.235762685537338257e-01
1.730908900499343872e-01
1.632816493511199951e-01
1.405569463968276978e-01
4.584117606282234192e-02
4.847463965415954590e-02
2.744560837745666504e-01
4.607952535152435303e-01
1.003860309720039368e-01
7.936578243970870972e-02
9.597400575876235962e-02
5.620251968502998352e-02
7.378400862216949463e-02
2.143681608140468597e-02
4.808383807539939880e-02
1.541124880313873291e-01
4.561821371316909790e-02
1.118032410740852356e-01
2.444702945649623871e-02
1.639521270990371704e-01
1.417841576039791107e-02
2.847771160304546356e-02
9.379711747169494629e-02
6.828225404024124146e-02
1.846570521593093872e-02
9.290810674428939819e-02
4.574136808514595032e-02
7.300566416233778000e-03
1.808680221438407898e-02
7.497732527554035187e-03
1.874721646308898926e-01
5.859819650650024414e-01
2.578630112111568451e-02
1.350674312561750412e-02
1.859955862164497375e-02
3.682802990078926086e-02
1.019460428506135941e-02
6.844008713960647583e-02
2.257037907838821411e-02
3.253089636564254761e-02
6.140955537557601929e-02
2.735343575477600098e-02
1.570796966552734375e-02
3.838632628321647644e-02
9.914317131042480469e-01
9.689162969589233398e-01
2.282668277621269226e-02
1.875637099146842957e-02
3.320661932229995728e-02
1.866001263260841370e-02
9.157799184322357178e-02
4.381741955876350403e-02
6.293360888957977295e-02
8.778856694698333740e-02
3.929104655981063843e-02
2.146729677915573120e-01
2.118171453475952148e-01
1.888664066791534424e-01
1.481594443321228027e-01
7.949404418468475342e-02
5.185444280505180359e-02
3.254626691341400146e-01
5.783785581588745117e-01
1.627029925584793091e-01
3.245528414845466614e-02
1.966063305735588074e-02
7.391495630145072937e-03
9.490314126014709473e-02
1.402339041233062744e-01
4.410077258944511414e-02
9.215759485960006714e-02
4.332670941948890686e-02
2.717927284538745880e-02
1.502164155244827271e-01
5.158767104148864746e-01
6.763409376144409180e-01
2.570328675210475922e-02
2.192233502864837646e-02
1.420709341764450073e-01
1.336280554533004761e-01
1.323856562376022339e-01
1.354494392871856689e-01
5.409262329339981079e-02
2.170024514198303223e-01
9.641473889350891113e-01
5.691958591341972351e-02
1.344521790742874146e-01
9.233715385198593140e-02
4.950065165758132935e-02
3.104440681636333466e-02
7.205668091773986816e-01
8.963949233293533325e-02
4.230571091175079346e-01
8.539787679910659790e-02
4.622353985905647278e-02
7.453344017267227173e-02
8.050269633531570435e-02
6.963434815406799316e-02
3.854119479656219482e-01
1.999795064330101013e-02
4.674664512276649475e-02
6.699840724468231201e-02
2.428409643471240997e-02
1.045001670718193054e-01
2.980253659188747406e-02
5.337957292795181274e-03
4.529219120740890503e-02
5.384523794054985046e-02
3.784240186214447021e-01
5.915492177009582520e-01
8.183680474758148193e-02
9.711527079343795776e-02
4.580876603722572327e-02
5.999738723039627075e-02
7.492313534021377563e-02
7.932085543870925903e-03
8.836030960083007812e-03
7.496438920497894287e-02
8.818230032920837402e-02
7.166577875614166260e-02
1.609973013401031494e-01
9.648872911930084229e-02
5.923187732696533203e-02
5.670665204524993896e-02
2.191439270973205566e-02
2.972103953361511230e-01
7.486001402139663696e-02
5.114713311195373535e-02
6.117590144276618958e-02
4.079634323716163635e-02
6.246099248528480530e-02
5.986311659216880798e-02
6.563051789999008179e-02
4.307624325156211853e-02
1.384763270616531372e-01
1.484284102916717529e-01
2.133096307516098022e-01
6.724672019481658936e-02
7.131120562553405762e-02
1.131094545125961304e-01
5.623560026288032532e-02
3.967830166220664978e-02
1.179432794451713562e-01
1.477084960788488388e-02
7.074656337499618530e-02
7.766505330801010132e-02
5.629558116197586060e-02
1.399471461772918701e-01
1.289666146039962769e-01
2.052620798349380493e-01
6.671466678380966187e-02
7.787658832967281342e-03
7.174840196967124939e-03
1.797749474644660950e-02
4.391868039965629578e-02
9.391976892948150635e-02
4.714734107255935669e-02
1.082457154989242554e-01
6.771701574325561523e-02
1.065477430820465088e-01
3.088121414184570312e-01
1.313984692096710205e-01
1.196457445621490479e-01
1.482596993446350098e-01
1.063043698668479919e-01
1.070619076490402222e-01
3.763644993305206299e-01
9.080402851104736328e-01
1.765802502632141113e-01
4.997665435075759888e-02
8.552050590515136719e-02
8.061808533966541290e-03
4.792062938213348389e-02
1.249505802989006042e-01
1.959062218666076660e-01
3.701893985271453857e-02
3.795216977596282959e-02
1.092288270592689514e-01
4.314158558845520020e-01
8.209903836250305176e-01
2.577131986618041992e-01
1.378144770860671997e-01
5.833752080798149109e-02
1.055341362953186035e-01
5.437611788511276245e-02
2.437732219696044922e-01
1.856295019388198853e-01
2.807893417775630951e-02
1.194005683064460754e-01
1.811086386442184448e-01
1.063224673271179199e-01
5.476781725883483887e-02
5.910649150609970093e-02
1.764462888240814209e-02
8.622482419013977051e-03
1.393850985914468765e-02
8.219949901103973389e-02
4.767362773418426514e-02
5.840333700180053711e-01
9.618446230888366699e-02
1.804565191268920898e-01
1.079277992248535156e-01
1.203199699521064758e-01
2.612063884735107422e-01
9.995852410793304443e-02
3.596223145723342896e-02
1.654747314751148224e-02
1.411053538322448730e-02
4.160816594958305359e-02
5.484650656580924988e-02
1.017602384090423584e-01
4.122767224907875061e-02
2.328397780656814575e-01
1.333881914615631104e-01
9.743399918079376221e-02
1.515811532735824585e-01
1.589345932006835938e-01
2.551814019680023193e-01
9.922324419021606445e-01
5.438670888543128967e-02
4.049809277057647705e-01
7.112476974725723267e-02
2.661975286900997162e-02
6.593433022499084473e-02
1.098517477512359619e-01
6.506585329771041870e-02
3.934264928102493286e-02
1.406927499920129776e-02
7.246380206197500229e-03
4.675507545471191406e-02
2.496195957064628601e-03
1.039029005914926529e-02
3.180495277047157288e-02
2.918377518653869629e-01
4.984125122427940369e-02
4.215210676193237305e-02
9.948544204235076904e-02
8.894208073616027832e-02
1.774060353636741638e-02
3.022826276719570160e-02
1.663073152303695679e-02
5.353214591741561890e-02
6.315835565328598022e-02
1.384217105805873871e-02
6.269368529319763184e-02
2.708206176757812500e-01
1.508852988481521606e-01
1.061696782708168030e-01
6.516547501087188721e-02
5.389601737260818481e-02
5.391678586602210999e-02
9.547984600067138672e-02
1.650097779929637909e-02
6.864877790212631226e-02
4.938412830233573914e-02
5.379253253340721130e-02
6.392765790224075317e-02
3.387052938342094421e-02
1.180416345596313477e-01
2.055512070655822754e-01
1.253310292959213257e-01
9.047978371381759644e-02
9.818735718727111816e-02
2.652139216661453247e-02
2.462422847747802734e-02
1.676413044333457947e-02
8.124414086341857910e-02
5.278604477643966675e-02
3.551127761602401733e-02
1.148521453142166138e-01
3.973353654146194458e-02
1.320984661579132080e-01
6.976827234029769897e-02
3.226894512772560120e-02
5.738569051027297974e-02
1.005995497107505798e-01
2.547694183886051178e-02
5.624369904398918152e-02
3.110233321785926819e-02
4.409134760499000549e-02
1.776677928864955902e-02
7.406128197908401489e-02
7.115408778190612793e-02
4.859387874603271484e-02
6.914048641920089722e-02
1.967276260256767273e-02
5.540837068110704422e-03
3.060041181743144989e-02
1.053258925676345825e-01
2.353461459279060364e-02
9.826361201703548431e-03
1.582407951354980469e-02
1.083359867334365845e-02
7.757480442523956299e-02
9.587817639112472534e-02
1.969373226165771484e-02
2.348919399082660675e-02
7.924458384513854980e-02
3.705978393554687500e-02
1.237667817622423172e-02
1.623375341296195984e-02
1.567747890949249268e-01
1.293440014123916626e-01
3.922629356384277344e-02
6.271956861019134521e-02
5.516751483082771301e-02
5.996081233024597168e-02
1.056842058897018433e-01
8.603504300117492676e-02
3.623833134770393372e-02
1.988133043050765991e-02
2.293396554887294769e-02
9.779825806617736816e-03
3.503708168864250183e-02
3.240524604916572571e-02
1.036510616540908813e-01
4.236726835370063782e-02
8.817946165800094604e-02
3.576024249196052551e-02
2.703570947051048279e-02
4.099414497613906860e-02
2.495407499372959137e-02
2.638335153460502625e-02
5.213154479861259460e-02
3.727386891841888428e-02
1.458738595247268677e-01
2.002929747104644775e-01
3.983955085277557373e-02
7.617875002324581146e-03
1.648655384778976440e-01
7.551617175340652466e-02
8.469839394092559814e-02
6.618934124708175659e-02
4.024579003453254700e-02
1.069512367248535156e-01
3.226987645030021667e-02
9.980571866035461426e-01
6.963328719139099121e-01
1.254111081361770630e-01
1.335499435663223267e-01
5.116350203752517700e-02
2.683977223932743073e-02
4.354986175894737244e-02
1.025009304285049438e-01
1.459087133407592773e-01
5.695416927337646484e-01
6.229931712150573730e-01
4.942579865455627441e-01
7.858462929725646973e-01
1.984327882528305054e-01
1.217393130064010620e-01
1.720420271158218384e-01
3.973551094532012939e-01
1.322702914476394653e-01
9.049952775239944458e-02
1.560378670692443848e-01
2.133567482233047485e-01
1.335647553205490112e-01
1.935098469257354736e-01
1.697247475385665894e-01
1.111783534288406372e-01
5.189882963895797729e-02
4.739127680659294128e-02
2.382848411798477173e-02
2.496433258056640625e-02
6.918522715568542480e-02
5.392299965023994446e-02
1.028398275375366211e-01
4.462346807122230530e-02
2.651848271489143372e-02
8.011636137962341309e-02
2.489377930760383606e-02
5.220004916191101074e-02
3.875839710235595703e-02
1.941802725195884705e-02
2.478385344147682190e-02
1.392615735530853271e-01
8.752092719078063965e-02
3.576089441776275635e-02
3.193430230021476746e-02
5.617206171154975891e-02
9.455121308565139771e-02
1.956614702939987183e-01
5.484465956687927246e-01
8.642710745334625244e-02
1.052186340093612671e-01
1.012576296925544739e-01
8.957509696483612061e-02
1.042461618781089783e-01
2.544650621712207794e-02
1.902073919773101807e-01
5.356532335281372070e-01
8.508309721946716309e-03
2.464218623936176300e-02
2.650357969105243683e-02
5.598293989896774292e-02
5.285588651895523071e-02
6.203219667077064514e-02
1.178687661886215210e-01
1.188148632645606995e-01
1.208567097783088684e-01
4.846197366714477539e-02
1.432843357324600220e-01
9.214766323566436768e-02
9.734251499176025391e-01
6.694746613502502441e-01
1.393594592809677124e-01
1.085493788123130798e-01
3.746870905160903931e-02
5.223075300455093384e-02
4.787791892886161804e-02
2.384353578090667725e-01
7.458363473415374756e-02
3.943541944026947021e-01
2.873924374580383301e-01
9.978345781564712524e-02
4.242266342043876648e-02
9.189170598983764648e-02
2.679584920406341553e-02
9.458512812852859497e-02
8.931016176939010620e-02
4.883361235260963440e-02
6.662700325250625610e-02
5.202451348304748535e-02
2.207509241998195648e-02
1.343172788619995117e-01
5.985093861818313599e-02
1.247556507587432861e-01
1.705690622329711914e-01
3.698454797267913818e-01
5.559027660638093948e-03
1.505882740020751953e-01
3.325771391391754150e-01
1.121859550476074219e-01
1.087366193532943726e-01
7.998229563236236572e-02
8.728101849555969238e-02
1.046423912048339844e-01
1.417021155357360840e-01
8.297208696603775024e-02
3.930262103676795959e-02
9.792862832546234131e-02
4.125769808888435364e-02
3.791914507746696472e-02
1.488609891384840012e-02
3.049361519515514374e-02
4.453969597816467285e-01
6.399060487747192383e-01
1.018746867775917053e-01
4.729045927524566650e-02
1.293423026800155640e-01
1.009652297943830490e-02
3.901819884777069092e-02
1.109955273568630219e-02
1.558999121189117432e-01
2.365794591605663300e-02
9.723511524498462677e-03
1.599804870784282684e-02
9.144639968872070312e-02
9.784165769815444946e-02
5.480143427848815918e-02
1.440683156251907349e-01
5.483975261449813843e-02
2.332702465355396271e-02
8.479146659374237061e-02
1.592447906732559204e-01
2.002079412341117859e-02
6.296557188034057617e-02
9.868556857109069824e-01
9.620104432106018066e-01
6.117748618125915527e-01
