2.457145452499389648e-01
8.484634011983871460e-02
1.542314589023590088e-01
1.072227060794830322e-01
1.438496857881546021e-01
9.147607535123825073e-02
1.693926304578781128e-01
4.743982478976249695e-02
4.183383658528327942e-02
7.817272841930389404e-02
5.978836491703987122e-02
7.529052495956420898e-01
5.826843976974487305e-01
3.350523114204406738e-02
1.581410132348537445e-02
2.493784427642822266e-01
4.371830523014068604e-01
8.625663071870803833e-02
8.153005838394165039e-01
1.039643585681915283e-01
4.488376080989837646e-01
5.448631197214126587e-02
2.426203340291976929e-02
8.172462135553359985e-02
4.081792533397674561e-01
9.736704230308532715e-01
9.054916501045227051e-01
8.781152218580245972e-02
5.748086050152778625e-02
1.689284443855285645e-01
1.940916627645492554e-01
1.638887226581573486e-01
3.120415806770324707e-01
1.228211969137191772e-01
9.625435620546340942e-02
9.625435620546340942e-02
8.546348661184310913e-02
5.690904334187507629e-02
6.274779140949249268e-02
4.851134493947029114e-02
3.660460561513900757e-02
1.126767620444297791e-01
3.054633364081382751e-02
2.317395433783531189e-02
6.986836344003677368e-02
4.110785126686096191e-01
2.072706073522567749e-02
8.614395745098590851e-03
9.527429006993770599e-03
5.993068218231201172e-02
3.087581135332584381e-02
2.097253128886222839e-02
2.909259498119354248e-02
2.545662969350814819e-02
4.915077239274978638e-02
5.492287129163742065e-02
1.346269398927688599e-01
8.387166261672973633e-02
7.012684345245361328e-01
8.350719809532165527e-01
4.347632452845573425e-02
7.392967492341995239e-02
4.178627952933311462e-02
4.757355526089668274e-02
9.330207109451293945e-02
1.008877456188201904e-01
9.033121168613433838e-02
8.865546435117721558e-03
7.366076111793518066e-02
4.827074706554412842e-02
1.029243543744087219e-01
8.447176963090896606e-02
3.036870807409286499e-02
7.831025123596191406e-02
3.023483045399188995e-02
4.926742240786552429e-02
4.759424924850463867e-02
2.529160305857658386e-02
1.435956079512834549e-02
4.716438800096511841e-02
4.680838063359260559e-02
8.549015223979949951e-02
6.461902707815170288e-02
4.299668595194816589e-02
3.855473548173904419e-02
1.027808710932731628e-01
3.267365321516990662e-02
1.345564424991607666e-01
1.932890713214874268e-01
8.325970917940139771e-02
1.188133955001831055e-01
9.144341200590133667e-02
7.984743267297744751e-02
6.082328408956527710e-02
2.204655110836029053e-02
9.935708343982696533e-02
4.549581557512283325e-02
3.759357333183288574e-02
3.612089902162551880e-02
2.737432904541492462e-02
9.408554434776306152e-02
4.700981453061103821e-02
1.747466437518596649e-02
1.515442971140146255e-02
3.011984191834926605e-02
1.221873909235000610e-01
6.293283402919769287e-02
3.275640308856964111e-02
5.169912427663803101e-02
1.249332502484321594e-01
7.043795287609100342e-02
6.330873072147369385e-02
1.123044639825820923e-01
4.775375872850418091e-02
1.750146597623825073e-01
6.443433463573455811e-02
3.632189929485321045e-01
9.820729494094848633e-01
4.067081511020660400e-01
4.193705320358276367e-02
1.713363826274871826e-01
4.448561668395996094e-01
2.428660839796066284e-01
1.358676999807357788e-01
1.200147941708564758e-01
1.366022676229476929e-01
1.304585952311754227e-02
2.084417454898357391e-02
5.036287009716033936e-02
1.329755969345569611e-02
9.999876022338867188e-01
8.269777894020080566e-02
3.549098968505859375e-02
1.874459832906723022e-01
1.700661145150661469e-02
4.594239592552185059e-02
2.826966717839241028e-02
5.497712492942810059e-01
4.772419109940528870e-02
2.215933427214622498e-02
4.601942300796508789e-01
6.378648877143859863e-01
4.048239067196846008e-02
1.324491053819656372e-01
1.955674402415752411e-02
7.560693472623825073e-02
9.233950637280941010e-03
1.587866432964801788e-02
2.100742049515247345e-02
9.553597122430801392e-02
4.831268638372421265e-02
7.990013808012008667e-02
8.356772661209106445e-01
8.840287327766418457e-01
6.076681613922119141e-02
1.431095898151397705e-01
4.248172417283058167e-02
2.036460116505622864e-02
1.225782036781311035e-01
6.422804296016693115e-02
4.518036171793937683e-02
5.089945346117019653e-02
1.181586757302284241e-01
2.261821366846561432e-02
2.130773663520812988e-02
3.293159976601600647e-02
1.934324949979782104e-01
2.255593612790107727e-02
1.734662428498268127e-02
8.144641667604446411e-02
1.030871123075485229e-01
6.924605369567871094e-02
9.471801519393920898e-01
7.467745542526245117e-01
3.797702863812446594e-02
1.385156810283660889e-01
3.952942788600921631e-01
4.508117213845252991e-02
7.249668985605239868e-02
5.428009852766990662e-02
2.980466000735759735e-02
4.933043569326400757e-02
5.514358356595039368e-02
1.214202120900154114e-02
1.379281431436538696e-01
4.693680908530950546e-03
3.032726049423217773e-01
1.644296199083328247e-01
3.324908018112182617e-02
3.096577711403369904e-02
5.629785731434822083e-02
7.688443362712860107e-02
2.462414279580116272e-02
9.465777873992919922e-02
4.288278520107269287e-02
1.725275963544845581e-01
1.541794687509536743e-01
1.031158268451690674e-01
1.118592992424964905e-01
1.616828516125679016e-02
3.902674186974763870e-03
3.117322549223899841e-02
1.113549843430519104e-01
7.875178940594196320e-03
1.968138106167316437e-02
1.319673471152782440e-02
3.954489156603813171e-02
9.183925390243530273e-02
6.156966835260391235e-02
3.018227964639663696e-02
1.196737885475158691e-01
7.100993394851684570e-01
9.285356849431991577e-02
1.329469494521617889e-02
1.213928759098052979e-01
1.067826710641384125e-02
3.395004943013191223e-02
3.642715886235237122e-02
7.456979155540466309e-02
9.331199526786804199e-02
6.905957311391830444e-02
7.154271006584167480e-02
1.545198634266853333e-02
3.489792812615633011e-03
6.432351469993591309e-02
8.238445222377777100e-02
1.180351898074150085e-01
3.345137089490890503e-02
1.512885093688964844e-01
4.147366434335708618e-02
1.534613501280546188e-02
3.925104439258575439e-02
1.952215097844600677e-02
4.512266218662261963e-01
2.634468078613281250e-01
8.978178352117538452e-02
8.388183265924453735e-02
1.300842165946960449e-01
1.380688101053237915e-01
1.541692912578582764e-01
9.786283969879150391e-01
9.345779567956924438e-02
3.471871018409729004e-01
2.086101770401000977e-01
5.286534130573272705e-02
6.367772817611694336e-02
9.131501615047454834e-02
8.020740747451782227e-02
1.088333800435066223e-01
9.970933198928833008e-01
2.966749072074890137e-01
7.353070378303527832e-02
6.825010478496551514e-02
1.810230761766433716e-01
1.844407469034194946e-01
1.903714984655380249e-02
1.560273319482803345e-01
3.261733427643775940e-02
1.078697070479393005e-01
2.883016169071197510e-01
5.312016978859901428e-02
3.310105204582214355e-01
9.775792807340621948e-02
2.803501188755035400e-01
5.075655877590179443e-02
2.460882440209388733e-02
3.548457100987434387e-02
7.588531076908111572e-02
3.540832921862602234e-02
9.300590157508850098e-01
9.295708686113357544e-02
5.734041333198547363e-02
8.680964261293411255e-02
9.996021538972854614e-02
5.429806560277938843e-02
3.199365437030792236e-01
1.839140206575393677e-01
4.444758966565132141e-02
1.261172294616699219e-01
2.153652608394622803e-01
1.717230826616287231e-01
2.051190584897994995e-01
5.128775164484977722e-02
7.106591016054153442e-02
1.416892409324645996e-01
4.660132154822349548e-02
7.542339712381362915e-02
7.089191675186157227e-02
2.158437110483646393e-02
9.436227679252624512e-01
9.068263173103332520e-01
9.908300638198852539e-01
3.231286704540252686e-01
6.579365581274032593e-02
2.636054158210754395e-01
2.720272243022918701e-01
7.668931782245635986e-02
6.790896505117416382e-02
4.938232898712158203e-01
3.248850405216217041e-01
3.060115575790405273e-01
3.167250454425811768e-01
6.929110735654830933e-02
1.460427641868591309e-01
1.376552432775497437e-01
1.709772050380706787e-01
3.492392301559448242e-01
7.780492305755615234e-02
7.499258220195770264e-02
1.927760057151317596e-02
7.048642635345458984e-02
5.161895751953125000e-01
8.812209367752075195e-01
8.336213231086730957e-01
8.723040670156478882e-02
5.514460057020187378e-02
3.847457841038703918e-02
3.924729675054550171e-02
1.679700016975402832e-01
8.369378745555877686e-02
2.894671261310577393e-02
1.993647776544094086e-02
1.448288261890411377e-01
4.132373631000518799e-02
1.665983535349369049e-02
3.031418845057487488e-02
1.877730786800384521e-01
5.727612376213073730e-01
2.176679223775863647e-01
1.516507118940353394e-01
1.401385664939880371e-01
4.680505692958831787e-01
6.977812051773071289e-01
8.962682634592056274e-02
2.228366285562515259e-01
7.245054841041564941e-02
9.152373671531677246e-01
1.120236366987228394e-01
7.724437713623046875e-01
1.553914546966552734e-01
1.992785185575485229e-01
9.737896919250488281e-01
4.346879199147224426e-02
1.144558936357498169e-01
1.065737605094909668e-01
9.629829972982406616e-02
1.234826743602752686e-01
2.521215379238128662e-02
1.064186766743659973e-01
8.559305667877197266e-01
5.359855294227600098e-01
6.257779598236083984e-01
5.380850434303283691e-01
8.594495058059692383e-01
4.942162930965423584e-01
3.256347775459289551e-02
5.421332269906997681e-02
1.507952064275741577e-01
3.217800706624984741e-02
2.684103138744831085e-02
3.770202025771141052e-02
1.710951924324035645e-01
1.653542518615722656e-01
4.236662089824676514e-01
3.446155413985252380e-02
5.730636045336723328e-02
2.549672871828079224e-02
3.143686056137084961e-02
5.572165548801422119e-02
2.944123446941375732e-01
1.210434064269065857e-01
1.521660983562469482e-01
1.519836336374282837e-01
8.559400439262390137e-01
9.140572547912597656e-01
9.280977398157119751e-02
2.763973772525787354e-01
4.778738692402839661e-02
6.016306951642036438e-02
5.663337931036949158e-02
4.184319637715816498e-03
1.482802629470825195e-02
3.794256597757339478e-02
2.936994098126888275e-02
7.692590355873107910e-02
1.485970430076122284e-02
3.638230636715888977e-02
4.708444327116012573e-02
1.856573224067687988e-01
2.927818894386291504e-02
4.493010789155960083e-02
3.936957940459251404e-02
8.330582827329635620e-02
2.138855494558811188e-02
1.871955581009387970e-02
3.483064845204353333e-02
2.039940059185028076e-01
4.743171110749244690e-02
4.403518512845039368e-02
3.942144811153411865e-01
2.622652351856231689e-01
6.686772406101226807e-02
1.492621600627899170e-01
1.223264113068580627e-01
1.726148724555969238e-01
1.872851848602294922e-01
1.453899405896663666e-02
4.823516309261322021e-02
1.576378196477890015e-01
2.909681200981140137e-02
1.194945052266120911e-01
5.515871569514274597e-02
3.043199516832828522e-02
6.184613704681396484e-02
6.004707515239715576e-02
2.092605531215667725e-01
2.567233331501483917e-02
1.666544526815414429e-01
8.743531703948974609e-01
9.696685075759887695e-01
2.586715817451477051e-01
1.896283924579620361e-01
3.171857446432113647e-02
9.994983673095703125e-01
3.712414205074310303e-01
2.026792243123054504e-02
2.345186658203601837e-02
4.037891700863838196e-02
1.286477893590927124e-01
6.171685457229614258e-02
5.126645788550376892e-02
5.231082811951637268e-02
8.777455240488052368e-02
3.431079909205436707e-02
6.686801463365554810e-02
7.219775766134262085e-02
1.152331233024597168e-01
6.401775777339935303e-02
9.962616115808486938e-02
4.394017159938812256e-02
6.747303903102874756e-02
1.023791357874870300e-01
7.906094193458557129e-03
2.551113255321979523e-02
8.412607014179229736e-02
1.273664683103561401e-01
4.958898723125457764e-01
2.897435799241065979e-02
1.529158502817153931e-01
1.458671540021896362e-01
5.542726069688796997e-02
2.726309932768344879e-02
1.252490878105163574e-01
4.962594509124755859e-01
1.072998046875000000e-01
1.968013197183609009e-01
6.519236415624618530e-02
1.580919176340103149e-01
4.723481237888336182e-01
1.495480537414550781e-01
9.358319640159606934e-02
8.431618660688400269e-02
1.781302690505981445e-01
1.040704548358917236e-01
8.783043175935745239e-02
7.271374017000198364e-02
8.316427469253540039e-02
3.656845912337303162e-02
4.493258520960807800e-02
2.022721320390701294e-01
2.346259057521820068e-01
1.994976103305816650e-01
1.571934670209884644e-01
1.682844609022140503e-01
6.273504346609115601e-03
1.589807122945785522e-02
3.157650306820869446e-02
1.163641884922981262e-01
8.248730003833770752e-02
3.261804208159446716e-02
1.078613102436065674e-01
1.016720831394195557e-01
1.452248543500900269e-01
4.024193808436393738e-02
9.999992847442626953e-01
4.218879938125610352e-01
6.353732347488403320e-01
1.350391656160354614e-01
1.721143573522567749e-01
9.953671693801879883e-01
4.046488180756568909e-02
9.576229006052017212e-02
6.702877581119537354e-02
2.875635027885437012e-01
4.315713047981262207e-02
1.256975829601287842e-01
4.622305743396282196e-03
3.042374365031719208e-02
1.359622776508331299e-01
3.310917317867279053e-02
2.079171687364578247e-01
1.124753057956695557e-01
1.364983525127172470e-02
9.814620018005371094e-01
9.912006556987762451e-02
6.689538061618804932e-02
1.264410465955734253e-01
1.717599295079708099e-02
1.114391013979911804e-01
5.164473131299018860e-02
5.253878608345985413e-02
8.675267547369003296e-02
3.941866382956504822e-02
9.367547184228897095e-02
7.545478641986846924e-02
4.333744198083877563e-02
1.129242554306983948e-01
7.285640388727188110e-02
4.523912817239761353e-02
7.212615013122558594e-02
5.103918537497520447e-02
1.263280399143695831e-02
7.151991873979568481e-02
1.686941683292388916e-01
9.261962771415710449e-02
2.141872420907020569e-02
1.214980036020278931e-01
1.555567085742950439e-01
1.724533587694168091e-01
3.440752997994422913e-02
8.694763481616973877e-02
2.274740301072597504e-02
6.588913500308990479e-02
1.118853911757469177e-01
5.259576067328453064e-02
1.048314124345779419e-01
1.671286970376968384e-01
7.566772401332855225e-02
7.938211411237716675e-02
1.056139990687370300e-01
3.761528059840202332e-02
4.638130962848663330e-02
2.580618560314178467e-01
4.524401947855949402e-02
7.788114994764328003e-02
3.584064915776252747e-02
5.556405056267976761e-03
5.562205612659454346e-02
1.098799519240856171e-02
1.068564057350158691e-01
6.038367375731468201e-02
3.955062925815582275e-01
9.259023666381835938e-01
7.806879281997680664e-02
1.365031749010086060e-01
6.570953130722045898e-02
6.069619655609130859e-01
1.019080281257629395e-01
1.312353461980819702e-01
6.280319690704345703e-01
9.955523610115051270e-01
1.908321678638458252e-01
5.463830009102821350e-02
1.116902008652687073e-01
7.972757518291473389e-02
7.063855230808258057e-02
3.663086146116256714e-02
4.280258342623710632e-02
7.552925944328308105e-01
7.541813254356384277e-01
2.654789090156555176e-01
4.424395412206649780e-02
4.658154770731925964e-02
7.256699204444885254e-01
6.514723896980285645e-01
6.716680526733398438e-02
2.555391490459442139e-01
5.726952552795410156e-01
2.938774526119232178e-01
6.413375735282897949e-01
1.687344163656234741e-01
3.900999575853347778e-02
3.986168280243873596e-02
5.981653556227684021e-02
4.714832454919815063e-02
5.383326113224029541e-02
6.668883841484785080e-03
1.589521393179893494e-02
1.224260553717613220e-01
1.094557791948318481e-01
1.419251412153244019e-01
5.922091752290725708e-02
9.515558481216430664e-01
9.724909663200378418e-01
1.203836202621459961e-01
1.941721886396408081e-01
1.178684271872043610e-02
7.671818137168884277e-02
9.997535347938537598e-01
9.987645149230957031e-01
6.234533786773681641e-01
1.321468055248260498e-01
2.876017391681671143e-01
2.367731556296348572e-02
1.458011195063591003e-02
2.349799871444702148e-02
8.635317534208297729e-02
3.086712956428527832e-02
7.870594412088394165e-02
1.740891486406326294e-01
3.723857551813125610e-02
9.678309559822082520e-01
9.873024225234985352e-01
1.399013102054595947e-01
8.447340875864028931e-02
9.366088360548019409e-02
8.372198790311813354e-02
9.617289900779724121e-01
7.254622876644134521e-02
4.315968602895736694e-02
6.083586812019348145e-02
9.465286135673522949e-02
8.860353380441665649e-02
8.710622787475585938e-02
5.970554426312446594e-02
6.225829571485519409e-02
6.230113655328750610e-02
1.106334999203681946e-01
7.590126246213912964e-02
1.259637326002120972e-01
1.332453787326812744e-01
6.087499856948852539e-02
6.941742449998855591e-02
4.963350668549537659e-02
3.360755741596221924e-02
3.978352621197700500e-02
4.550614953041076660e-02
4.728105291724205017e-02
6.711601465940475464e-02
2.906805835664272308e-02
2.970485016703605652e-02
1.108798664063215256e-02
5.894926190376281738e-02
4.566729441285133362e-02
6.373526453971862793e-01
3.948931023478507996e-02
7.286539077758789062e-01
2.982419729232788086e-01
1.160475313663482666e-01
5.564815178513526917e-02
5.770164728164672852e-02
4.959854483604431152e-02
1.603568047285079956e-01
6.648476421833038330e-02
9.811786562204360962e-02
3.763204440474510193e-02
1.211175993084907532e-01
9.670300036668777466e-02
7.810837030410766602e-02
7.652771472930908203e-02
4.722402617335319519e-02
9.750893712043762207e-02
8.133062720298767090e-02
9.375169128179550171e-02
6.582779288291931152e-01
1.753535568714141846e-01
1.194149479269981384e-01
4.928063601255416870e-02
1.598260737955570221e-02
1.046976149082183838e-01
8.395347744226455688e-02
3.516308963298797607e-02
1.133592501282691956e-01
4.080663248896598816e-02
1.098462715744972229e-01
1.875095516443252563e-01
4.427284002304077148e-02
6.107753887772560120e-02
7.999899983406066895e-02
9.655675888061523438e-01
8.009061217308044434e-02
3.854335471987724304e-02
3.826726973056793213e-02
2.784351259469985962e-02
2.288257703185081482e-02
6.538915038108825684e-01
7.451140284538269043e-01
5.328987538814544678e-02
1.693596132099628448e-02
1.095881387591362000e-01
3.994277119636535645e-02
5.210456848144531250e-01
1.970403194427490234e-01
1.081236153841018677e-01
2.346352674067020416e-02
4.091684222221374512e-01
4.577791988849639893e-01
1.411088649183511734e-02
8.392456173896789551e-02
1.194407418370246887e-01
5.203619226813316345e-02
8.538996428251266479e-02
3.152671158313751221e-01
7.438268065452575684e-01
1.264303326606750488e-01
7.605833560228347778e-02
3.441956937313079834e-01
1.858259886503219604e-01
4.060578718781471252e-02
2.115782052278518677e-01
5.009317994117736816e-01
9.586265683174133301e-02
6.054350733757019043e-02
4.249474033713340759e-02
1.349560916423797607e-01
4.060311615467071533e-02
1.110631301999092102e-01
2.531659007072448730e-01
2.739216201007366180e-02
3.839117288589477539e-02
4.035167023539543152e-02
8.912451565265655518e-02
1.064964011311531067e-01
2.441839426755905151e-01
5.010764300823211670e-02
2.004494667053222656e-01
1.021410897374153137e-01
9.878578782081604004e-02
7.554440200328826904e-02
9.439826011657714844e-02
4.930968582630157471e-02
2.606379389762878418e-01
4.099505543708801270e-01
2.854330241680145264e-01
1.107437387108802795e-01
1.408869177103042603e-01
3.920086026191711426e-01
3.592671081423759460e-02
6.082150936126708984e-01
6.597433984279632568e-02
7.952158898115158081e-02
4.837536811828613281e-01
7.891463488340377808e-02
4.984184727072715759e-02
7.160389423370361328e-02
5.711020231246948242e-01
3.421094641089439392e-02
1.773131638765335083e-01
4.931437969207763672e-02
2.373785674571990967e-01
4.084396734833717346e-02
1.713877171277999878e-01
3.910069465637207031e-01
1.219950467348098755e-01
4.538195952773094177e-02
1.035534068942070007e-01
1.413249075412750244e-01
9.331954270601272583e-02
2.807037718594074249e-02
5.132470279932022095e-02
5.108167231082916260e-02
3.915307298302650452e-02
1.074849292635917664e-01
1.612139493227005005e-01
3.564685955643653870e-02
9.641481041908264160e-01
5.746712088584899902e-01
1.789536029100418091e-01
5.630374550819396973e-01
9.859172254800796509e-02
1.411244273185729980e-01
1.786293089389801025e-01
7.984676957130432129e-02
1.901410222053527832e-01
2.067713886499404907e-01
8.185900449752807617e-01
9.995910525321960449e-01
1.186144202947616577e-01
8.019993901252746582e-01
4.798910766839981079e-02
6.709677726030349731e-02
1.454166471958160400e-01
5.767006278038024902e-01
6.523555517196655273e-02
3.753078579902648926e-01
7.860189676284790039e-02
4.300616383552551270e-01
1.337379068136215210e-01
9.496965408325195312e-01
5.161460638046264648e-01
4.251117631793022156e-02
3.941100835800170898e-02
2.043173462152481079e-01
2.813540399074554443e-01
2.879862673580646515e-02
6.334322690963745117e-02
3.321447223424911499e-02
6.437237560749053955e-02
7.623811364173889160e-01
2.562727928161621094e-01
4.386207088828086853e-02
1.141515076160430908e-01
8.420313894748687744e-02
1.843238621950149536e-01
5.638743564486503601e-02
2.276565432548522949e-01
1.159585416316986084e-01
1.024393886327743530e-01
8.888203501701354980e-01
6.072934865951538086e-01
9.856465458869934082e-01
9.430804252624511719e-01
1.271464824676513672e-01
3.237658366560935974e-02
3.228186443448066711e-02
9.316253662109375000e-02
3.709997981786727905e-02
8.096336573362350464e-02
1.269856244325637817e-01
1.962408721446990967e-01
8.137867599725723267e-02
1.087002754211425781e-01
8.340597748756408691e-01
2.804864048957824707e-01
1.071298345923423767e-01
8.974733948707580566e-02
1.896917819976806641e-02
7.852283120155334473e-02
6.780089437961578369e-02
7.223470509052276611e-02
7.244354486465454102e-02
5.961507558822631836e-02
7.283589243888854980e-02
8.454290777444839478e-02
1.244828402996063232e-01
3.056164830923080444e-02
2.577687501907348633e-01
2.702502720057964325e-02
8.074744790792465210e-02
3.820905089378356934e-02
5.391917005181312561e-02
1.953317597508430481e-02
4.548715800046920776e-02
3.773289546370506287e-02
7.616063952445983887e-02
1.127089262008666992e-01
2.461320348083972931e-02
1.133634671568870544e-01
8.565929532051086426e-02
1.003167703747749329e-01
2.451404184103012085e-01
7.531548142433166504e-01
2.180900610983371735e-02
7.705102115869522095e-02
7.491776347160339355e-02
8.451393246650695801e-02
3.200166672468185425e-02
4.194554872810840607e-03
2.544310390949249268e-01
9.814664721488952637e-02
6.193264201283454895e-02
2.324720323085784912e-01
1.077285315841436386e-02
4.480483755469322205e-02
6.808498501777648926e-02
7.865463197231292725e-02
1.374424546957015991e-01
8.896739035844802856e-02
7.235548645257949829e-02
5.103140324354171753e-02
7.129618525505065918e-02
1.449634879827499390e-01
5.972585454583168030e-02
9.518509358167648315e-02
7.383530586957931519e-02
5.540378391742706299e-02
7.803835719823837280e-02
