4.618274420499801636e-02
2.175269648432731628e-02
1.339348703622817993e-01
1.877085119485855103e-01
5.513876676559448242e-02
6.638947129249572754e-01
5.570576786994934082e-01
1.018377318978309631e-01
1.935190334916114807e-02
4.766854643821716309e-02
1.130357459187507629e-01
4.862027615308761597e-02
2.394827157258987427e-01
6.059256941080093384e-02
5.550355091691017151e-02
5.542692542076110840e-02
7.340199500322341919e-02
5.030068382620811462e-02
5.009418725967407227e-02
9.809857606887817383e-02
6.132766604423522949e-02
1.903808861970901489e-02
5.805231630802154541e-02
2.008561640977859497e-01
1.177651062607765198e-01
3.013867437839508057e-01
3.155871331691741943e-01
9.276428073644638062e-02
5.286384746432304382e-02
8.475852012634277344e-02
5.546605587005615234e-02
7.473687827587127686e-02
1.813130378723144531e-01
2.426364272832870483e-02
8.199988305568695068e-02
3.348507285118103027e-01
9.405748248100280762e-01
4.925583600997924805e-01
4.064083099365234375e-02
9.464584290981292725e-02
4.693054780364036560e-02
9.101071208715438843e-02
5.431003570556640625e-01
1.358290612697601318e-01
1.346332877874374390e-01
4.637758433818817139e-02
6.935058534145355225e-02
3.914683684706687927e-02
2.785494923591613770e-01
8.651500940322875977e-01
1.288463026285171509e-01
8.566617965698242188e-01
7.790766954421997070e-01
4.095191881060600281e-02
3.076545596122741699e-01
3.589568138122558594e-01
3.850930929183959961e-02
4.795509949326515198e-02
8.726666122674942017e-02
3.899079188704490662e-02
1.426357030868530273e-01
1.940427422523498535e-01
1.044284403324127197e-01
4.460564255714416504e-02
6.805398315191268921e-02
5.364358425140380859e-01
1.048063188791275024e-01
2.776871323585510254e-01
1.714284121990203857e-01
1.095754578709602356e-01
8.416123688220977783e-02
6.413116306066513062e-02
7.314825057983398438e-01
2.719977200031280518e-01
8.312076330184936523e-02
4.702051356434822083e-02
1.491178572177886963e-01
1.148768365383148193e-01
8.549006283283233643e-02
8.284246921539306641e-02
4.175687134265899658e-01
5.136383771896362305e-01
6.272619962692260742e-02
4.398888349533081055e-02
2.808552384376525879e-01
4.397540912032127380e-02
1.126085817813873291e-01
1.353124678134918213e-01
2.203435301780700684e-01
6.429932266473770142e-02
4.508378356695175171e-02
1.738340854644775391e-01
6.893455237150192261e-02
2.521017491817474365e-01
8.373884856700897217e-02
7.393938302993774414e-01
8.451437205076217651e-02
1.312911063432693481e-01
7.961606234312057495e-02
1.203273832798004150e-01
1.006830036640167236e-01
1.136235445737838745e-01
4.555432200431823730e-01
1.217837929725646973e-01
1.788055747747421265e-01
1.475254446268081665e-01
9.107929468154907227e-02
9.979892522096633911e-02
9.237351268529891968e-02
5.845099315047264099e-02
4.238280653953552246e-02
1.220077127218246460e-01
1.214274466037750244e-01
6.755840778350830078e-01
1.378583759069442749e-01
2.854828536510467529e-01
3.395389020442962646e-02
1.605556756258010864e-01
3.543505668640136719e-01
9.996996074914932251e-02
1.152069643139839172e-01
1.135326251387596130e-01
1.736617386341094971e-01
4.553971067070960999e-02
5.705602839589118958e-02
1.317250579595565796e-01
8.355434983968734741e-02
3.628866374492645264e-02
1.277196556329727173e-01
4.888654127717018127e-02
5.499842390418052673e-02
3.913730755448341370e-02
8.062423765659332275e-02
2.467143088579177856e-01
4.149099439382553101e-02
9.715797007083892822e-02
6.689697504043579102e-02
1.006983667612075806e-01
8.113142102956771851e-02
6.079672649502754211e-02
1.025792360305786133e-01
6.686687469482421875e-01
5.056976675987243652e-01
5.964050441980361938e-02
3.381092846393585205e-01
6.096238642930984497e-02
7.313200831413269043e-02
4.733411595225334167e-02
1.743717044591903687e-01
7.579407095909118652e-02
9.038189053535461426e-02
3.189627081155776978e-02
5.053475871682167053e-02
7.668473571538925171e-02
2.717421762645244598e-02
4.132147878408432007e-02
9.133999794721603394e-02
6.925614923238754272e-02
3.404419496655464172e-02
9.328152239322662354e-02
8.836001902818679810e-02
6.912560015916824341e-02
1.355843693017959595e-01
4.530535638332366943e-02
1.690686345100402832e-01
6.191774457693099976e-02
4.463949799537658691e-02
3.985113650560379028e-02
9.070783108472824097e-02
8.531493693590164185e-02
9.815564155578613281e-01
6.135827675461769104e-02
1.144351959228515625e-01
1.201209872961044312e-01
6.660906970500946045e-02
9.297193586826324463e-02
3.847702220082283020e-02
9.596937894821166992e-02
1.066395044326782227e-01
8.045627921819686890e-02
1.249981522560119629e-01
1.682687699794769287e-01
5.354704335331916809e-02
3.045831024646759033e-01
1.483692824840545654e-01
1.020013168454170227e-01
1.531108915805816650e-01
6.588497757911682129e-02
1.558443158864974976e-01
1.050231382250785828e-01
8.971807360649108887e-02
1.136060878634452820e-01
6.687438488006591797e-02
5.995652079582214355e-02
5.970355868339538574e-02
8.268889784812927246e-02
8.750657737255096436e-02
8.278316259384155273e-02
1.365764290094375610e-01
4.500736296176910400e-02
4.423680528998374939e-02
5.928276479244232178e-02
9.716867804527282715e-01
6.219859123229980469e-01
1.613503098487854004e-01
7.703094929456710815e-02
8.915852010250091553e-02
9.404493123292922974e-02
1.689882129430770874e-01
1.306914985179901123e-01
5.822337791323661804e-02
5.233389139175415039e-02
4.332964494824409485e-02
9.983780235052108765e-02
5.584628134965896606e-02
4.622629284858703613e-02
5.349845439195632935e-02
4.762764275074005127e-02
6.304401904344558716e-02
1.405897736549377441e-01
8.541636914014816284e-02
3.977505862712860107e-02
5.590845271944999695e-02
3.299676477909088135e-01
8.306691795587539673e-02
2.661338448524475098e-01
1.001996174454689026e-01
2.315709926187992096e-02
7.433495670557022095e-02
1.093503236770629883e-01
3.906980529427528381e-02
8.037787675857543945e-01
2.600479423999786377e-01
4.288258552551269531e-01
5.680415034294128418e-02
9.818875789642333984e-02
3.071653470396995544e-02
7.757834345102310181e-02
7.461873441934585571e-02
9.893565624952316284e-02
8.776102215051651001e-02
9.138020128011703491e-02
2.695393189787864685e-02
1.335019320249557495e-01
5.803519114851951599e-02
8.810361623764038086e-01
1.016607731580734253e-01
1.112067997455596924e-01
9.869523346424102783e-02
1.237730979919433594e-01
5.207222327589988708e-02
6.500730663537979126e-02
1.717947572469711304e-01
3.809912130236625671e-02
2.247194200754165649e-02
8.911935612559318542e-03
1.929604262113571167e-01
6.994508206844329834e-02
1.225791051983833313e-01
4.024523198604583740e-01
1.469095945358276367e-01
7.350475341081619263e-02
6.774538755416870117e-02
8.690392971038818359e-02
4.435181319713592529e-01
7.056099772453308105e-01
9.199820756912231445e-01
1.171548515558242798e-01
6.169732287526130676e-02
6.370252370834350586e-02
6.074187904596328735e-02
8.715377002954483032e-02
5.684320256114006042e-02
1.925503164529800415e-01
1.155279353260993958e-01
3.327673301100730896e-02
8.095645159482955933e-02
6.225862726569175720e-02
9.857136011123657227e-02
5.586980283260345459e-02
7.432271540164947510e-02
6.545374542474746704e-02
4.948137328028678894e-02
2.226911485195159912e-01
7.719042897224426270e-01
1.269873976707458496e-01
5.044502019882202148e-01
1.535912305116653442e-01
7.983986288309097290e-02
3.875578045845031738e-01
3.591313958168029785e-02
4.781281203031539917e-02
5.459232255816459656e-02
1.661457121372222900e-01
7.053583860397338867e-01
4.178296923637390137e-01
7.427971810102462769e-02
1.972052901983261108e-01
8.431021124124526978e-02
2.176627814769744873e-01
1.212988868355751038e-01
8.387028425931930542e-02
1.512225568294525146e-01
7.147754728794097900e-02
4.145108163356781006e-02
4.959383234381675720e-02
4.359537735581398010e-02
9.122709184885025024e-02
9.441208094358444214e-02
8.053247630596160889e-02
3.955097869038581848e-02
6.696772575378417969e-02
3.866117075085639954e-02
1.703861206769943237e-01
6.211685389280319214e-02
4.282954335212707520e-02
1.327229887247085571e-01
8.675445616245269775e-02
6.929580867290496826e-02
1.450182944536209106e-01
9.210903942584991455e-02
2.392537146806716919e-02
6.968515366315841675e-02
7.282508611679077148e-01
2.191184908151626587e-01
5.958289504051208496e-01
6.871741414070129395e-01
1.892007701098918915e-02
6.801191717386245728e-02
2.892338111996650696e-02
6.701565533876419067e-02
9.403562545776367188e-02
6.857886165380477905e-02
3.105784356594085693e-01
1.270950734615325928e-01
9.531633555889129639e-02
5.741557851433753967e-02
3.192984312772750854e-02
3.392458707094192505e-02
6.840216368436813354e-02
7.606001198291778564e-02
8.556134998798370361e-02
7.975957542657852173e-02
1.163149774074554443e-01
3.669850900769233704e-02
4.634548723697662354e-02
6.128788366913795471e-02
1.407940685749053955e-01
7.426621019840240479e-02
9.116768091917037964e-02
7.479640096426010132e-02
5.537167564034461975e-02
1.550252586603164673e-01
1.984474509954452515e-01
5.661164224147796631e-02
9.739677608013153076e-02
3.653051853179931641e-01
2.016543745994567871e-01
2.521050870418548584e-01
5.452888831496238708e-02
6.276210397481918335e-02
5.028900876641273499e-02
9.328588098287582397e-02
3.767443820834159851e-02
2.502679824829101562e-01
5.571774020791053772e-02
1.043454110622406006e-01
5.728156119585037231e-02
1.203038170933723450e-01
9.828841090202331543e-01
1.138096973299980164e-01
7.352451980113983154e-02
1.491497904062271118e-01
1.596979796886444092e-01
7.503475248813629150e-02
6.966186165809631348e-01
5.191509425640106201e-02
1.961928047239780426e-02
8.719843626022338867e-02
1.557261943817138672e-01
3.718812391161918640e-02
9.170072525739669800e-02
4.842739924788475037e-02
7.293284684419631958e-02
2.927941977977752686e-01
1.129541695117950439e-01
1.596287488937377930e-01
1.032625958323478699e-01
6.975704431533813477e-02
8.708469569683074951e-02
7.111885398626327515e-02
1.599422246217727661e-01
6.039256229996681213e-02
7.943437993526458740e-02
1.024534553289413452e-01
4.044082015752792358e-02
9.108880907297134399e-02
3.218751400709152222e-02
8.709801733493804932e-02
8.712238073348999023e-02
6.232245266437530518e-02
2.206103503704071045e-02
8.406698107719421387e-01
1.915798485279083252e-01
1.914621442556381226e-01
7.283422350883483887e-02
3.727076947689056396e-02
2.506691515445709229e-01
9.521258622407913208e-02
2.041002362966537476e-01
4.481058195233345032e-02
5.066928267478942871e-02
7.783835381269454956e-02
1.027666702866554260e-01
3.782505989074707031e-01
3.025193512439727783e-02
7.212606817483901978e-02
3.119181469082832336e-02
3.402587026357650757e-02
6.764140129089355469e-01
3.258269727230072021e-01
1.105474531650543213e-01
7.701147347688674927e-02
4.855372756719589233e-02
7.422441989183425903e-02
9.047598391771316528e-02
1.090932860970497131e-01
6.634345650672912598e-02
7.579287141561508179e-02
9.772458672523498535e-02
2.649013139307498932e-02
1.441905498504638672e-01
5.272191390395164490e-02
9.835299849510192871e-02
7.269439846277236938e-02
2.462007291615009308e-02
5.065369233489036560e-02
9.793574362993240356e-02
4.956563189625740051e-02
6.496532261371612549e-02
1.195776164531707764e-01
1.069357991218566895e-01
2.192695438861846924e-01
1.307279914617538452e-01
1.442921906709671021e-02
8.656296879053115845e-02
5.015446245670318604e-02
3.851282596588134766e-01
3.395562469959259033e-01
8.452787995338439941e-02
1.139788329601287842e-01
7.325924932956695557e-02
2.334238737821578979e-01
7.862167060375213623e-02
5.733745917677879333e-02
1.985507160425186157e-01
5.110441446304321289e-01
4.421346783638000488e-01
5.631908029317855835e-02
1.670257747173309326e-01
1.039413288235664368e-01
2.482760995626449585e-01
5.625183880329132080e-02
3.863561451435089111e-01
6.314803957939147949e-01
5.240273103117942810e-02
7.002601027488708496e-02
7.737644016742706299e-02
2.676969170570373535e-01
1.184262409806251526e-01
6.435679644346237183e-02
1.420816481113433838e-01
1.906384825706481934e-01
8.688562512397766113e-01
8.609763383865356445e-01
1.871411055326461792e-01
4.229282960295677185e-02
4.797981306910514832e-02
8.707223832607269287e-02
9.365215897560119629e-02
1.808815002441406250e-01
6.517500430345535278e-02
3.528749570250511169e-02
7.773163914680480957e-02
1.755809411406517029e-02
7.601021975278854370e-02
1.370441764593124390e-01
1.016424000263214111e-01
9.911958128213882446e-02
8.026921004056930542e-02
5.212439224123954773e-02
5.802697688341140747e-02
4.087333977222442627e-01
3.481957614421844482e-01
5.432765483856201172e-01
9.996044039726257324e-01
4.258304089307785034e-02
4.034726694226264954e-02
5.886509642004966736e-02
6.512644141912460327e-02
1.085487678647041321e-01
1.209396496415138245e-01
3.201469779014587402e-02
7.664041221141815186e-02
1.003780663013458252e-01
4.838407412171363831e-02
2.978277206420898438e-02
1.119897961616516113e-01
9.729886651039123535e-01
6.351004838943481445e-01
8.617372512817382812e-01
1.169578582048416138e-01
4.463856294751167297e-02
2.223903872072696686e-02
1.295447498559951782e-01
1.038184985518455505e-01
3.876683488488197327e-02
1.377178430557250977e-01
7.860825210809707642e-02
1.814731955528259277e-01
6.766765564680099487e-02
8.847281336784362793e-02
5.576249957084655762e-02
8.381320536136627197e-02
2.079731822013854980e-01
4.972697794437408447e-02
2.935402840375900269e-02
5.807327106595039368e-02
9.500417858362197876e-02
5.571376904845237732e-02
7.753871381282806396e-02
3.446216508746147156e-02
3.992044180631637573e-02
6.916260719299316406e-02
1.085380911827087402e-01
7.467847466468811035e-01
5.721896141767501831e-02
7.441280037164688110e-02
9.016255289316177368e-02
5.336270332336425781e-01
6.260516643524169922e-01
9.907224178314208984e-01
1.426592022180557251e-01
4.412809759378433228e-02
6.196961924433708191e-02
3.041507005691528320e-01
3.804664313793182373e-02
1.821358501911163330e-01
7.706908136606216431e-02
5.499439835548400879e-01
6.171192601323127747e-02
7.122300565242767334e-02
1.256398707628250122e-01
1.772643476724624634e-01
8.290822505950927734e-01
2.848269417881965637e-02
1.225674748420715332e-01
6.219182163476943970e-02
5.803905799984931946e-02
6.864993274211883545e-02
1.243253424763679504e-01
1.232433691620826721e-01
3.905255496501922607e-01
1.846325546503067017e-01
7.437759637832641602e-02
1.567760556936264038e-01
4.370544478297233582e-02
1.256914883852005005e-01
9.763812422752380371e-01
5.289890617132186890e-02
3.895483016967773438e-01
3.958080708980560303e-01
5.546379461884498596e-02
6.299944221973419189e-02
9.318783879280090332e-02
9.229248762130737305e-02
7.849767059087753296e-02
1.032886579632759094e-01
5.547246336936950684e-02
9.222231805324554443e-02
2.463473230600357056e-01
7.541546225547790527e-02
2.478253394365310669e-01
1.175712868571281433e-01
4.964294433593750000e-01
1.101123392581939697e-01
1.313520073890686035e-01
1.004460752010345459e-01
3.662924095988273621e-02
1.176323592662811279e-01
3.242236375808715820e-01
1.636029332876205444e-01
1.401808112859725952e-01
5.365297943353652954e-02
2.798083126544952393e-01
1.008814945816993713e-01
5.808222293853759766e-02
3.039844892919063568e-02
5.725149437785148621e-02
1.011159494519233704e-01
6.168410554528236389e-02
4.796746745705604553e-02
1.067666932940483093e-01
4.951104521751403809e-02
9.999948740005493164e-01
4.259549081325531006e-01
1.111253574490547180e-01
8.853818289935588837e-03
4.022738337516784668e-01
5.842322707176208496e-01
1.295211464166641235e-01
5.126474499702453613e-01
6.665878742933273315e-02
6.418669223785400391e-02
9.974011182785034180e-01
1.586832702159881592e-01
3.248710930347442627e-02
5.199151486158370972e-02
1.288716197013854980e-01
9.966814517974853516e-02
6.653254479169845581e-02
7.027237862348556519e-02
7.395519316196441650e-02
1.030543521046638489e-01
4.143708050251007080e-01
2.318617254495620728e-01
3.080146312713623047e-01
2.357508689165115356e-01
5.252910405397415161e-02
3.293600305914878845e-02
5.840072408318519592e-02
4.002298414707183838e-02
8.998654782772064209e-02
4.828750714659690857e-02
8.865369856357574463e-02
1.278875470161437988e-01
8.516434580087661743e-02
5.003626644611358643e-02
5.250994488596916199e-02
2.815752029418945312e-01
7.299033552408218384e-02
4.474598541855812073e-02
6.387116760015487671e-02
8.533228933811187744e-02
7.887173444032669067e-02
5.358144268393516541e-02
5.370267108082771301e-02
7.689400017261505127e-02
3.311927989125251770e-02
1.345888078212738037e-01
5.656218901276588440e-02
5.883772298693656921e-02
7.243756949901580811e-02
1.090757027268409729e-01
7.544324547052383423e-02
8.197557181119918823e-02
1.219023838639259338e-01
3.996824100613594055e-02
2.291532605886459351e-02
6.159637123346328735e-02
2.895465679466724396e-02
6.184159964323043823e-02
3.794467449188232422e-02
5.612984299659729004e-02
3.941804915666580200e-02
4.033977910876274109e-02
1.677843332290649414e-01
3.712668269872665405e-02
4.607157781720161438e-02
4.592262953519821167e-02
7.353803515434265137e-02
5.116599798202514648e-02
5.651654675602912903e-02
1.137800142168998718e-01
6.909190118312835693e-02
7.073693722486495972e-02
6.607281416654586792e-02
3.192308843135833740e-01
5.440792441368103027e-01
9.184434264898300171e-02
4.579593539237976074e-01
1.733597368001937866e-01
4.310071095824241638e-02
2.138349413871765137e-01
6.330340355634689331e-02
6.959652900695800781e-02
3.162572532892227173e-02
2.343668974936008453e-02
5.123063921928405762e-02
3.717915341258049011e-02
1.181663721799850464e-01
1.061458811163902283e-01
6.693422794342041016e-02
3.279182910919189453e-01
3.925503790378570557e-02
4.230964556336402893e-02
4.984721168875694275e-02
5.879787355661392212e-02
6.006691604852676392e-02
4.253650084137916565e-02
4.965027794241905212e-02
9.590268880128860474e-02
8.927654474973678589e-02
9.892683476209640503e-02
2.635191679000854492e-01
2.645966224372386932e-02
5.425120517611503601e-02
2.247105911374092102e-02
8.862560242414474487e-02
6.606959104537963867e-01
1.599033623933792114e-01
7.687913626432418823e-02
5.626115202903747559e-02
3.866309300065040588e-02
5.137896165251731873e-02
5.123550444841384888e-02
1.143036559224128723e-01
3.123864531517028809e-01
2.181825041770935059e-02
5.857755243778228760e-02
1.208901479840278625e-01
1.938866451382637024e-02
9.702044725418090820e-02
4.345667734742164612e-02
5.265583097934722900e-02
1.932866498827934265e-02
4.944758862257003784e-02
3.759377822279930115e-02
5.878995731472969055e-02
8.047148585319519043e-02
1.731035299599170685e-02
3.394978865981101990e-02
7.080081850290298462e-02
9.190459549427032471e-02
5.596826225519180298e-02
6.796041131019592285e-02
4.624320939183235168e-02
9.829745888710021973e-01
9.848206490278244019e-02
2.650241181254386902e-02
3.091472387313842773e-01
2.133024781942367554e-01
6.354025751352310181e-02
2.593233585357666016e-01
1.470228433609008789e-01
5.579189583659172058e-02
1.246783360838890076e-01
9.539638459682464600e-02
8.449698984622955322e-02
7.103560119867324829e-02
1.499953679740428925e-02
9.580251574516296387e-02
6.286638975143432617e-02
1.066972091794013977e-01
7.399130612611770630e-02
2.841449081897735596e-01
2.479665130376815796e-01
7.508382797241210938e-01
2.579358816146850586e-01
5.255185440182685852e-02
3.365009427070617676e-01
4.237156510353088379e-01
9.167600423097610474e-02
3.172982111573219299e-02
1.158918365836143494e-01
7.404537498950958252e-02
6.988377869129180908e-02
3.231557309627532959e-01
1.083319112658500671e-01
5.317590013146400452e-02
4.031981155276298523e-02
1.037251055240631104e-01
5.299114063382148743e-02
4.084108397364616394e-02
4.077376127243041992e-01
4.869213998317718506e-01
5.596155673265457153e-02
1.308054327964782715e-01
1.590216010808944702e-01
9.594352543354034424e-02
9.553864598274230957e-02
5.723527073860168457e-02
1.179415136575698853e-01
4.948971569538116455e-01
4.013059139251708984e-01
3.811167180538177490e-02
1.020558699965476990e-01
1.325242072343826294e-01
2.371177077293395996e-01
7.821041345596313477e-02
1.745833903551101685e-01
6.469936668872833252e-02
1.836403310298919678e-01
8.290386945009231567e-02
8.646223694086074829e-02
2.934505976736545563e-02
2.131198793649673462e-01
7.877735793590545654e-02
9.515270590782165527e-02
6.223319098353385925e-02
3.156067430973052979e-02
4.921163991093635559e-02
9.371624886989593506e-02
1.193915680050849915e-01
1.292290985584259033e-01
2.877259068191051483e-02
1.318717598915100098e-01
3.762607276439666748e-02
4.135112836956977844e-02
2.842920124530792236e-01
4.138549566268920898e-01
3.919323906302452087e-02
1.525331586599349976e-01
2.155661396682262421e-02
3.937495499849319458e-02
1.166323572397232056e-01
2.534372918307781219e-02
6.502334028482437134e-02
4.844142124056816101e-02
5.192191153764724731e-02
5.590932443737983704e-02
7.678998261690139771e-02
7.275148481130599976e-02
5.994083732366561890e-02
5.686113610863685608e-02
6.943320482969284058e-02
4.266393929719924927e-02
7.444562017917633057e-02
8.376168459653854370e-02
4.788127541542053223e-02
6.308189034461975098e-02
7.310855388641357422e-02
1.105616912245750427e-01
4.472398757934570312e-02
8.905884623527526855e-02
1.005300059914588928e-01
6.305643916130065918e-02
1.069627776741981506e-01
8.515064418315887451e-02
1.383809596300125122e-01
3.796068429946899414e-01
1.670184880495071411e-01
1.385171264410018921e-01
1.055861338973045349e-01
7.830412685871124268e-02
4.793183133006095886e-02
5.131020769476890564e-02
1.232831105589866638e-01
6.689399480819702148e-02
7.509488612413406372e-02
1.461517065763473511e-01
6.227277591824531555e-02
3.191550821065902710e-02
6.196232140064239502e-02
3.867180347442626953e-01
6.466651558876037598e-01
1.237869784235954285e-01
2.793255634605884552e-02
1.419126689434051514e-01
7.785829305648803711e-01
5.928831547498703003e-02
6.490235775709152222e-02
8.784076571464538574e-02
3.995499014854431152e-01
7.626036405563354492e-01
3.082495927810668945e-01
4.631658494472503662e-01
3.537137210369110107e-01
1.730886548757553101e-01
1.522639393806457520e-01
2.989214956760406494e-01
1.234545484185218811e-01
1.318450421094894409e-01
4.426755383610725403e-02
3.179135173559188843e-02
7.216955721378326416e-02
5.400456786155700684e-01
4.486848413944244385e-01
3.422773256897926331e-02
2.025298029184341431e-01
6.411188095808029175e-02
4.981375113129615784e-02
5.055505782365798950e-02
1.084435880184173584e-01
2.876913361251354218e-02
3.561471104621887207e-01
6.944262981414794922e-02
1.141896322369575500e-01
3.842488303780555725e-02
1.386112868785858154e-01
4.184446483850479126e-02
1.146013140678405762e-01
8.997549861669540405e-02
4.987481981515884399e-02
6.563470512628555298e-02
5.662076920270919800e-02
1.061774790287017822e-01
9.491080790758132935e-02
8.698064833879470825e-02
6.734538823366165161e-02
6.101738661527633667e-02
7.236313819885253906e-02
9.538093209266662598e-02
4.689335450530052185e-02
1.865505129098892212e-01
9.691426157951354980e-02
1.097959727048873901e-01
1.108178123831748962e-01
7.071065902709960938e-02
1.077831462025642395e-01
6.526128202676773071e-02
9.996421337127685547e-01
2.365271374583244324e-02
1.255927234888076782e-01
7.462593168020248413e-02
2.826911769807338715e-02
9.837618470191955566e-01
7.131242007017135620e-02
9.785354882478713989e-02
2.850771509110927582e-02
6.759198009967803955e-02
1.174089461565017700e-01
7.079389691352844238e-02
9.946635961532592773e-01
6.938501447439193726e-02
7.381800562143325806e-02
8.603294193744659424e-02
2.754379808902740479e-02
4.730224981904029846e-02
4.143439605832099915e-02
9.939354062080383301e-01
9.961775541305541992e-01
8.425778150558471680e-01
7.133402675390243530e-02
7.084136456251144409e-02
1.363168060779571533e-01
7.541507482528686523e-02
7.635560631752014160e-02
9.892668575048446655e-02
5.867437645792961121e-02
9.884067177772521973e-01
9.888376295566558838e-02
6.043030321598052979e-02
1.353382617235183716e-01
2.153889089822769165e-02
2.190303355455398560e-01
1.228068545460700989e-01
2.295045740902423859e-02
8.168422430753707886e-02
8.617768436670303345e-02
2.492170780897140503e-02
1.206254735589027405e-01
1.100251153111457825e-01
7.487227022647857666e-02
1.371109634637832642e-01
8.554478734731674194e-02
9.336316585540771484e-02
3.627693280577659607e-02
3.903635218739509583e-02
1.020092070102691650e-01
2.670898735523223877e-01
1.548459231853485107e-01
1.718242913484573364e-01
2.065447419881820679e-01
9.378530383110046387e-01
6.820810586214065552e-02
9.777786582708358765e-02
1.187932044267654419e-01
5.057245120406150818e-02
1.434081345796585083e-01
7.317920774221420288e-02
6.102471798658370972e-02
8.003060519695281982e-02
1.825319379568099976e-01
7.265866547822952271e-02
7.321045547723770142e-02
8.253937214612960815e-02
1.977297477424144745e-02
1.142648160457611084e-01
1.970044970512390137e-01
1.104760244488716125e-01
5.761696398258209229e-02
1.555318012833595276e-02
9.537687897682189941e-02
3.343797475099563599e-02
1.052221879363059998e-01
6.628850847482681274e-02
5.227719992399215698e-02
1.725363433361053467e-01
5.820979475975036621e-01
2.915857732295989990e-01
4.991099610924720764e-02
1.426505148410797119e-01
1.025352552533149719e-01
8.590865135192871094e-02
5.864303186535835266e-02
3.124839812517166138e-02
1.333159506320953369e-01
6.253179907798767090e-02
1.241825968027114868e-01
2.231537401676177979e-01
1.853536218404769897e-01
2.839423716068267822e-02
1.311973482370376587e-01
9.619889259338378906e-01
1.853325068950653076e-01
3.340481519699096680e-01
3.239047825336456299e-01
7.792107015848159790e-02
9.558130055665969849e-02
1.036271080374717712e-01
3.276343941688537598e-01
7.280826568603515625e-02
5.517428517341613770e-01
3.700233623385429382e-02
1.019766256213188171e-01
3.301638737320899963e-02
3.244920447468757629e-02
1.670129001140594482e-01
5.242907628417015076e-02
1.708127558231353760e-02
7.831334322690963745e-02
4.374355077743530273e-02
5.655372142791748047e-02
5.855617672204971313e-02
6.369322538375854492e-02
6.653340905904769897e-02
7.739356160163879395e-02
3.367613255977630615e-02
1.981998533010482788e-01
6.528739631175994873e-02
2.023427635431289673e-01
4.277832806110382080e-02
4.947547614574432373e-02
7.999692857265472412e-02
4.606136307120323181e-02
8.343286067247390747e-02
3.397199809551239014e-01
9.841322898864746094e-02
6.851649284362792969e-02
5.633269622921943665e-02
1.232937350869178772e-01
5.018909275531768799e-02
1.564291417598724365e-01
2.431846559047698975e-01
1.025869622826576233e-01
7.425145804882049561e-02
5.376540124416351318e-02
1.122617796063423157e-01
9.033687412738800049e-02
4.014992713928222656e-02
1.151255965232849121e-01
7.167231291532516479e-02
9.601736068725585938e-02
1.177183836698532104e-01
3.230825960636138916e-01
6.431039571762084961e-01
6.466075778007507324e-02
8.172857761383056641e-02
3.566514328122138977e-02
4.365601763129234314e-02
1.132477745413780212e-01
5.562857165932655334e-02
5.999134480953216553e-02
2.986427769064903259e-02
1.204376295208930969e-01
9.554672241210937500e-02
7.553455978631973267e-02
3.991632163524627686e-02
2.093617171049118042e-01
5.469267070293426514e-02
8.564320206642150879e-02
8.567044138908386230e-02
9.876314550638198853e-02
5.526987090706825256e-02
9.657576680183410645e-02
1.188749149441719055e-01
4.853241890668869019e-02
8.478244394063949585e-02
1.795213371515274048e-01
7.157299518585205078e-01
2.894236147403717041e-01
5.083993822336196899e-02
1.021405756473541260e-01
1.718599349260330200e-02
1.041961237788200378e-01
5.032559037208557129e-01
1.196927800774574280e-01
7.196159660816192627e-02
1.792886704206466675e-01
9.191214293241500854e-02
2.776834964752197266e-01
1.893480122089385986e-02
5.934107303619384766e-02
9.999524354934692383e-01
9.707843661308288574e-01
1.267403364181518555e-01
2.187609300017356873e-02
3.860354423522949219e-02
6.257502734661102295e-02
7.744262367486953735e-02
1.881822794675827026e-01
2.666690200567245483e-02
1.518195271492004395e-01
5.997987091541290283e-02
5.279533565044403076e-02
1.756141483783721924e-01
6.036249548196792603e-02
1.386769860982894897e-01
6.355918943881988525e-02
1.746092922985553741e-02
7.587043195962905884e-02
1.026251465082168579e-01
7.125971466302871704e-02
1.165352240204811096e-01
8.267202228307723999e-02
2.265861779451370239e-01
9.494155645370483398e-02
4.675577580928802490e-02
6.684011220932006836e-02
7.096244394779205322e-02
3.278960287570953369e-02
3.409831225872039795e-02
1.101468279957771301e-01
4.147044941782951355e-02
1.168604567646980286e-01
6.831538677215576172e-02
4.068084806203842163e-02
6.024638190865516663e-02
1.322795003652572632e-01
7.695791870355606079e-02
9.190728515386581421e-02
1.481931358575820923e-01
9.844882041215896606e-02
5.012396350502967834e-02
7.515845447778701782e-02
5.089448019862174988e-02
5.249455943703651428e-02
8.369938284158706665e-02
8.194498717784881592e-02
1.015226617455482483e-01
6.131266057491302490e-02
2.982155606150627136e-02
2.656268514692783356e-02
1.424665283411741257e-02
6.603612750768661499e-02
9.216637164354324341e-02
7.494119554758071899e-02
5.215353518724441528e-02
1.570571362972259521e-01
1.105547994375228882e-01
6.380634009838104248e-02
8.294301480054855347e-02
2.875323034822940826e-02
3.432202711701393127e-02
8.764187991619110107e-02
5.655136704444885254e-02
9.952958226203918457e-01
9.118052124977111816e-01
3.353449329733848572e-02
6.892424821853637695e-02
5.499688535928726196e-02
3.414736315608024597e-02
2.106059528887271881e-02
6.270459294319152832e-02
3.823700174689292908e-02
1.057576909661293030e-01
2.670859359204769135e-02
7.150392979383468628e-02
1.187388375401496887e-01
4.752763360738754272e-02
7.530018687248229980e-02
2.680333256721496582e-01
6.589537113904953003e-02
8.223640173673629761e-02
1.462213695049285889e-01
3.552747517824172974e-02
4.474585130810737610e-02
1.915931887924671173e-02
6.054289266467094421e-02
1.215354502201080322e-01
1.070705577731132507e-01
6.370191276073455811e-02
5.861617624759674072e-02
5.112818628549575806e-02
4.171932488679885864e-02
4.027936235070228577e-02
1.096928492188453674e-01
1.155588105320930481e-01
8.503173589706420898e-01
4.879870116710662842e-01
8.175309002399444580e-02
8.072400093078613281e-02
1.894350349903106689e-02
3.196818009018898010e-02
7.578976452350616455e-02
1.569925844669342041e-01
3.743532598018646240e-01
7.374116778373718262e-02
1.865714043378829956e-02
1.394898630678653717e-02
5.387981608510017395e-02
5.306190997362136841e-02
4.710032045841217041e-02
9.999960660934448242e-02
7.166842371225357056e-02
6.138224154710769653e-02
2.062568068504333496e-01
1.156099736690521240e-01
2.247551083564758301e-01
5.347264930605888367e-02
4.518190771341323853e-02
5.464609712362289429e-02
3.642263263463973999e-02
7.960182428359985352e-02
1.234881728887557983e-01
1.116395443677902222e-01
4.782623425126075745e-02
1.224688142538070679e-01
4.727103561162948608e-02
8.080010116100311279e-02
1.258047521114349365e-01
3.171748518943786621e-01
1.439371556043624878e-01
6.483097374439239502e-02
6.614502519369125366e-02
8.898992836475372314e-02
8.169474452733993530e-02
6.272597610950469971e-02
3.139636814594268799e-01
1.011114418506622314e-01
2.681046910583972931e-02
6.870878487825393677e-02
2.028064057230949402e-02
1.004024595022201538e-01
4.954836145043373108e-02
4.466198757290840149e-02
4.630169570446014404e-01
3.801132142543792725e-01
5.286722630262374878e-02
8.747401088476181030e-02
5.063784494996070862e-02
9.049067646265029907e-02
5.276520550251007080e-02
1.518557965755462646e-01
9.934054613113403320e-01
5.765125527977943420e-02
1.840115636587142944e-01
1.111163124442100525e-01
1.125459372997283936e-01
8.870292305946350098e-01
1.074645072221755981e-01
7.091153413057327271e-02
6.397294253110885620e-02
5.410104244947433472e-02
4.758255556225776672e-02
8.497204631567001343e-02
1.220861226320266724e-01
4.580828920006752014e-02
2.410774119198322296e-02
7.429125905036926270e-02
8.480714261531829834e-02
5.207991227507591248e-02
4.213161021471023560e-02
1.528586596250534058e-01
9.272103011608123779e-02
9.538537263870239258e-02
4.854110777378082275e-01
5.463939309120178223e-01
2.589256130158901215e-02
5.625789985060691833e-02
2.379259318113327026e-01
8.018485903739929199e-01
7.663267105817794800e-02
4.576003178954124451e-02
4.225233569741249084e-02
8.655612915754318237e-02
4.621573910117149353e-02
4.678142070770263672e-02
1.398367434740066528e-01
1.198131740093231201e-01
8.485946804285049438e-02
5.456062033772468567e-02
1.055910661816596985e-01
8.221837133169174194e-02
3.194241970777511597e-02
1.243493184447288513e-01
1.204793080687522888e-01
4.660068452358245850e-02
4.651463031768798828e-02
5.868806317448616028e-02
1.159756779670715332e-01
8.820353746414184570e-01
9.438098073005676270e-01
8.641009032726287842e-02
2.892113327980041504e-01
2.185274213552474976e-01
3.904789686203002930e-02
6.024668738245964050e-02
9.746018797159194946e-02
2.045683413743972778e-01
5.430420115590095520e-02
1.119469031691551208e-01
1.179478242993354797e-01
1.328641325235366821e-01
1.288448423147201538e-01
2.408680617809295654e-01
2.722147852182388306e-02
9.665161371231079102e-02
5.274592339992523193e-02
4.965193197131156921e-02
5.827299878001213074e-02
2.250826805830001831e-01
1.011317670345306396e-01
5.537807568907737732e-02
2.682789564132690430e-01
7.901014089584350586e-01
1.561517864465713501e-01
8.060654401779174805e-01
6.052917614579200745e-02
7.399922609329223633e-02
3.555953875184059143e-02
2.764649093151092529e-01
8.141344040632247925e-02
1.612866371870040894e-01
2.042840048670768738e-02
3.900422155857086182e-02
7.323039323091506958e-02
1.754537373781204224e-01
2.038681060075759888e-01
6.430104374885559082e-02
1.105276346206665039e-01
7.358305901288986206e-02
6.891174912452697754e-01
7.104171812534332275e-02
8.219484239816665649e-02
1.552831232547760010e-01
1.224378794431686401e-01
1.143693700432777405e-01
6.445529311895370483e-02
6.281597912311553955e-02
7.220962643623352051e-02
5.966205522418022156e-02
4.512182623147964478e-02
2.375674098730087280e-01
3.238241970539093018e-01
4.048783183097839355e-01
9.447616934776306152e-01
3.548553213477134705e-02
7.252728939056396484e-02
4.449206590652465820e-02
1.374865770339965820e-01
3.992891907691955566e-01
1.721622943878173828e-01
9.414122253656387329e-02
5.423677712678909302e-02
9.574820846319198608e-02
1.013569161295890808e-01
1.031511425971984863e-01
7.784935832023620605e-02
5.160714387893676758e-01
5.408394932746887207e-01
1.360852122306823730e-01
8.295271396636962891e-01
4.385269433259963989e-02
1.542789191007614136e-01
1.666559427976608276e-01
1.323428153991699219e-01
2.358472533524036407e-02
1.994670182466506958e-02
7.189396768808364868e-02
3.305568918585777283e-02
1.097941100597381592e-01
4.750827327370643616e-02
8.256996423006057739e-02
3.509969636797904968e-02
5.293850600719451904e-02
4.548910632729530334e-02
1.602653414011001587e-01
1.417256444692611694e-01
7.093074917793273926e-02
1.001922115683555603e-01
8.254569023847579956e-02
7.936303317546844482e-02
8.172338455915451050e-02
8.082352578639984131e-02
4.143318161368370056e-02
6.916671246290206909e-02
8.628530800342559814e-02
5.197028815746307373e-02
6.041740626096725464e-02
7.937747985124588013e-02
9.857700020074844360e-02
5.956821888685226440e-02
6.068736687302589417e-02
1.394209116697311401e-01
1.615651994943618774e-01
2.412283234298229218e-02
7.206544280052185059e-02
7.835889607667922974e-02
2.277421578764915466e-02
7.446060329675674438e-02
1.123797371983528137e-01
6.658849120140075684e-02
1.619452834129333496e-01
1.227078661322593689e-01
6.211584061384201050e-02
2.497863769531250000e-02
3.969108685851097107e-02
8.600536733865737915e-02
4.276192933320999146e-02
1.091491729021072388e-01
5.817516893148422241e-02
5.306398123502731323e-02
2.076802588999271393e-02
3.471891582012176514e-01
2.438186258077621460e-01
9.190738201141357422e-02
6.356193870306015015e-02
5.472437292337417603e-02
1.526123732328414917e-01
9.470322728157043457e-02
5.345615744590759277e-02
2.929901890456676483e-02
1.050623953342437744e-01
1.608497835695743561e-02
1.708127856254577637e-01
5.992881953716278076e-02
2.136774808168411255e-01
6.778813898563385010e-02
2.836952507495880127e-01
1.081330254673957825e-01
1.579174846410751343e-01
3.395391255617141724e-02
5.842015519738197327e-02
1.942693740129470825e-01
3.318629413843154907e-02
1.006790101528167725e-01
1.062209531664848328e-01
9.998474121093750000e-01
7.035528421401977539e-01
1.767635494470596313e-01
9.996635913848876953e-01
6.042532920837402344e-01
4.917452931404113770e-01
9.238294512033462524e-02
6.602432578802108765e-02
4.149276763200759888e-02
7.206514477729797363e-02
6.968796253204345703e-02
8.816192299127578735e-02
8.143261075019836426e-02
3.886253014206886292e-02
2.473525702953338623e-01
2.523347735404968262e-01
7.340425997972488403e-02
7.370397448539733887e-01
1.426432132720947266e-01
6.408268958330154419e-02
1.421584784984588623e-01
1.039469018578529358e-01
9.460109472274780273e-02
8.909631520509719849e-02
3.726327791810035706e-02
1.312103718519210815e-01
1.756904572248458862e-01
5.187270790338516235e-02
7.423451542854309082e-02
2.121140360832214355e-01
1.756930351257324219e-01
6.597526371479034424e-02
6.834594160318374634e-02
1.007905080914497375e-01
7.997071743011474609e-02
3.181168735027313232e-01
4.273148775100708008e-01
4.201663732528686523e-01
3.274804353713989258e-02
1.005258411169052124e-01
2.424793317914009094e-02
9.925107657909393311e-02
6.724538207054138184e-01
1.350051015615463257e-01
6.493853777647018433e-02
1.113301366567611694e-01
4.958139359951019287e-02
7.274677604436874390e-02
7.968276739120483398e-01
1.533021777868270874e-01
3.157941997051239014e-02
7.289711385965347290e-02
2.305065244436264038e-01
2.613066509366035461e-02
4.407047107815742493e-02
5.923140794038772583e-02
9.220267832279205322e-02
7.437486201524734497e-02
8.492138236761093140e-02
5.064753070473670959e-02
1.001934334635734558e-01
5.195340886712074280e-02
3.317105770111083984e-02
7.070934027433395386e-02
5.761661753058433533e-02
1.313649117946624756e-01
6.878491640090942383e-01
8.304361104965209961e-01
1.123067736625671387e-01
2.159686535596847534e-01
5.279170274734497070e-01
3.543680310249328613e-01
7.199683785438537598e-02
5.991575121879577637e-02
7.832458615303039551e-02
1.552231609821319580e-01
1.441821157932281494e-01
1.812477260828018188e-01
9.129083901643753052e-02
1.089076697826385498e-01
1.897226423025131226e-01
6.650938838720321655e-02
1.796094477176666260e-01
1.951142251491546631e-01
5.661202222108840942e-02
3.573324158787727356e-02
1.107466965913772583e-01
1.218235790729522705e-01
9.631937742233276367e-02
4.742382839322090149e-02
4.114277660846710205e-02
3.711649030447006226e-02
1.948897093534469604e-01
1.503654010593891144e-02
1.646714210510253906e-01
6.175485625863075256e-02
6.057953834533691406e-01
5.673801898956298828e-01
4.947002604603767395e-02
3.660086914896965027e-02
5.326480045914649963e-02
4.054788872599601746e-02
6.887027621269226074e-02
5.294330418109893799e-02
8.013334125280380249e-02
1.483876407146453857e-01
5.134163051843643188e-02
1.057966202497482300e-01
3.297825902700424194e-02
7.042048871517181396e-02
6.509609520435333252e-02
3.862333297729492188e-02
7.314614951610565186e-02
8.785708248615264893e-02
1.793218255043029785e-01
5.582385510206222534e-02
6.068877130746841431e-02
6.913325190544128418e-02
1.518459618091583252e-01
2.423204667866230011e-02
6.564755737781524658e-02
1.219316124916076660e-01
8.736910670995712280e-02
7.844294607639312744e-02
1.420915722846984863e-01
4.476658627390861511e-02
1.496430635452270508e-01
9.072460979223251343e-02
3.438160419464111328e-01
2.421901375055313110e-01
2.557886838912963867e-01
6.785108149051666260e-02
6.463026255369186401e-02
6.874647736549377441e-02
1.783536374568939209e-01
2.017419189214706421e-01
1.294873654842376709e-01
5.452455952763557434e-02
1.844256520271301270e-01
8.996925503015518188e-02
7.403919845819473267e-02
9.775027632713317871e-01
8.393533229827880859e-01
1.043273359537124634e-01
1.503053307533264160e-01
9.260939061641693115e-02
1.438050717115402222e-01
8.330547064542770386e-02
3.984054550528526306e-02
9.830077737569808960e-02
2.247585058212280273e-01
6.512819975614547729e-02
7.300638407468795776e-02
1.884105354547500610e-01
4.008356332778930664e-01
2.905050851404666901e-02
8.910386264324188232e-02
7.585775852203369141e-02
3.406412601470947266e-01
4.750587344169616699e-01
4.693028330802917480e-01
1.028782725334167480e-01
8.267342299222946167e-02
6.472741812467575073e-02
5.069177970290184021e-02
6.869973987340927124e-02
1.052431613206863403e-01
3.376406431198120117e-02
1.375902444124221802e-01
1.324963867664337158e-01
1.736324280500411987e-01
5.505527928471565247e-02
1.447885781526565552e-01
9.351009875535964966e-02
1.235956400632858276e-01
5.432695522904396057e-02
4.464704170823097229e-02
5.568142607808113098e-02
6.669473648071289062e-02
8.098822087049484253e-02
9.362010657787322998e-02
1.038522049784660339e-01
5.932589992880821228e-02
3.191602975130081177e-02
1.349602490663528442e-01
7.878655940294265747e-02
6.766281276941299438e-02
5.327894911170005798e-02
1.020157337188720703e-01
1.061181053519248962e-01
1.241814792156219482e-01
7.096907496452331543e-02
8.855048567056655884e-02
6.426869332790374756e-02
8.520205318927764893e-02
7.067925482988357544e-02
8.364235609769821167e-02
1.399077028036117554e-01
1.178773120045661926e-01
6.742244958877563477e-02
8.560575544834136963e-02
7.652913033962249756e-02
9.749937057495117188e-02
5.253430828452110291e-02
3.551220893859863281e-02
1.234746947884559631e-01
1.316337585449218750e-01
5.121415853500366211e-02
8.669471740722656250e-02
6.174166500568389893e-02
9.689258038997650146e-02
2.113360613584518433e-01
1.633361577987670898e-01
2.249221950769424438e-01
4.341561719775199890e-02
7.842257022857666016e-01
3.989213332533836365e-02
7.033061236143112183e-02
5.689177289605140686e-02
5.638767033815383911e-02
4.193706437945365906e-02
4.403404518961906433e-02
2.810055911540985107e-01
1.295443177223205566e-01
5.774645134806632996e-02
1.170594021677970886e-01
2.876243926584720612e-02
6.295942515134811401e-02
5.208170041441917419e-02
1.319431960582733154e-01
2.028931491076946259e-02
8.589363843202590942e-02
1.023784354329109192e-01
9.018217027187347412e-02
8.214620500802993774e-02
1.347596943378448486e-01
9.467723220586776733e-02
1.024024710059165955e-01
1.429506987333297729e-01
1.509336084127426147e-01
7.999941706657409668e-02
7.612622529268264771e-02
6.363658607006072998e-02
9.396711736917495728e-02
9.534886479377746582e-02
3.297359347343444824e-01
2.056249678134918213e-01
2.527224831283092499e-02
4.893625900149345398e-02
1.053127124905586243e-01
1.243937537074089050e-01
1.444451659917831421e-01
7.971917837858200073e-02
5.934746935963630676e-02
5.042952671647071838e-02
4.476157948374748230e-02
4.558599889278411865e-01
5.774762108922004700e-02
7.856521010398864746e-02
1.290660500526428223e-01
2.185503542423248291e-01
4.547160565853118896e-01
9.699098765850067139e-02
7.069610804319381714e-02
2.952125854790210724e-02
1.378005445003509521e-01
7.011662423610687256e-02
4.301327839493751526e-02
9.998362064361572266e-01
9.999755620956420898e-01
3.898471593856811523e-02
7.230222970247268677e-02
1.037188097834587097e-01
6.362892687320709229e-02
7.204572856426239014e-02
7.278118282556533813e-02
6.459929794073104858e-02
9.085755795240402222e-02
1.089795902371406555e-01
1.101635396480560303e-01
1.051265969872474670e-01
5.744265392422676086e-02
2.324146777391433716e-01
5.750942975282669067e-02
2.107773162424564362e-02
9.753317832946777344e-01
1.559472233057022095e-01
7.972869277000427246e-02
1.266513317823410034e-01
6.125307083129882812e-01
1.115204095840454102e-01
1.232770830392837524e-01
5.051970481872558594e-01
1.221432834863662720e-01
2.645399421453475952e-02
7.946158200502395630e-02
6.102838367223739624e-02
6.414049863815307617e-02
1.605731695890426636e-01
1.400374025106430054e-01
2.326081693172454834e-01
1.467962563037872314e-01
6.488052755594253540e-02
1.075701564550399780e-01
1.323421001434326172e-01
4.648594558238983154e-02
1.114958152174949646e-01
1.956014484167098999e-01
1.455472558736801147e-01
9.944256395101547241e-02
1.247516125440597534e-01
6.337013840675354004e-02
1.226294264197349548e-01
2.247832901775836945e-02
6.941387057304382324e-02
8.156957477331161499e-02
9.435893595218658447e-02
2.180892378091812134e-01
7.353007793426513672e-02
5.582977831363677979e-02
4.425868764519691467e-02
6.724555790424346924e-02
8.045388013124465942e-02
3.731020912528038025e-02
5.014278367161750793e-02
9.143475443124771118e-02
5.606551095843315125e-02
9.599778056144714355e-02
3.548847883939743042e-02
8.682419359683990479e-02
6.267138570547103882e-02
9.993692487478256226e-02
3.729946538805961609e-02
1.369315981864929199e-01
3.130431845784187317e-02
3.369829803705215454e-02
7.135973870754241943e-02
1.139946579933166504e-01
5.863586664199829102e-01
1.125037744641304016e-01
4.666852578520774841e-02
3.287822008132934570e-01
3.507503569126129150e-01
9.117147326469421387e-02
5.682320520281791687e-02
8.076286315917968750e-02
2.283207923173904419e-01
2.093687355518341064e-01
6.437053531408309937e-02
4.107023403048515320e-02
1.552102714776992798e-01
5.981962084770202637e-01
7.273809313774108887e-01
1.510660499334335327e-01
1.628560423851013184e-01
4.186496511101722717e-02
7.085199654102325439e-02
4.844495654106140137e-02
1.269851922988891602e-01
5.096084624528884888e-02
4.504106938838958740e-02
5.911613628268241882e-02
1.070422232151031494e-01
6.053652241826057434e-02
1.710679382085800171e-01
2.080763429403305054e-01
1.230533495545387268e-01
7.230315357446670532e-02
1.095915138721466064e-01
9.288015961647033691e-02
1.175354793667793274e-01
6.938786059617996216e-02
5.678673461079597473e-02
1.292985081672668457e-01
3.193268775939941406e-01
6.552140116691589355e-01
9.186156392097473145e-01
3.806779086589813232e-01
3.085656464099884033e-01
9.964910894632339478e-02
9.066031128168106079e-02
7.449274510145187378e-02
5.087352544069290161e-02
1.657383441925048828e-01
3.916697204113006592e-01
4.601895436644554138e-02
1.057306379079818726e-01
1.052289605140686035e-01
2.578151598572731018e-02
7.356912642717361450e-02
1.112712845206260681e-01
4.938614368438720703e-02
7.852709293365478516e-02
4.796338453888893127e-02
3.477153554558753967e-02
1.628770977258682251e-01
1.764366179704666138e-01
8.209480345249176025e-02
7.036599516868591309e-02
3.872742354869842529e-01
1.829468458890914917e-01
1.048069670796394348e-01
1.274484395980834961e-01
1.058484911918640137e-01
5.180925130844116211e-02
8.049632608890533447e-02
4.072934016585350037e-02
3.207600861787796021e-02
8.785251528024673462e-02
5.555214881896972656e-01
8.421927690505981445e-01
9.528952836990356445e-02
1.303800847381353378e-02
5.608067661523818970e-02
4.177066311240196228e-02
1.098048463463783264e-01
7.134167104959487915e-02
1.536973267793655396e-01
7.888812571763992310e-02
3.068026900291442871e-02
6.319944560527801514e-02
6.231622770428657532e-02
1.660212725400924683e-01
5.292425751686096191e-01
9.904876351356506348e-02
1.098530590534210205e-01
5.646832287311553955e-02
6.534363329410552979e-02
6.331685930490493774e-02
1.498678624629974365e-01
2.678723335266113281e-01
7.359329611063003540e-02
3.704344481229782104e-02
6.181118264794349670e-02
6.227045878767967224e-02
3.880883380770683289e-02
6.103301420807838440e-02
3.899136185646057129e-02
6.802719086408615112e-02
3.484054654836654663e-02
6.240855902433395386e-02
8.893636614084243774e-02
4.893701151013374329e-02
3.284897655248641968e-02
9.489993005990982056e-02
1.201460361480712891e-01
2.254981175065040588e-02
5.777824670076370239e-02
8.966520428657531738e-02
4.770484194159507751e-02
5.895563587546348572e-02
1.311864703893661499e-01
3.606956824660301208e-02
8.802260458469390869e-02
7.664565742015838623e-02
2.836661227047443390e-02
9.703598171472549438e-02
6.227853521704673767e-02
4.317968785762786865e-01
4.260482192039489746e-01
7.297723740339279175e-02
6.640855222940444946e-02
7.498741149902343750e-02
5.513544753193855286e-02
5.623949691653251648e-02
2.275046557188034058e-01
2.482982911169528961e-02
3.810281679034233093e-02
1.714904159307479858e-01
4.554266035556793213e-01
2.594919688999652863e-02
6.138127446174621582e-01
7.575533390045166016e-01
1.991157084703445435e-01
5.027386546134948730e-02
7.340668141841888428e-02
8.881360292434692383e-02
2.691646292805671692e-02
1.023071631789207458e-01
6.281846761703491211e-02
1.073838695883750916e-01
1.216975152492523193e-01
1.305478513240814209e-01
4.661187529563903809e-02
5.352155491709709167e-02
3.512294888496398926e-01
9.606960415840148926e-02
6.149413809180259705e-02
4.852842539548873901e-02
8.366952836513519287e-02
1.088614463806152344e-01
6.338720768690109253e-02
1.532829105854034424e-01
8.143667876720428467e-02
8.582428842782974243e-02
2.762567996978759766e-02
1.159451603889465332e-01
6.944797188043594360e-02
4.899058118462562561e-02
3.524238988757133484e-02
1.198591887950897217e-01
6.761133670806884766e-02
6.338752806186676025e-02
1.187423691153526306e-01
9.430143237113952637e-02
9.559688717126846313e-02
3.563576191663742065e-02
4.316688701510429382e-02
1.129897162318229675e-01
4.300869628787040710e-02
4.815454781055450439e-02
4.096274450421333313e-02
2.835924364626407623e-02
5.060046538710594177e-02
6.639073044061660767e-02
9.517060965299606323e-02
6.233457475900650024e-02
3.145154193043708801e-02
9.081310033798217773e-02
6.670585274696350098e-02
5.639981478452682495e-02
4.412709176540374756e-02
2.120866812765598297e-02
5.577130913734436035e-01
1.580556035041809082e-01
5.480579286813735962e-02
2.237163037061691284e-01
4.759701341390609741e-02
6.248100101947784424e-02
8.642838895320892334e-02
7.821375131607055664e-02
4.195662960410118103e-02
4.995465651154518127e-02
7.064654678106307983e-02
4.690242186188697815e-02
6.047763675451278687e-02
7.641229033470153809e-02
6.349606812000274658e-02
6.230758875608444214e-02
8.874695748090744019e-02
1.062397882342338562e-01
3.578387945890426636e-02
8.102429509162902832e-01
1.120422258973121643e-01
7.055059671401977539e-01
6.975051760673522949e-01
6.793564558029174805e-02
1.159453615546226501e-01
5.420458689332008362e-02
2.893815189599990845e-02
1.440847218036651611e-01
8.566816896200180054e-02
8.898009359836578369e-02
4.629666805267333984e-01
1.213651821017265320e-01
1.081295236945152283e-01
1.239395588636398315e-01
5.677174031734466553e-02
1.662071347236633301e-01
4.066831618547439575e-02
7.010896503925323486e-02
6.770791113376617432e-02
5.134389176964759827e-02
4.825311526656150818e-02
5.182299390435218811e-02
1.862327307462692261e-01
7.839308977127075195e-01
2.096042335033416748e-01
6.076437979936599731e-02
1.295641064643859863e-01
1.055112108588218689e-01
1.052356362342834473e-01
1.863544806838035583e-02
4.853869602084159851e-02
4.845487698912620544e-02
1.736891865730285645e-01
7.112267613410949707e-01
3.090234100818634033e-02
3.867667913436889648e-02
7.244558632373809814e-02
8.338152617216110229e-02
9.662600755691528320e-01
3.873109072446823120e-02
7.575631886720657349e-02
7.142438739538192749e-02
8.354679942131042480e-01
5.365892648696899414e-01
8.461134135723114014e-02
6.632098555564880371e-02
3.161540254950523376e-02
5.711835995316505432e-02
1.665515750646591187e-01
9.315070509910583496e-02
9.512143582105636597e-02
9.271448850631713867e-02
9.193632006645202637e-02
6.389274448156356812e-02
8.576858043670654297e-02
7.189395278692245483e-02
5.316672921180725098e-01
2.482939213514328003e-01
9.574905782938003540e-02
1.854872554540634155e-01
4.622460156679153442e-02
6.787493824958801270e-02
3.968938812613487244e-02
7.887977361679077148e-02
1.528006643056869507e-01
2.697744965553283691e-01
1.321150958538055420e-01
5.478753894567489624e-02
6.343477368354797363e-01
2.544598281383514404e-01
6.481193006038665771e-02
5.087785422801971436e-02
9.810826182365417480e-02
4.557185620069503784e-02
1.308030635118484497e-01
8.379698544740676880e-02
9.104407578706741333e-02
4.027887061238288879e-02
8.880437165498733521e-02
5.706246569752693176e-02
1.238253414630889893e-01
5.671398341655731201e-02
6.392740607261657715e-01
9.073819518089294434e-01
5.455926805734634399e-02
1.263621002435684204e-01
5.272242799401283264e-02
8.749274015426635742e-01
3.342154249548912048e-02
3.643382340669631958e-02
1.019703224301338196e-01
7.194669544696807861e-02
1.001645252108573914e-01
5.434421449899673462e-02
1.451621800661087036e-01
5.320193991065025330e-02
2.927827537059783936e-01
8.041193336248397827e-02
5.932910740375518799e-02
6.385248154401779175e-02
1.186746284365653992e-01
1.109107434749603271e-01
5.550427362322807312e-02
7.808174937963485718e-02
5.968663096427917480e-01
4.852330982685089111e-01
5.780752301216125488e-01
7.895695567131042480e-01
6.007359176874160767e-02
1.947396546602249146e-01
6.569312512874603271e-02
6.572863459587097168e-02
6.530016660690307617e-02
6.629604101181030273e-02
9.168555587530136108e-02
3.306184709072113037e-02
8.859694749116897583e-02
3.072657249867916107e-02
5.666975304484367371e-02
5.008852481842041016e-02
1.252244710922241211e-01
5.634903162717819214e-02
1.045717820525169373e-01
1.598508656024932861e-01
1.275835335254669189e-01
5.827995017170906067e-02
8.338525146245956421e-02
6.084611639380455017e-02
3.903880342841148376e-02
5.705532431602478027e-02
2.586237788200378418e-01
1.367261353880167007e-02
4.117528721690177917e-02
1.035180985927581787e-01
2.309654355049133301e-01
1.977924071252346039e-02
1.469401121139526367e-01
6.495931744575500488e-02
8.107667416334152222e-02
1.001397073268890381e-01
1.304948180913925171e-01
9.657371044158935547e-02
1.562183052301406860e-01
6.038712337613105774e-02
1.844460517168045044e-01
3.490172699093818665e-02
1.049725860357284546e-01
3.061430454254150391e-01
3.773213550448417664e-02
6.025078892707824707e-01
4.644238203763961792e-02
2.719372510910034180e-01
4.381381347775459290e-02
4.115768894553184509e-02
3.875372186303138733e-02
8.001572638750076294e-02
9.105566889047622681e-02
1.191623210906982422e-01
2.342455089092254639e-01
1.439103763550519943e-02
8.589214086532592773e-02
1.015712991356849670e-01
1.355659365653991699e-01
1.508833318948745728e-01
3.658259212970733643e-01
4.470242187380790710e-02
4.869881272315979004e-02
5.111024901270866394e-02
7.067321240901947021e-02
1.339049041271209717e-01
1.505692899227142334e-01
6.896969676017761230e-02
2.250766195356845856e-02
7.791361957788467407e-02
6.753797084093093872e-02
5.771650373935699463e-02
6.584625691175460815e-02
7.233557850122451782e-02
6.814026832580566406e-02
7.795663923025131226e-02
2.398389130830764771e-01
7.212834805250167847e-02
7.498029619455337524e-02
1.283666342496871948e-01
8.609109371900558472e-02
7.069879025220870972e-02
8.415404707193374634e-02
5.812989547848701477e-02
5.992684885859489441e-02
1.361384540796279907e-01
5.725230649113655090e-02
1.301201432943344116e-01
6.284821629524230957e-01
6.453830003738403320e-01
1.483480781316757202e-01
1.422446817159652710e-01
5.845688655972480774e-02
1.912274211645126343e-01
4.059743881225585938e-01
2.732433378696441650e-02
1.363887786865234375e-01
3.096754290163516998e-02
1.783241927623748779e-01
5.363409593701362610e-02
2.716110646724700928e-01
2.604271471500396729e-01
5.718118697404861450e-02
4.808602109551429749e-02
5.991962924599647522e-02
4.023635759949684143e-02
8.945596218109130859e-02
1.273995786905288696e-01
1.188300363719463348e-02
1.194944754242897034e-01
8.173483610153198242e-02
1.572042554616928101e-01
1.079564020037651062e-01
1.461805701255798340e-01
8.174590021371841431e-02
1.136125996708869934e-01
1.015209406614303589e-01
2.614214718341827393e-01
6.756006926298141479e-02
4.339797794818878174e-01
3.445500433444976807e-01
8.257234841585159302e-02
5.466236919164657593e-02
2.308003902435302734e-01
1.905840784311294556e-01
5.031597986817359924e-02
2.138865590095520020e-01
8.855774253606796265e-02
3.955526351928710938e-01
4.792591556906700134e-02
3.904554620385169983e-02
5.397376790642738342e-02
2.407760918140411377e-02
3.379054740071296692e-02
9.261783212423324585e-02
7.476105540990829468e-02
4.358003661036491394e-02
1.428894251585006714e-01
1.723694950342178345e-01
1.637608110904693604e-01
3.478695824742317200e-02
1.275309771299362183e-01
1.334266513586044312e-01
7.240498065948486328e-02
5.815999582409858704e-02
1.075704321265220642e-01
1.519285887479782104e-01
4.228081554174423218e-02
4.836585372686386108e-02
2.586869336664676666e-02
1.357283294200897217e-01
1.664544194936752319e-01
3.600563108921051025e-01
3.558844625949859619e-01
1.462649852037429810e-01
5.198895186185836792e-02
4.389687255024909973e-02
8.284325152635574341e-02
8.558817207813262939e-02
5.711711570620536804e-02
1.719950586557388306e-01
4.922055006027221680e-01
1.268839538097381592e-01
1.035031154751777649e-01
5.610614269971847534e-02
6.976923942565917969e-01
5.816667675971984863e-01
2.902948483824729919e-02
9.728936553001403809e-01
7.532263547182083130e-02
8.310008794069290161e-02
7.424467802047729492e-02
7.480559498071670532e-02
3.428519889712333679e-02
6.064702942967414856e-02
1.104143559932708740e-01
9.819921851158142090e-02
1.123738139867782593e-01
5.706359818577766418e-02
5.900555476546287537e-02
9.483762383460998535e-01
9.573862552642822266e-01
6.760431826114654541e-02
5.862385779619216919e-02
2.420494705438613892e-01
6.940323114395141602e-02
8.754871785640716553e-02
6.710698455572128296e-02
1.179776340723037720e-01
1.270562857389450073e-01
2.219299376010894775e-01
5.233814716339111328e-01
4.845278859138488770e-01
5.802832916378974915e-02
3.520378097891807556e-02
4.211531579494476318e-02
9.306649863719940186e-02
1.085085421800613403e-01
9.091411530971527100e-02
7.183500379323959351e-02
6.672179698944091797e-02
1.676340699195861816e-01
5.637132748961448669e-02
2.724857255816459656e-02
5.145607516169548035e-02
5.890494585037231445e-02
1.703155487775802612e-01
3.335245549678802490e-01
9.538525342941284180e-02
3.201278448104858398e-01
6.413095444440841675e-02
2.875095903873443604e-01
4.068097472190856934e-01
7.628068327903747559e-02
8.096780627965927124e-02
3.316164016723632812e-01
1.297289282083511353e-01
8.061580359935760498e-02
8.950433135032653809e-02
4.782478883862495422e-02
1.686930954456329346e-01
4.064898937940597534e-02
8.854521811008453369e-02
4.427637904882431030e-02
1.187236160039901733e-01
4.422561824321746826e-02
1.754927933216094971e-01
1.612399220466613770e-01
1.433516144752502441e-01
2.564446330070495605e-01
9.234355390071868896e-02
5.973096564412117004e-02
5.959077551960945129e-02
1.309062391519546509e-01
4.796562716364860535e-02
2.033202052116394043e-01
5.836661532521247864e-02
8.973412960767745972e-02
1.150687560439109802e-01
4.736403003334999084e-02
1.187240630388259888e-01
6.446292996406555176e-02
1.377461552619934082e-01
8.863334357738494873e-02
4.688245430588722229e-02
9.860399365425109863e-02
9.705048203468322754e-01
6.091474890708923340e-01
2.711292505264282227e-01
1.227144375443458557e-01
7.706583738327026367e-01
1.587941497564315796e-01
7.148816436529159546e-02
1.759341359138488770e-01
2.622671611607074738e-02
3.347161784768104553e-02
1.140669807791709900e-01
8.581080287694931030e-02
6.895484775304794312e-02
2.787277400493621826e-01
5.258831009268760681e-02
3.892132639884948730e-02
4.141957163810729980e-01
7.313615083694458008e-01
3.981648385524749756e-01
4.732289910316467285e-02
4.922981187701225281e-02
9.626632928848266602e-02
5.128397420048713684e-02
3.941785916686058044e-02
1.637895107269287109e-01
5.168160200119018555e-01
1.608796268701553345e-01
4.454671591520309448e-02
3.057502210140228271e-02
3.451012969017028809e-01
1.308965533971786499e-01
1.310768425464630127e-01
7.103721797466278076e-02
4.605185985565185547e-02
7.674153149127960205e-02
1.078751683235168457e-01
1.410048604011535645e-01
7.857420295476913452e-02
1.052141264081001282e-01
2.011500485241413116e-02
7.934307307004928589e-02
5.221033468842506409e-02
1.466107368469238281e-01
3.919556364417076111e-02
5.744384229183197021e-02
5.152845755219459534e-02
8.814419507980346680e-01
1.501245945692062378e-01
1.097071468830108643e-01
2.212484925985336304e-01
2.570743113756179810e-02
7.401143014430999756e-02
9.082142263650894165e-02
5.275166034698486328e-01
6.938939094543457031e-01
1.549520641565322876e-01
5.193017795681953430e-02
1.069955080747604370e-01
6.356282532215118408e-02
5.431313067674636841e-02
3.881669044494628906e-02
9.960880279541015625e-01
1.363873779773712158e-01
7.231369614601135254e-02
5.944639816880226135e-02
2.597670257091522217e-02
3.278511390089988708e-02
8.988437056541442871e-02
3.641014918684959412e-02
3.190407529473304749e-02
9.014856815338134766e-02
9.208919107913970947e-02
2.317120879888534546e-01
1.260264068841934204e-01
1.056344881653785706e-01
5.207405984401702881e-02
1.085726097226142883e-01
9.769390523433685303e-02
1.133376583456993103e-01
5.949775874614715576e-02
1.768742054700851440e-01
7.641821354627609253e-02
2.885893173515796661e-02
1.163055151700973511e-01
4.502852633595466614e-02
3.228792175650596619e-02
5.340975522994995117e-02
1.058000028133392334e-01
9.370385110378265381e-02
1.434438675642013550e-01
7.504055649042129517e-02
3.409725427627563477e-02
1.474826186895370483e-01
6.297819316387176514e-02
3.254944086074829102e-02
5.750861763954162598e-02
8.642240613698959351e-02
6.210671737790107727e-02
9.240529686212539673e-02
3.520922660827636719e-01
5.506844073534011841e-02
3.750840201973915100e-02
7.893351465463638306e-02
4.450057074427604675e-02
6.855215132236480713e-02
6.767752766609191895e-02
1.167622208595275879e-01
3.836958110332489014e-02
8.095059543848037720e-02
1.855958849191665649e-01
9.876402020454406738e-01
6.313276290893554688e-01
5.757620930671691895e-02
5.324411019682884216e-02
5.255185440182685852e-02
7.777208834886550903e-02
9.423777461051940918e-02
1.540732681751251221e-01
2.007835656404495239e-01
7.198901847004890442e-03
1.811916083097457886e-01
6.713229417800903320e-02
1.268183439970016479e-01
6.281516700983047485e-02
1.020859554409980774e-01
7.524932622909545898e-01
5.404330044984817505e-02
2.137268483638763428e-01
5.636776238679885864e-02
5.408953428268432617e-01
4.451610147953033447e-02
5.511179193854331970e-02
5.834930017590522766e-02
5.853326991200447083e-02
6.619060784578323364e-02
9.524937719106674194e-02
4.792790487408638000e-02
8.435525745153427124e-02
9.336655586957931519e-02
3.752740472555160522e-02
5.353567749261856079e-02
3.982409462332725525e-02
8.240606635808944702e-02
4.542077705264091492e-02
1.936339884996414185e-01
1.344085633754730225e-01
7.975712418556213379e-02
1.027985960245132446e-01
5.414329171180725098e-01
4.182302951812744141e-02
7.192873954772949219e-02
8.148168772459030151e-02
8.582623302936553955e-02
6.752184033393859863e-02
8.992136269807815552e-02
1.668028980493545532e-01
3.000843524932861328e-02
1.635458171367645264e-01
9.118286967277526855e-01
6.720707565546035767e-02
5.380481481552124023e-02
7.008102536201477051e-02
7.656804472208023071e-02
1.102576181292533875e-01
5.302306264638900757e-02
8.069449663162231445e-02
1.092347428202629089e-01
5.746074020862579346e-02
3.823409974575042725e-02
7.722827047109603882e-02
1.115934476256370544e-01
2.912280149757862091e-02
1.169621422886848450e-01
7.133590430021286011e-02
1.256688684225082397e-01
6.638605892658233643e-02
9.138970822095870972e-02
2.285829931497573853e-01
3.657539933919906616e-02
7.845550775527954102e-02
1.863289773464202881e-01
1.061662808060646057e-01
2.771053090691566467e-02
7.121966034173965454e-02
3.841041028499603271e-02
1.857234835624694824e-01
2.460689544677734375e-01
9.427677839994430542e-02
4.029413685202598572e-02
8.379830420017242432e-02
7.897085696458816528e-02
2.085050940513610840e-02
3.684601187705993652e-02
7.520256936550140381e-02
6.858036667108535767e-02
4.447775706648826599e-02
4.221482947468757629e-02
4.571634158492088318e-02
1.971554309129714966e-01
2.807580307126045227e-02
6.088420376181602478e-02
4.667900502681732178e-02
6.492470204830169678e-02
8.482914417982101440e-02
8.218486309051513672e-01
1.406823992729187012e-01
6.566013395786285400e-02
9.215690940618515015e-02
9.917901456356048584e-02
7.391675114631652832e-01
6.888648867607116699e-01
1.331936120986938477e-01
1.335857361555099487e-01
2.189944386482238770e-01
4.612588509917259216e-02
1.267489790916442871e-01
8.976244181394577026e-02
4.329467937350273132e-02
3.471922501921653748e-02
2.537613920867443085e-02
4.969622939825057983e-02
5.970416590571403503e-02
9.067729860544204712e-02
7.392786443233489990e-02
1.521846354007720947e-01
1.076599135994911194e-01
1.017019599676132202e-01
5.217945948243141174e-02
1.517748385667800903e-01
9.260225296020507812e-02
5.421318858861923218e-02
5.036381632089614868e-02
6.814114749431610107e-02
6.471183151006698608e-02
3.444452881813049316e-01
9.481391310691833496e-02
1.184732839465141296e-01
5.848788097500801086e-02
6.932372599840164185e-02
5.952676534652709961e-01
1.503584384918212891e-01
8.109641820192337036e-02
8.653918653726577759e-02
5.640086904168128967e-02
1.025557070970535278e-01
1.619162261486053467e-01
4.817143455147743225e-02
1.199142187833786011e-01
6.784264743328094482e-02
6.996395587921142578e-01
7.490429878234863281e-01
2.983862459659576416e-01
1.050681918859481812e-01
9.796465188264846802e-02
9.720280766487121582e-02
3.576704114675521851e-02
1.047160029411315918e-01
5.730752274394035339e-02
3.241272866725921631e-01
4.209902882575988770e-01
9.825524687767028809e-02
4.585261642932891846e-02
5.352882668375968933e-02
1.011706069111824036e-01
2.457114309072494507e-01
6.658448278903961182e-02
5.741371214389801025e-02
6.283170729875564575e-02
9.121482819318771362e-02
7.112057507038116455e-02
9.580590575933456421e-02
8.523028343915939331e-02
9.311931580305099487e-02
5.449748039245605469e-02
7.220984995365142822e-02
4.618930816650390625e-02
5.764724314212799072e-02
1.580469012260437012e-01
9.468127787113189697e-02
1.001264750957489014e-01
6.157537922263145447e-02
7.032065093517303467e-02
7.484453171491622925e-02
7.440293580293655396e-02
8.010622859001159668e-02
4.697574973106384277e-01
7.717707753181457520e-02
6.608623266220092773e-02
5.762029066681861877e-02
9.295117855072021484e-02
5.882292240858078003e-02
4.255836457014083862e-02
4.410785064101219177e-02
6.536579877138137817e-02
2.070985287427902222e-01
8.885756134986877441e-02
1.067641973495483398e-01
9.822591394186019897e-02
6.215591356158256531e-02
2.546670138835906982e-01
7.553716301918029785e-01
3.170537576079368591e-02
9.296484291553497314e-02
1.053220257163047791e-01
1.467710584402084351e-01
5.336493253707885742e-02
3.311346098780632019e-02
9.284242242574691772e-02
1.597192436456680298e-01
1.125282943248748779e-01
5.496664717793464661e-02
5.357014015316963196e-02
7.804183661937713623e-02
4.807665571570396423e-02
5.037596076726913452e-02
3.377696871757507324e-02
8.293132185935974121e-01
3.651513159275054932e-02
2.460058033466339111e-02
3.936229646205902100e-02
9.282529354095458984e-02
8.666884154081344604e-02
1.919007599353790283e-01
8.687356114387512207e-02
6.612455844879150391e-02
4.735153168439865112e-02
5.683964863419532776e-02
4.950180649757385254e-02
3.844914212822914124e-02
8.966199308633804321e-02
7.074859738349914551e-02
5.810001119971275330e-02
1.144112125039100647e-01
8.092475682497024536e-02
2.105632573366165161e-01
4.273280873894691467e-02
4.407068490982055664e-01
1.308049708604812622e-01
6.463342159986495972e-02
1.419337987899780273e-01
3.502817153930664062e-01
1.029970720410346985e-01
4.846162348985671997e-02
5.515151843428611755e-02
1.888440400362014771e-01
5.294599384069442749e-02
9.508438408374786377e-02
5.532050877809524536e-02
6.399774551391601562e-02
1.317732185125350952e-01
3.212930634617805481e-02
1.948372721672058105e-01
4.930352047085762024e-02
1.683274954557418823e-01
1.562070567160844803e-02
2.451305389404296875e-01
6.067556887865066528e-02
7.010643184185028076e-02
3.849787414073944092e-01
3.384877443313598633e-01
6.294689327478408813e-02
8.916985243558883667e-02
9.476980566978454590e-02
2.360467910766601562e-01
8.160040527582168579e-02
5.582383275032043457e-02
5.254989489912986755e-02
3.978462889790534973e-02
4.123339429497718811e-02
2.336853891611099243e-01
6.527658551931381226e-02
5.544130131602287292e-02
8.838208019733428955e-02
3.445411846041679382e-02
5.408073961734771729e-02
2.063648700714111328e-01
1.166027337312698364e-01
9.920728206634521484e-02
2.822137176990509033e-01
3.759154677391052246e-01
2.581033408641815186e-01
1.478287428617477417e-01
6.191212534904479980e-01
1.183447092771530151e-01
9.791513681411743164e-01
9.693888574838638306e-02
4.178100824356079102e-02
1.225828006863594055e-01
4.434287175536155701e-02
5.816129967570304871e-02
9.576770663261413574e-02
1.734116524457931519e-01
6.080865859985351562e-02
1.355091482400894165e-01
1.111514419317245483e-01
2.490791380405426025e-01
4.328737407922744751e-02
7.798253744840621948e-02
6.831068545579910278e-02
1.157157048583030701e-01
8.587609976530075073e-02
1.111580729484558105e-01
4.205566644668579102e-02
9.970652312040328979e-02
3.647209331393241882e-02
4.743228480219841003e-02
6.290176510810852051e-02
1.009516790509223938e-01
3.710132837295532227e-02
9.705902636051177979e-02
1.408190876245498657e-01
7.493415474891662598e-02
3.612964600324630737e-02
1.282599270343780518e-01
6.709766387939453125e-02
5.421553924679756165e-02
4.484530910849571228e-02
2.298085391521453857e-02
6.947749853134155273e-02
3.690864145755767822e-02
3.458856418728828430e-02
4.507106542587280273e-02
5.334633961319923401e-02
2.569226324558258057e-01
8.892425149679183960e-02
8.776098489761352539e-02
4.945399984717369080e-02
5.404305458068847656e-02
7.975808531045913696e-02
2.219647169113159180e-02
9.867341071367263794e-02
2.263476848602294922e-01
2.041830569505691528e-01
2.861596941947937012e-01
2.272838056087493896e-01
7.679069042205810547e-02
3.790275380015373230e-02
1.167299821972846985e-01
1.188477352261543274e-01
5.233522877097129822e-02
8.163838833570480347e-02
1.714804172515869141e-01
9.715799689292907715e-01
9.650784730911254883e-01
1.145687103271484375e-01
5.870883911848068237e-02
1.017821952700614929e-02
2.946316450834274292e-02
6.316096335649490356e-02
3.985232859849929810e-02
7.124342024326324463e-02
1.270218342542648315e-01
1.350631117820739746e-01
4.424896836280822754e-02
3.760421648621559143e-02
1.362314373254776001e-01
9.771647304296493530e-02
8.125182986259460449e-02
8.917720317840576172e-01
9.922456145286560059e-01
4.564065858721733093e-02
7.966387271881103516e-02
6.135454773902893066e-02
1.395089179277420044e-01
2.486127465963363647e-01
9.415260702371597290e-02
8.463259786367416382e-02
4.450265690684318542e-02
8.871464431285858154e-02
2.528820633888244629e-01
6.686247140169143677e-02
1.566616743803024292e-01
9.601173996925354004e-01
4.466616734862327576e-02
9.917224198579788208e-02
3.099135868251323700e-02
7.819309085607528687e-02
7.967355102300643921e-02
1.097660511732101440e-01
7.148803770542144775e-02
5.953895300626754761e-02
9.940161705017089844e-01
9.911481142044067383e-01
4.039123058319091797e-01
5.177858471870422363e-02
3.767827525734901428e-02
2.395469993352890015e-01
6.524221599102020264e-02
5.009072646498680115e-02
4.979076087474822998e-01
1.641302406787872314e-01
3.142857253551483154e-01
3.360055983066558838e-01
2.976384162902832031e-01
4.534439742565155029e-02
5.213517323136329651e-02
6.427974253892898560e-02
9.723859429359436035e-01
2.694753706455230713e-01
2.854567952454090118e-02
4.869241639971733093e-02
2.363531738519668579e-01
1.036168634891510010e-01
6.839086860418319702e-02
1.397866941988468170e-02
7.021643221378326416e-02
4.720156639814376831e-02
8.754093945026397705e-02
1.013523787260055542e-01
1.044294163584709167e-01
6.313601136207580566e-02
7.663312554359436035e-02
9.470883011817932129e-02
9.174548387527465820e-01
4.846712946891784668e-02
7.505101710557937622e-02
8.709898591041564941e-02
3.271080926060676575e-02
3.427471965551376343e-02
1.885208301246166229e-02
4.560011625289916992e-02
9.719720482826232910e-02
4.711528494954109192e-02
1.056122109293937683e-01
6.679365783929824829e-02
1.819915622472763062e-01
1.713412702083587646e-01
2.550861835479736328e-01
6.081303358078002930e-01
7.501310706138610840e-01
5.806332454085350037e-02
1.836369372904300690e-02
1.993459165096282959e-01
6.043872609734535217e-02
7.816950976848602295e-02
6.446030735969543457e-02
9.435737133026123047e-02
4.465138539671897888e-02
1.125591322779655457e-01
5.795482173562049866e-02
1.512839198112487793e-01
6.064435094594955444e-02
7.918389886617660522e-02
6.730508804321289062e-02
4.756664112210273743e-02
1.911448091268539429e-01
1.665400266647338867e-01
5.730773881077766418e-02
4.138056561350822449e-02
4.705618917942047119e-01
4.185293912887573242e-01
5.775683373212814331e-02
4.147443175315856934e-02
4.534266144037246704e-02
9.733430147171020508e-01
8.917738199234008789e-01
1.287556886672973633e-01
2.219310551881790161e-01
2.796946167945861816e-01
2.540728636085987091e-02
6.585999578237533569e-02
5.097444355487823486e-02
3.995315730571746826e-02
4.759042337536811829e-02
9.415885061025619507e-02
9.408228844404220581e-02
1.383909285068511963e-01
4.873257875442504883e-02
6.549835950136184692e-02
5.943324416875839233e-02
4.007272794842720032e-02
3.173896670341491699e-02
1.021734327077865601e-01
1.917008757591247559e-01
6.226914376020431519e-02
9.452196955680847168e-02
1.625921875238418579e-01
8.924613893032073975e-02
3.029194846749305725e-02
7.469055056571960449e-02
8.011928200721740723e-02
4.658010974526405334e-02
6.935075670480728149e-02
3.456329926848411560e-02
3.617317974567413330e-02
4.547097161412239075e-02
9.773769974708557129e-02
4.389103055000305176e-01
1.312486231327056885e-01
1.049101501703262329e-01
6.251920759677886963e-02
9.331024438142776489e-02
1.379579156637191772e-01
2.607386708259582520e-01
9.222371876239776611e-02
3.444083034992218018e-02
3.996762335300445557e-01
1.592284888029098511e-01
9.062062203884124756e-02
3.117802925407886505e-02
1.905343681573867798e-01
1.230123713612556458e-01
1.277875900268554688e-01
5.454441532492637634e-02
5.612499639391899109e-02
7.098920643329620361e-02
1.021409556269645691e-01
8.221127390861511230e-01
5.499671027064323425e-02
3.595709800720214844e-02
6.696183234453201294e-02
8.425148576498031616e-02
3.179736062884330750e-02
5.504582822322845459e-02
1.777707189321517944e-01
5.729451179504394531e-01
7.070027291774749756e-02
6.705775260925292969e-01
2.895053289830684662e-02
4.056030139327049255e-02
1.986808702349662781e-02
3.708362951874732971e-02
4.896799102425575256e-02
7.776114344596862793e-02
8.674442023038864136e-02
8.166009187698364258e-02
2.694536745548248291e-01
7.578598707914352417e-02
5.000139772891998291e-02
1.782550662755966187e-01
7.705132663249969482e-02
4.644459858536720276e-02
3.170028626918792725e-01
7.961212843656539917e-02
4.882789403200149536e-02
7.511713355779647827e-02
8.077355474233627319e-02
6.236019730567932129e-02
5.624202638864517212e-02
6.009147316217422485e-02
5.418528616428375244e-02
5.589711666107177734e-02
7.327330112457275391e-02
7.062473148107528687e-02
8.117065578699111938e-02
9.611397981643676758e-02
1.360887289047241211e-01
1.769652217626571655e-01
6.467916816473007202e-02
3.359000682830810547e-01
7.311070710420608521e-02
2.649463154375553131e-02
5.201409757137298584e-02
4.548280313611030579e-02
9.713312983512878418e-02
2.836458571255207062e-02
6.892076134681701660e-02
5.733142048120498657e-02
1.192895621061325073e-01
7.302334904670715332e-02
4.871013760566711426e-02
5.476767942309379578e-02
5.463775992393493652e-02
1.756730377674102783e-01
7.536839693784713745e-02
5.603545904159545898e-02
2.510237693786621094e-01
5.772279575467109680e-02
5.199315026402473450e-02
5.964026972651481628e-02
6.949181854724884033e-02
4.656877368688583374e-02
1.161617264151573181e-01
8.218345791101455688e-02
5.535934492945671082e-02
6.315240263938903809e-02
8.140948414802551270e-01
8.243941068649291992e-01
8.511917293071746826e-02
4.571283981204032898e-02
6.719804555177688599e-02
2.746041305363178253e-02
3.994922712445259094e-02
9.372509270906448364e-02
9.440409392118453979e-02
7.920978963375091553e-02
8.548586815595626831e-02
7.934051007032394409e-02
6.771840155124664307e-02
8.147442340850830078e-02
7.948858290910720825e-02
2.656108327209949493e-02
5.838766321539878845e-02
9.224268794059753418e-02
5.996276065707206726e-02
4.311085343360900879e-01
3.656294941902160645e-01
9.619143605232238770e-02
1.111095771193504333e-01
7.050509005784988403e-02
2.101462930440902710e-01
7.404326647520065308e-02
6.156271323561668396e-02
1.039900556206703186e-01
2.872689999639987946e-02
2.505842447280883789e-01
7.708784192800521851e-02
9.298732131719589233e-02
4.344981163740158081e-02
4.726359248161315918e-02
9.415506571531295776e-02
3.600738644599914551e-01
1.368332058191299438e-01
2.297593802213668823e-01
3.795899450778961182e-01
2.772854827344417572e-02
4.279999807476997375e-02
6.400468945503234863e-02
3.703928366303443909e-02
2.557736262679100037e-02
2.412748932838439941e-01
1.974576264619827271e-01
1.028776094317436218e-01
1.641576588153839111e-01
9.721284359693527222e-02
7.309588044881820679e-02
4.385868087410926819e-02
2.106223553419113159e-01
1.917143017053604126e-01
1.487935930490493774e-01
9.169270098209381104e-02
5.268690735101699829e-02
3.706100210547447205e-02
8.930616974830627441e-01
9.464409351348876953e-01
2.110937051475048065e-02
1.120111346244812012e-01
1.987391114234924316e-01
2.559261023998260498e-01
8.296234160661697388e-02
8.607690781354904175e-02
5.291987583041191101e-02
1.354664266109466553e-01
5.780687928199768066e-01
8.865310549736022949e-01
5.907628312706947327e-02
6.639720499515533447e-02
3.806466609239578247e-02
7.608182728290557861e-02
7.012164592742919922e-02
9.507354348897933960e-02
1.748690903186798096e-01
3.379335403442382812e-01
3.060867264866828918e-02
7.355393469333648682e-02
4.228812456130981445e-02
2.781201601028442383e-01
5.038911700248718262e-01
7.741789519786834717e-02
9.880153834819793701e-02
5.138027667999267578e-02
1.922267675399780273e-01
4.598214924335479736e-01
5.463469028472900391e-01
4.768727719783782959e-01
9.873957037925720215e-01
9.575207531452178955e-02
5.087706819176673889e-02
1.300220191478729248e-01
9.388387203216552734e-02
1.440084278583526611e-01
7.582718133926391602e-02
1.550415903329849243e-01
1.350924372673034668e-01
4.527429938316345215e-01
2.334117740392684937e-01
1.374131292104721069e-01
4.803568124771118164e-02
1.046069934964179993e-01
1.691908389329910278e-01
1.081752702593803406e-01
9.975890070199966431e-02
1.330261677503585815e-01
3.200196847319602966e-02
1.034562960267066956e-01
1.021833792328834534e-01
2.142117619514465332e-01
4.534512758255004883e-02
8.351358771324157715e-02
8.351527154445648193e-02
3.758033365011215210e-02
1.596747338771820068e-02
1.954689994454383850e-02
9.262069314718246460e-02
1.060243248939514160e-01
3.482671082019805908e-02
5.480910465121269226e-02
5.376575514674186707e-02
5.390787124633789062e-02
8.464059233665466309e-02
4.048890992999076843e-02
9.938774257898330688e-02
4.749581217765808105e-02
1.101159825921058655e-01
3.561643138527870178e-02
4.530320316553115845e-02
5.010090023279190063e-02
4.521571472287178040e-02
4.540094733238220215e-02
1.013292521238327026e-01
1.084259301424026489e-01
1.351950764656066895e-01
4.940224438905715942e-02
7.881191372871398926e-02
4.332448542118072510e-02
1.587682813405990601e-01
6.628605723381042480e-02
3.529041260480880737e-02
5.936152487993240356e-02
4.252380505204200745e-02
5.095215141773223877e-02
1.707606613636016846e-01
3.032987192273139954e-02
9.796821326017379761e-02
4.044756293296813965e-01
4.212587177753448486e-01
7.742809504270553589e-02
8.257623016834259033e-02
1.231741905212402344e-01
9.413050860166549683e-02
1.311646401882171631e-01
6.871830672025680542e-02
3.947836905717849731e-02
7.231163233518600464e-02
9.544767439365386963e-02
1.579766869544982910e-01
9.131982177495956421e-02
3.081918694078922272e-02
4.032221809029579163e-02
6.186498999595642090e-01
1.164398714900016785e-01
9.997807145118713379e-01
3.589553385972976685e-02
4.080313444137573242e-02
3.068154305219650269e-02
7.137802243232727051e-02
5.955839157104492188e-02
6.852560490369796753e-02
1.728560477495193481e-01
9.445000886917114258e-01
6.096151471138000488e-02
2.498126178979873657e-01
5.939002335071563721e-02
6.485924869775772095e-02
3.277736529707908630e-02
1.013728603720664978e-01
9.383504092693328857e-02
8.980558812618255615e-02
1.250883936882019043e-01
1.027444750070571899e-01
1.471632719039916992e-01
6.887278705835342407e-02
2.876928821206092834e-02
6.037793681025505066e-02
5.470705777406692505e-02
9.920693933963775635e-02
6.479094177484512329e-02
1.191008090972900391e-01
1.070092245936393738e-01
1.023584082722663879e-01
1.860478147864341736e-02
8.573880791664123535e-01
9.974969029426574707e-01
4.417666420340538025e-02
8.246279507875442505e-02
5.733584240078926086e-02
7.580531388521194458e-02
2.896376140415668488e-02
1.081643924117088318e-01
8.876068890094757080e-02
5.385163426399230957e-02
2.671943008899688721e-01
1.970656365156173706e-01
7.533271610736846924e-02
8.478527516126632690e-02
6.803670525550842285e-02
8.852418512105941772e-02
7.093579322099685669e-02
1.427340358495712280e-01
1.085270419716835022e-01
1.234771087765693665e-01
6.642150878906250000e-02
5.546341836452484131e-02
4.463592916727066040e-02
2.471880428493022919e-02
4.660151526331901550e-02
8.642914146184921265e-02
1.556389927864074707e-01
5.724356174468994141e-01
4.975314438343048096e-02
4.739701449871063232e-01
1.373827904462814331e-01
1.787697225809097290e-01
1.515173166990280151e-01
8.488376438617706299e-02
9.083031862974166870e-02
1.034323647618293762e-01
7.311125844717025757e-02
1.492403745651245117e-01
1.005571410059928894e-01
2.382280230522155762e-01
3.228244781494140625e-01
1.023020520806312561e-01
5.492466315627098083e-02
1.339234262704849243e-01
7.256828993558883667e-02
6.134454011917114258e-01
1.600660383701324463e-01
3.582410514354705811e-01
3.345454037189483643e-01
2.166331857442855835e-01
2.376038283109664917e-01
4.234917089343070984e-02
4.872438684105873108e-02
6.720244139432907104e-02
7.563566416501998901e-02
1.110696271061897278e-01
5.125334486365318298e-02
5.020736157894134521e-02
1.615818589925765991e-01
1.601521521806716919e-01
1.297938078641891479e-01
1.239987686276435852e-01
3.904923424124717712e-02
5.647135898470878601e-02
5.675105005502700806e-02
1.044665277004241943e-01
6.423882842063903809e-01
3.567607998847961426e-01
2.192921787500381470e-01
1.057255938649177551e-01
7.607874274253845215e-02
1.606418341398239136e-01
1.745450496673583984e-01
1.721497029066085815e-01
8.122000098228454590e-02
2.902747504413127899e-02
1.598226279020309448e-01
1.293842643499374390e-01
1.717571765184402466e-01
1.067019104957580566e-01
6.010268628597259521e-02
6.834181398153305054e-02
3.564849868416786194e-02
8.525612205266952515e-02
2.099348902702331543e-01
4.071497172117233276e-02
2.125930339097976685e-01
8.998052030801773071e-02
7.461024075746536255e-02
1.111752465367317200e-01
1.186633035540580750e-01
1.091825067996978760e-01
7.343915104866027832e-02
7.465735822916030884e-02
9.091383218765258789e-02
9.473581612110137939e-02
3.323308005928993225e-02
1.312433928251266479e-01
1.872609183192253113e-02
4.582726582884788513e-02
9.091192483901977539e-02
1.155342608690261841e-01
2.447260543704032898e-02
2.344322949647903442e-02
7.952909916639328003e-02
6.788428127765655518e-02
7.207486778497695923e-02
7.755365967750549316e-02
5.092744901776313782e-02
6.647291779518127441e-02
3.745575249195098877e-01
8.825818449258804321e-02
4.710546880960464478e-02
2.296780794858932495e-01
8.703336119651794434e-02
1.418261379003524780e-01
6.611138582229614258e-02
8.238634467124938965e-02
1.087598353624343872e-01
5.630160123109817505e-02
9.784330427646636963e-02
1.700563170015811920e-02
3.846625238656997681e-02
4.599228873848915100e-02
1.534263938665390015e-01
1.534826606512069702e-01
9.260957688093185425e-02
7.695871591567993164e-02
9.940041601657867432e-02
5.493815615773200989e-02
8.073481172323226929e-02
9.589714556932449341e-02
9.970221668481826782e-02
7.014907896518707275e-02
4.365489780902862549e-01
1.085035353899002075e-01
5.844472721219062805e-02
4.285701736807823181e-02
1.181545183062553406e-01
1.166213303804397583e-01
1.061263084411621094e-01
1.296807229518890381e-01
8.783555030822753906e-02
1.927897483110427856e-01
2.432359196245670319e-02
2.373270876705646515e-02
6.908475160598754883e-01
1.618031710386276245e-01
1.934567838907241821e-01
7.127910852432250977e-02
4.759769514203071594e-02
2.126850746572017670e-02
1.072298437356948853e-01
4.930607974529266357e-02
1.614801138639450073e-01
5.753758549690246582e-02
4.857093840837478638e-02
7.680991291999816895e-02
7.966715842485427856e-02
7.155722975730895996e-01
1.000608876347541809e-01
9.485340863466262817e-02
8.178443461656570435e-02
1.013467460870742798e-01
1.013625785708427429e-01
1.602693200111389160e-01
1.270264834165573120e-01
8.027870953083038330e-02
1.450839936733245850e-01
9.436290860176086426e-01
9.869939684867858887e-01
5.964100956916809082e-01
5.771417170763015747e-02
8.189051598310470581e-02
9.150425344705581665e-02
1.620159447193145752e-01
4.520856216549873352e-02
1.059072390198707581e-01
1.045593991875648499e-01
7.975546717643737793e-01
2.607859671115875244e-01
4.483458772301673889e-02
1.039144098758697510e-01
3.552296757698059082e-02
8.776127547025680542e-02
1.312216818332672119e-01
9.604664891958236694e-02
3.329809010028839111e-02
8.529041707515716553e-02
8.784896135330200195e-02
5.524887889623641968e-02
8.182875812053680420e-02
1.255374401807785034e-01
4.577748104929924011e-02
2.806910313665866852e-02
2.029847502708435059e-01
7.654803991317749023e-02
7.728836685419082642e-02
1.881388761103153229e-02
3.599780201911926270e-01
2.029007822275161743e-01
5.102966725826263428e-02
5.074147880077362061e-02
6.883570551872253418e-02
2.082042992115020752e-01
8.225435763597488403e-02
1.071067526936531067e-01
6.795340776443481445e-02
1.193322464823722839e-01
5.239495262503623962e-02
8.678480982780456543e-02
1.131882593035697937e-01
2.306813746690750122e-01
9.995983242988586426e-01
9.673414230346679688e-01
3.028433322906494141e-01
1.516150385141372681e-01
8.432053029537200928e-02
1.351778507232666016e-01
5.455933138728141785e-02
9.486072510480880737e-02
3.945792466402053833e-02
8.760707080364227295e-02
8.091821521520614624e-02
6.263561546802520752e-02
2.358924970030784607e-02
6.999260187149047852e-02
6.009582430124282837e-02
2.013805359601974487e-01
1.377826929092407227e-01
8.846660703420639038e-02
1.479966938495635986e-01
7.326390743255615234e-01
6.427335143089294434e-01
3.135644271969795227e-02
4.675391688942909241e-02
2.987188994884490967e-01
1.684224009513854980e-01
3.166678249835968018e-01
5.171579867601394653e-02
1.811638176441192627e-01
5.658666417002677917e-02
