5.884676426649093628e-02
3.776774555444717407e-02
1.643450260162353516e-01
8.451244980096817017e-02
7.389423251152038574e-02
8.847571611404418945e-01
1.888119727373123169e-01
5.460697785019874573e-02
8.977542631328105927e-03
7.331270724534988403e-02
5.612672492861747742e-02
4.167075827717781067e-02
5.829571560025215149e-02
1.748844608664512634e-02
5.636678636074066162e-02
6.555943191051483154e-02
1.288744211196899414e-01
6.257189810276031494e-02
2.973701357841491699e-01
2.953456640243530273e-01
8.566731959581375122e-02
2.976423688232898712e-02
7.218458503484725952e-02
8.353689312934875488e-02
2.601580321788787842e-02
8.078426122665405273e-01
9.963216781616210938e-01
6.374992430210113525e-02
1.796291917562484741e-01
7.128903269767761230e-01
1.153120175004005432e-01
6.777954846620559692e-02
3.657082840800285339e-02
7.221017032861709595e-02
1.444283425807952881e-01
1.330908834934234619e-01
2.806129753589630127e-01
1.939619928598403931e-01
1.419481635093688965e-01
1.001337096095085144e-01
6.467247754335403442e-02
3.927762433886528015e-02
1.595860421657562256e-01
1.990576535463333130e-01
7.269649207592010498e-02
7.681417465209960938e-02
5.225620418787002563e-02
4.678278416395187378e-02
2.999018132686614990e-02
2.233341634273529053e-01
3.617531433701515198e-02
2.430996894836425781e-01
5.353853479027748108e-02
4.716389477252960205e-01
7.055873423814773560e-02
1.201189979910850525e-01
3.757251054048538208e-02
1.157740801572799683e-01
6.698745489120483398e-02
1.046347990632057190e-01
1.242501661181449890e-01
4.295231774449348450e-02
2.579296194016933441e-02
4.412567615509033203e-02
5.433264747262001038e-02
8.634620308876037598e-01
2.272871136665344238e-02
5.432031303644180298e-02
4.510986059904098511e-02
4.566761851310729980e-02
6.288431584835052490e-02
9.678959101438522339e-02
7.338691502809524536e-02
3.792853280901908875e-02
8.047720044851303101e-02
4.562127590179443359e-02
5.753878504037857056e-02
9.453787654638290405e-02
1.480353623628616333e-01
2.290023490786552429e-02
9.477438032627105713e-02
2.639818191528320312e-02
1.331390440464019775e-01
1.451304554939270020e-01
8.339086174964904785e-02
1.714262962341308594e-01
6.824724376201629639e-02
4.810564219951629639e-01
4.357518255710601807e-01
1.206280514597892761e-01
4.481808096170425415e-02
1.839943677186965942e-01
6.850083917379379272e-02
1.142707467079162598e-01
7.436755299568176270e-02
8.763217180967330933e-02
7.141594588756561279e-02
8.844895660877227783e-02
2.332984507083892822e-01
7.647927105426788330e-02
8.977373689413070679e-02
6.600264459848403931e-02
1.574607193470001221e-01
2.472353428602218628e-01
1.745607852935791016e-01
2.151028364896774292e-01
1.148946434259414673e-01
7.746776938438415527e-02
2.552269957959651947e-02
1.744402945041656494e-01
1.383395791053771973e-01
1.141492798924446106e-01
2.409549653530120850e-01
6.170238554477691650e-02
4.789260402321815491e-02
2.877371199429035187e-02
7.915490120649337769e-02
1.559113413095474243e-01
6.560903042554855347e-02
7.412514090538024902e-02
9.275824576616287231e-02
1.472301185131072998e-01
8.242066949605941772e-02
1.694770604372024536e-01
7.140614092350006104e-02
3.897792845964431763e-02
9.307193011045455933e-02
3.712376952171325684e-02
5.126490071415901184e-02
8.941838890314102173e-02
7.897111773490905762e-02
3.921166434884071350e-02
1.337821036577224731e-01
5.712955817580223083e-02
8.230534195899963379e-02
1.086549684405326843e-01
9.683289378881454468e-02
5.606362968683242798e-02
4.192209616303443909e-02
1.058703139424324036e-01
4.193719848990440369e-02
2.296259254217147827e-01
8.428122103214263916e-02
2.778109908103942871e-01
4.459204375743865967e-01
3.058936297893524170e-01
7.070054411888122559e-01
5.815129280090332031e-01
5.999613553285598755e-02
3.056634366512298584e-01
2.025919407606124878e-01
4.727247357368469238e-02
9.832255542278289795e-02
1.176520511507987976e-01
1.510189175605773926e-01
1.952862180769443512e-02
1.858448088169097900e-01
4.264158383011817932e-02
5.949719548225402832e-01
6.929957866668701172e-02
1.198319420218467712e-01
3.826944530010223389e-02
1.381564587354660034e-01
1.215234473347663879e-01
3.187583759427070618e-02
7.063993066549301147e-02
4.612154513597488403e-02
3.092690184712409973e-02
1.165180131793022156e-01
7.808497548103332520e-02
2.972571551799774170e-01
4.956251010298728943e-02
1.037525758147239685e-01
1.220773532986640930e-01
1.300107091665267944e-01
3.881474211812019348e-02
6.928334385156631470e-02
3.993881493806838989e-02
5.917160585522651672e-02
4.194094613194465637e-02
6.484587490558624268e-02
1.997046619653701782e-01
1.375341862440109253e-01
7.075890153646469116e-02
4.240903630852699280e-02
4.417817667126655579e-02
5.621146038174629211e-02
6.933719664812088013e-02
2.983069792389869690e-02
4.439411312341690063e-02
7.569391280412673950e-02
4.948538914322853088e-02
1.784749329090118408e-01
1.232722997665405273e-01
2.072875015437602997e-02
1.095437351614236832e-02
5.017380788922309875e-02
8.981569111347198486e-02
2.235843241214752197e-02
1.109645441174507141e-01
5.768401622772216797e-01
2.906039059162139893e-01
1.824938803911209106e-01
4.938200488686561584e-02
6.959362328052520752e-02
6.002843752503395081e-02
2.122469060122966766e-02
4.496413841843605042e-02
5.902027487754821777e-01
9.316663146018981934e-01
1.197137013077735901e-01
1.587942093610763550e-01
6.272392719984054565e-02
8.823940157890319824e-02
1.256964802742004395e-01
4.043388366699218750e-02
1.050830259919166565e-01
6.318143755197525024e-02
2.265610992908477783e-01
7.103983312845230103e-02
2.001296877861022949e-01
2.892581373453140259e-02
7.269306480884552002e-02
7.632560282945632935e-02
2.345743589103221893e-02
8.285497128963470459e-02
1.471416801214218140e-01
1.103850528597831726e-01
1.422697603702545166e-01
3.020591437816619873e-01
4.615284800529479980e-01
1.035174354910850525e-01
4.727490991353988647e-02
1.093144938349723816e-01
2.717531286180019379e-02
1.161176711320877075e-01
3.243293613195419312e-02
9.813577681779861450e-02
7.741134166717529297e-01
3.126183152198791504e-01
3.904839232563972473e-02
4.326697811484336853e-02
1.206621974706649780e-01
1.549504250288009644e-01
9.515415132045745850e-02
2.353032529354095459e-01
8.235617727041244507e-02
1.643143892288208008e-01
2.139993757009506226e-01
9.833028912544250488e-02
3.577981516718864441e-02
1.484291255474090576e-01
3.743314370512962341e-02
6.424766778945922852e-01
6.368656158447265625e-01
2.487163692712783813e-01
5.756930634379386902e-02
8.451427519321441650e-02
8.894565701484680176e-02
1.128307357430458069e-01
1.645473390817642212e-01
4.126203060150146484e-01
8.182256221771240234e-01
1.877266317605972290e-01
5.251224339008331299e-02
9.033256769180297852e-02
8.085500448942184448e-02
5.243802443146705627e-02
7.890897244215011597e-02
9.560039639472961426e-02
7.358076423406600952e-02
1.025242507457733154e-01
6.253591179847717285e-02
7.590484619140625000e-02
8.726160973310470581e-02
5.959505215287208557e-02
1.212678030133247375e-01
7.308670133352279663e-02
1.365234702825546265e-01
3.958858177065849304e-02
1.812270879745483398e-01
8.153598755598068237e-02
7.457407712936401367e-01
1.588860750198364258e-01
6.617457270622253418e-01
4.658634662628173828e-01
5.833293870091438293e-02
4.869514331221580505e-02
2.034806087613105774e-02
2.890515141189098358e-02
2.306423038244247437e-01
4.621060788631439209e-01
4.861567914485931396e-02
2.848315425217151642e-02
9.740370512008666992e-02
5.486697331070899963e-02
5.513180792331695557e-02
4.103734493255615234e-01
9.721551537513732910e-01
3.369544148445129395e-01
4.911237955093383789e-02
2.820124290883541107e-02
7.697021961212158203e-02
1.658791303634643555e-01
4.383583366870880127e-02
5.982751399278640747e-02
8.891636878252029419e-02
7.956602424383163452e-02
1.414502561092376709e-01
4.885340109467506409e-02
1.284174770116806030e-01
6.144000962376594543e-02
7.982222735881805420e-02
9.902606606483459473e-01
8.956602811813354492e-01
8.103401660919189453e-01
7.000797241926193237e-02
9.409292042255401611e-02
9.543913006782531738e-01
1.440631449222564697e-01
1.059430912137031555e-01
1.351241171360015869e-01
1.319857388734817505e-01
1.652449667453765869e-01
8.841744065284729004e-02
5.950316041707992554e-02
7.661301642656326294e-02
1.393626332283020020e-01
5.954362079501152039e-02
2.000723779201507568e-01
3.387840092182159424e-01
1.102311909198760986e-01
6.306114047765731812e-02
5.801835283637046814e-02
4.864811524748802185e-02
3.583592921495437622e-02
8.600620925426483154e-02
7.585306465625762939e-02
3.633985519409179688e-01
7.621233910322189331e-02
8.651643246412277222e-02
9.320852905511856079e-02
1.614501625299453735e-01
2.740309946238994598e-02
5.375617370009422302e-02
4.807554557919502258e-02
1.051490083336830139e-01
4.454960301518440247e-02
1.176632940769195557e-01
9.964414685964584351e-02
1.082237139344215393e-01
4.941591620445251465e-02
3.914590552449226379e-02
5.241368338465690613e-02
5.528611317276954651e-02
1.290879100561141968e-01
5.941585451364517212e-02
6.059094518423080444e-02
5.771763250231742859e-02
9.019982069730758667e-02
7.264626026153564453e-02
1.024976223707199097e-01
1.765283495187759399e-01
4.072944819927215576e-01
2.627752721309661865e-02
9.406126290559768677e-02
5.882734432816505432e-02
9.306365996599197388e-02
3.386750072240829468e-02
1.428651511669158936e-01
9.052950888872146606e-02
9.373376518487930298e-02
4.785450175404548645e-02
5.170338973402976990e-02
1.837573572993278503e-02
8.172326534986495972e-02
9.351021051406860352e-02
4.851995781064033508e-02
2.384155988693237305e-01
1.549319624900817871e-01
1.489103436470031738e-01
6.023982167243957520e-02
5.695390701293945312e-02
1.032963171601295471e-01
2.627505660057067871e-01
9.984872341156005859e-01
9.995065927505493164e-01
1.049311757087707520e-01
1.926449388265609741e-01
6.117815896868705750e-02
8.903030306100845337e-02
7.394956052303314209e-02
7.775050401687622070e-02
1.753412336111068726e-01
7.553388178348541260e-02
5.633689761161804199e-01
2.484759837388992310e-01
3.341795876622200012e-02
8.583717346191406250e-01
1.485360264778137207e-01
8.267748355865478516e-02
6.221850961446762085e-02
5.200010538101196289e-02
1.037424206733703613e-01
5.312518030405044556e-02
5.146272107958793640e-02
1.048140600323677063e-01
4.458615928888320923e-02
1.958589404821395874e-01
5.443416163325309753e-02
1.723091155290603638e-01
1.360454261302947998e-01
6.096940487623214722e-02
1.443069130182266235e-01
4.184195026755332947e-02
3.290986642241477966e-02
9.917507320642471313e-02
1.094684079289436340e-01
6.188168376684188843e-02
8.951511234045028687e-02
2.608112245798110962e-02
9.237466752529144287e-02
3.689585626125335693e-02
2.625294327735900879e-01
1.796088069677352905e-01
1.180878058075904846e-01
9.622363001108169556e-02
1.049278602004051208e-01
1.279012411832809448e-01
4.979545250535011292e-02
6.021929904818534851e-02
8.997809886932373047e-02
9.196379035711288452e-02
6.943868100643157959e-02
6.681387126445770264e-02
9.992767125368118286e-02
9.758035838603973389e-02
4.801358655095100403e-02
1.377215385437011719e-01
3.653174638748168945e-02
7.513134181499481201e-02
1.019170954823493958e-01
7.740786671638488770e-02
6.638219952583312988e-02
1.101486012339591980e-01
7.541265338659286499e-02
4.535031318664550781e-01
2.036715745925903320e-01
1.931683272123336792e-01
7.567999362945556641e-01
5.953110456466674805e-01
7.848314940929412842e-02
3.651396930217742920e-01
1.275607496500015259e-01
1.236011460423469543e-01
1.266341060400009155e-01
8.778276294469833374e-02
9.227460622787475586e-02
1.169533357024192810e-01
5.075142979621887207e-01
1.486275047063827515e-01
1.390505731105804443e-01
1.189265102148056030e-01
2.381435334682464600e-01
4.660957679152488708e-02
1.361711919307708740e-01
4.242813587188720703e-02
3.743872046470642090e-01
9.964924454689025879e-01
8.467979729175567627e-02
1.280966401100158691e-01
1.917724758386611938e-01
1.231456995010375977e-01
2.703661918640136719e-01
9.606908261775970459e-02
6.088909506797790527e-02
3.136464953422546387e-02
8.041482418775558472e-02
3.406093716621398926e-01
3.441259562969207764e-01
1.338215023279190063e-01
5.010114982724189758e-02
1.170624196529388428e-01
1.914142668247222900e-01
1.170582771301269531e-01
1.521304398775100708e-01
9.514649212360382080e-02
1.848742179572582245e-02
7.707556337118148804e-02
4.576575383543968201e-02
9.426753968000411987e-02
4.341150224208831787e-01
4.369211569428443909e-02
1.070145070552825928e-01
1.833242177963256836e-01
9.296821802854537964e-02
1.033534556627273560e-01
9.679820388555526733e-02
2.088063769042491913e-02
8.382265269756317139e-02
7.587552815675735474e-02
1.528083831071853638e-01
1.817323081195354462e-02
6.129082292318344116e-02
4.460430145263671875e-02
8.527418226003646851e-02
6.708732247352600098e-02
3.213568329811096191e-01
1.484660357236862183e-01
6.764893233776092529e-02
4.122060537338256836e-02
1.724111288785934448e-02
2.755024470388889313e-02
1.713578402996063232e-02
4.184054583311080933e-02
5.244128033518791199e-02
1.495995968580245972e-01
1.081854626536369324e-01
1.324266642332077026e-01
6.172768026590347290e-02
3.733529150485992432e-02
9.917335212230682373e-02
3.143129050731658936e-01
2.463958561420440674e-01
1.291371732950210571e-01
2.399148978292942047e-02
9.466207027435302734e-02
1.412248052656650543e-02
5.264024436473846436e-02
9.143039584159851074e-02
2.639187276363372803e-01
6.328761577606201172e-02
1.767580509185791016e-01
7.641586661338806152e-01
1.417620033025741577e-01
7.570397108793258667e-02
1.038297489285469055e-01
3.544175922870635986e-01
1.156920194625854492e-01
3.578592240810394287e-01
3.099121898412704468e-02
8.097096532583236694e-02
1.603990197181701660e-01
6.515684723854064941e-02
1.250100135803222656e-01
9.972935914993286133e-02
1.068711727857589722e-01
6.327252089977264404e-02
3.846713528037071228e-02
2.301569581031799316e-01
1.241287961602210999e-01
1.381147466599941254e-02
2.011574804782867432e-01
1.025407239794731140e-01
9.211369156837463379e-01
5.487697571516036987e-02
6.466529518365859985e-02
5.660276859998703003e-02
1.018886268138885498e-01
1.411854624748229980e-01
5.524046719074249268e-02
8.568572252988815308e-02
4.352016746997833252e-02
9.213589131832122803e-02
6.951794773340225220e-02
7.436071336269378662e-02
6.639726459980010986e-02
1.117297857999801636e-01
5.362370237708091736e-02
1.941184140741825104e-02
3.796047344803810120e-02
8.177082985639572144e-02
9.977232664823532104e-02
8.049195259809494019e-02
6.443366408348083496e-02
7.747688144445419312e-02
2.378673702478408813e-01
3.399316966533660889e-02
5.048711970448493958e-02
9.190195053815841675e-02
2.252964824438095093e-01
4.815129339694976807e-01
6.134533137083053589e-02
1.995780467987060547e-01
2.382847219705581665e-01
5.457339882850646973e-01
9.266431629657745361e-02
1.256810724735260010e-01
4.922460392117500305e-02
4.589377343654632568e-02
6.267762184143066406e-02
2.904629707336425781e-02
5.014218762516975403e-02
7.479511499404907227e-01
8.425121903419494629e-01
5.831540748476982117e-02
8.275717496871948242e-02
6.708373129367828369e-02
5.833839625120162964e-02
6.334985792636871338e-02
1.048332229256629944e-01
4.039132595062255859e-01
6.397874355316162109e-01
5.674858763813972473e-02
1.150585561990737915e-01
3.688507080078125000e-01
1.717917919158935547e-01
4.437237381935119629e-01
2.159527391195297241e-01
5.951648578047752380e-02
1.358118802309036255e-01
9.721818566322326660e-01
7.582622766494750977e-01
1.283236443996429443e-01
6.049503758549690247e-02
8.512388169765472412e-02
2.222683429718017578e-01
3.212454020977020264e-01
1.735871434211730957e-01
2.474465966224670410e-02
4.688495770096778870e-02
6.101502850651741028e-02
2.089300751686096191e-02
3.955227732658386230e-01
5.324679017066955566e-01
2.173094302415847778e-01
6.944411247968673706e-02
6.051328405737876892e-02
3.669086471199989319e-02
9.230331331491470337e-02
1.046666800975799561e-01
6.209235638380050659e-02
1.215583458542823792e-01
6.458696722984313965e-02
7.015376091003417969e-01
4.272878915071487427e-02
1.097978577017784119e-01
4.389103502035140991e-02
1.542972773313522339e-01
9.067657589912414551e-02
9.099296480417251587e-02
6.439566612243652344e-02
7.232104986906051636e-02
2.072645872831344604e-01
1.679251343011856079e-01
6.599376201629638672e-01
7.809764146804809570e-01
2.923811376094818115e-01
1.992632299661636353e-01
2.276306450366973877e-01
2.276329696178436279e-01
7.237900793552398682e-02
3.377614915370941162e-02
4.555427283048629761e-02
7.109734416007995605e-02
6.899540126323699951e-02
1.435887515544891357e-01
1.278706043958663940e-01
1.005861759185791016e-01
8.297016471624374390e-02
8.607417345046997070e-02
4.010523483157157898e-02
8.097344636917114258e-02
8.939925581216812134e-02
1.328143477439880371e-01
1.575967073440551758e-01
1.051210314035415649e-01
2.222005575895309448e-01
2.000209838151931763e-01
2.047179788351058960e-01
2.052341252565383911e-01
3.847112134099006653e-02
3.344814479351043701e-01
9.658931195735931396e-02
1.606588363647460938e-01
7.528167963027954102e-02
9.693942964076995850e-02
4.796595126390457153e-02
1.135253757238388062e-01
6.961328536272048950e-02
5.324429646134376526e-02
4.770187288522720337e-02
6.831492483615875244e-02
3.532519191503524780e-02
5.480717867612838745e-02
9.376858174800872803e-02
2.487731873989105225e-01
2.618129849433898926e-01
4.658629372715950012e-02
8.609293401241302490e-02
6.707108765840530396e-02
5.952256917953491211e-02
1.072478890419006348e-01
3.278018534183502197e-02
4.637821391224861145e-02
8.952847868204116821e-02
1.410058736801147461e-01
7.836492359638214111e-02
8.810691535472869873e-02
5.801823735237121582e-02
5.495629459619522095e-02
5.206662416458129883e-02
1.000588685274124146e-01
7.065095007419586182e-02
9.316128492355346680e-01
1.450545042753219604e-01
5.635392665863037109e-01
6.602383255958557129e-01
1.526706665754318237e-01
7.764361053705215454e-02
6.249429285526275635e-02
4.581438377499580383e-02
1.031153425574302673e-01
1.726950407028198242e-01
1.299135088920593262e-01
6.394961476325988770e-02
3.672111630439758301e-01
2.934589684009552002e-01
1.223667524755001068e-02
2.545465528964996338e-02
1.159001737833023071e-01
7.154704630374908447e-02
5.846770405769348145e-01
6.210013851523399353e-02
6.737567484378814697e-02
6.371307373046875000e-01
9.745399355888366699e-01
5.906679853796958923e-02
6.380775570869445801e-01
9.446883201599121094e-02
8.354762941598892212e-02
5.321459472179412842e-02
1.825109422206878662e-01
6.536994874477386475e-02
2.071521878242492676e-01
9.787551760673522949e-01
1.588098257780075073e-01
2.358480729162693024e-02
5.685196071863174438e-02
5.152993649244308472e-02
4.806936904788017273e-02
3.192107006907463074e-02
5.462445318698883057e-02
5.210918933153152466e-02
5.693453550338745117e-02
6.272732466459274292e-02
1.948175430297851562e-01
3.901998996734619141e-01
6.363421678543090820e-01
7.604840397834777832e-02
3.794705867767333984e-02
9.180141985416412354e-02
7.802619785070419312e-02
7.445099204778671265e-02
7.813775539398193359e-02
4.521837830543518066e-01
1.292419433593750000e-01
1.771011501550674438e-01
1.159469503909349442e-02
5.661311373114585876e-02
5.631729587912559509e-02
8.760144561529159546e-02
1.113474667072296143e-01
7.751760631799697876e-02
9.279430657625198364e-02
2.949503250420093536e-02
1.857854053378105164e-02
5.442627146840095520e-02
6.783060729503631592e-02
8.472004532814025879e-02
5.641656368970870972e-02
8.138118982315063477e-01
9.684226512908935547e-01
8.982395380735397339e-02
5.488811805844306946e-02
7.833322882652282715e-02
4.617154225707054138e-02
1.732936501502990723e-01
3.080511279404163361e-02
1.482942253351211548e-01
4.237887635827064514e-02
1.000659987330436707e-01
3.466324210166931152e-01
7.228858768939971924e-02
1.652067750692367554e-01
1.364362686872482300e-01
9.701411426067352295e-02
2.219888269901275635e-01
1.031453832983970642e-01
6.275310367345809937e-02
2.848579548299312592e-02
7.685866951942443848e-02
6.897550076246261597e-02
8.192543685436248779e-02
4.295205324888229370e-02
7.942581921815872192e-02
3.402809202671051025e-01
1.332819312810897827e-01
3.529005646705627441e-01
1.610130220651626587e-01
4.602589458227157593e-02
2.715518176555633545e-01
7.742843776941299438e-02
9.157123416662216187e-02
2.387204766273498535e-01
5.398790538311004639e-02
4.916646704077720642e-02
7.342029809951782227e-01
7.865419983863830566e-02
5.135755240917205811e-02
1.303902417421340942e-01
7.581651955842971802e-02
1.090689823031425476e-01
4.282085597515106201e-02
1.766192317008972168e-01
1.216769143939018250e-01
5.311071127653121948e-02
4.401619359850883484e-02
4.279990121722221375e-02
3.090301156044006348e-02
4.999192059040069580e-02
1.286993622779846191e-01
5.123505368828773499e-02
7.886938005685806274e-02
7.882168143987655640e-02
8.397740870714187622e-02
5.428107827901840210e-02
1.775043308734893799e-01
9.169053286314010620e-02
1.355958133935928345e-01
2.670800089836120605e-01
1.398997008800506592e-01
8.456370979547500610e-02
4.492219984531402588e-01
1.304672956466674805e-01
5.252309888601303101e-02
7.417884469032287598e-02
1.490432173013687134e-01
4.125122725963592529e-02
4.783702269196510315e-02
9.329864382743835449e-02
7.035565376281738281e-02
3.458330407738685608e-02
9.450638294219970703e-02
5.214346200227737427e-02
5.042045190930366516e-02
2.976962924003601074e-02
5.040546506643295288e-02
3.076918050646781921e-02
3.387759625911712646e-02
9.276363253593444824e-02
6.857509911060333252e-02
6.894595175981521606e-02
4.431566596031188965e-01
6.215168535709381104e-02
3.377461805939674377e-02
4.586520791053771973e-02
9.287720173597335815e-02
9.057210385799407959e-02
4.431425780057907104e-02
1.680597215890884399e-01
2.186954319477081299e-01
7.050540298223495483e-02
1.505588144063949585e-01
4.925996065139770508e-02
2.409084513783454895e-02
3.784436360001564026e-02
7.878351956605911255e-02
4.278681427240371704e-02
6.658047437667846680e-02
1.845454871654510498e-01
4.531117528676986694e-02
5.428101494908332825e-02
1.013659313321113586e-01
5.341593548655509949e-02
1.749053150415420532e-01
4.735113307833671570e-02
3.018844313919544220e-02
8.014975488185882568e-02
6.410063803195953369e-02
1.156363189220428467e-01
3.155680373311042786e-02
9.454538673162460327e-02
6.799956411123275757e-02
7.211598753929138184e-02
4.981802031397819519e-02
5.188016593456268311e-02
6.737568974494934082e-02
6.792944669723510742e-02
6.284920126199722290e-02
3.486241772770881653e-02
4.176828637719154358e-02
9.659673273563385010e-02
4.617424607276916504e-01
1.724966913461685181e-01
9.291610866785049438e-02
1.428994834423065186e-01
7.012430578470230103e-02
9.723642468452453613e-02
4.032644629478454590e-02
4.638072475790977478e-02
1.024533882737159729e-01
2.499904036521911621e-01
1.060852929949760437e-01
7.588181644678115845e-02
3.736943751573562622e-02
2.893284894526004791e-02
8.915746212005615234e-02
4.960113763809204102e-02
4.763551428914070129e-02
3.699091449379920959e-02
6.029010415077209473e-01
8.493160605430603027e-01
3.285175561904907227e-01
1.536354869604110718e-01
9.979065656661987305e-01
7.362425923347473145e-01
6.042272448539733887e-01
3.411205410957336426e-01
2.407318055629730225e-01
7.414932548999786377e-02
5.558234825730323792e-02
9.304583072662353516e-02
1.141678020358085632e-01
1.459218710660934448e-01
7.776683568954467773e-02
4.982728883624076843e-02
4.899735003709793091e-02
4.756312072277069092e-02
3.515231981873512268e-02
5.074078962206840515e-02
2.966146543622016907e-02
7.288976758718490601e-02
3.327146545052528381e-02
7.040081173181533813e-02
6.117664277553558350e-02
4.861342534422874451e-02
3.879646584391593933e-02
8.718569576740264893e-02
3.307796269655227661e-02
1.153064668178558350e-01
4.157322272658348083e-02
1.518467366695404053e-01
6.926489621400833130e-02
1.080442145466804504e-01
9.521654993295669556e-02
1.702180504798889160e-02
5.614985525608062744e-02
5.246461182832717896e-02
6.631126999855041504e-02
1.003590151667594910e-01
9.620637446641921997e-02
1.474524736404418945e-01
4.282496124505996704e-02
7.798969000577926636e-02
1.289168894290924072e-01
8.640294522047042847e-02
6.258696317672729492e-02
8.643712103366851807e-02
5.590115487575531006e-02
1.376206576824188232e-01
1.220145672559738159e-01
8.793161064386367798e-02
4.745063185691833496e-02
7.586316019296646118e-02
3.809918463230133057e-02
5.141333490610122681e-02
3.645302727818489075e-02
4.548872262239456177e-02
1.183345168828964233e-01
1.447639614343643188e-02
6.411163508892059326e-02
2.845138609409332275e-01
3.827846050262451172e-02
4.583774507045745850e-02
7.517817616462707520e-02
3.077501058578491211e-02
3.800990805029869080e-02
7.478854805231094360e-02
3.831627964973449707e-02
5.023530870676040649e-02
8.020740747451782227e-02
2.309980615973472595e-02
9.157980233430862427e-02
5.563247948884963989e-02
1.039909422397613525e-01
2.185136973857879639e-01
2.211058326065540314e-02
8.212953805923461914e-02
1.117034330964088440e-01
7.946456223726272583e-02
2.672309055924415588e-02
3.980148434638977051e-01
1.150558516383171082e-01
9.006731212139129639e-02
1.207360327243804932e-01
1.167166680097579956e-01
1.334853172302246094e-01
1.579123139381408691e-01
6.326913833618164062e-02
9.994891881942749023e-01
9.999541044235229492e-01
4.192220568656921387e-01
1.018757596611976624e-01
8.482372015714645386e-02
7.945441454648971558e-02
6.311428546905517578e-02
7.459772378206253052e-02
7.252338528633117676e-02
9.649874269962310791e-02
9.842482209205627441e-02
8.329877257347106934e-02
1.261377334594726562e-02
3.445184603333473206e-02
5.122659355401992798e-02
1.150956302881240845e-01
5.407011881470680237e-02
2.265693992376327515e-01
4.350319504737854004e-02
5.675718933343887329e-02
3.440503403544425964e-02
1.318975090980529785e-01
9.759283065795898438e-02
4.979787766933441162e-02
9.914206266403198242e-01
9.506887197494506836e-01
1.075806170701980591e-01
4.799509420990943909e-02
1.345219016075134277e-01
6.403749436140060425e-02
2.437911927700042725e-01
1.608385443687438965e-01
1.605006754398345947e-01
9.825113415718078613e-02
9.416536241769790649e-02
5.591880083084106445e-01
5.731446295976638794e-02
4.141395539045333862e-02
6.176516041159629822e-02
1.857821941375732422e-01
4.216597229242324829e-02
4.828410968184471130e-02
4.593651369214057922e-02
9.705883264541625977e-02
4.811105132102966309e-02
9.727925062179565430e-02
5.458206310868263245e-02
8.274001628160476685e-02
6.696322560310363770e-02
8.225617557764053345e-02
1.870834231376647949e-01
4.339302703738212585e-02
1.193309649825096130e-01
4.208132624626159668e-02
7.062231004238128662e-02
8.485043048858642578e-02
1.409225314855575562e-01
3.328606113791465759e-02
9.567198902368545532e-02
1.341994702816009521e-01
9.077703952789306641e-02
1.919902488589286804e-02
7.733138203620910645e-01
1.089111864566802979e-01
2.019603699445724487e-01
8.843675255775451660e-02
2.258316576480865479e-01
7.444576919078826904e-02
1.858345046639442444e-02
3.087273053824901581e-02
7.311760634183883667e-02
6.317301094532012939e-02
1.830004155635833740e-01
1.997114121913909912e-01
8.586941659450531006e-02
7.309582829475402832e-02
7.509573549032211304e-02
7.753559201955795288e-02
4.657078906893730164e-02
1.435112059116363525e-01
2.116293460130691528e-01
2.963041663169860840e-01
3.769013881683349609e-01
5.270692333579063416e-02
3.935919404029846191e-01
5.425516366958618164e-01
9.850209578871726990e-03
9.666427373886108398e-01
4.687864780426025391e-01
3.401195406913757324e-01
9.039400517940521240e-02
9.893929958343505859e-02
1.537261903285980225e-01
5.264459252357482910e-01
3.397324979305267334e-01
5.599470436573028564e-02
2.989312708377838135e-01
1.361915916204452515e-01
5.306431278586387634e-02
4.861242324113845825e-02
1.286918371915817261e-01
1.481842398643493652e-01
9.391525387763977051e-02
2.406716346740722656e-01
2.177013158798217773e-01
4.331709444522857666e-02
3.070376627147197723e-02
9.202493727207183838e-02
2.134826183319091797e-01
6.577215194702148438e-01
1.081881523132324219e-01
6.002159714698791504e-01
7.305632829666137695e-01
3.832700103521347046e-02
3.900053799152374268e-01
8.301840424537658691e-01
9.327588230371475220e-02
4.472341015934944153e-02
9.991235136985778809e-01
9.998393058776855469e-01
5.263393521308898926e-01
2.490156441926956177e-01
5.089411139488220215e-01
1.387276351451873779e-01
5.673161521553993225e-02
1.469092667102813721e-01
9.756127744913101196e-02
1.578980088233947754e-01
1.621974632143974304e-02
6.996585428714752197e-02
2.179387211799621582e-01
1.246839165687561035e-01
9.415762424468994141e-01
9.703464508056640625e-01
6.172266602516174316e-02
6.147353723645210266e-02
6.530013680458068848e-02
5.358678847551345825e-02
1.715470664203166962e-02
8.653857111930847168e-01
9.524675011634826660e-01
1.401333957910537720e-01
9.453529864549636841e-02
2.098052501678466797e-01
2.078283131122589111e-01
9.626163840293884277e-01
1.253106445074081421e-01
3.614958748221397400e-02
2.563405781984329224e-02
1.887956261634826660e-01
6.054936721920967102e-02
3.997169062495231628e-02
1.627332344651222229e-02
1.591588705778121948e-01
9.616556763648986816e-02
5.766135454177856445e-02
1.410924345254898071e-01
1.462405174970626831e-01
9.993457198143005371e-01
9.999694824218750000e-01
3.418126329779624939e-02
6.987119466066360474e-02
4.479248076677322388e-02
5.067647248506546021e-02
1.571523994207382202e-01
2.310370504856109619e-01
4.587005972862243652e-01
5.358219742774963379e-01
7.706902921199798584e-02
1.122268661856651306e-01
2.089836746454238892e-01
7.065286636352539062e-01
6.258972734212875366e-02
3.477152809500694275e-02
1.162859126925468445e-01
1.761442869901657104e-01
7.438186556100845337e-02
3.687852621078491211e-02
4.944982007145881653e-02
8.081532269716262817e-02
7.634411007165908813e-02
5.957364663481712341e-02
8.563289791345596313e-02
9.825168550014495850e-02
4.157987236976623535e-02
6.283358484506607056e-02
3.555400297045707703e-02
6.699645519256591797e-02
5.771820619702339172e-02
8.344454318284988403e-02
6.748058646917343140e-02
5.300985649228096008e-02
1.328538209199905396e-01
1.979064196348190308e-01
7.347967475652694702e-02
7.587720453739166260e-02
4.077780991792678833e-02
3.029357269406318665e-02
2.440260350704193115e-01
4.182219877839088440e-02
1.465196609497070312e-01
3.878864645957946777e-02
3.665414080023765564e-02
4.560456797480583191e-02
1.044186949729919434e-01
5.904657393693923950e-02
5.689008161425590515e-02
1.018544435501098633e-01
8.946209400892257690e-02
4.505025967955589294e-02
1.189592182636260986e-01
8.366300165653228760e-02
6.806028634309768677e-02
4.588938131928443909e-02
7.565519213676452637e-02
6.599631905555725098e-02
1.231677979230880737e-01
5.174882709980010986e-02
1.035936549305915833e-01
2.541799284517765045e-02
5.283263325691223145e-02
6.912277638912200928e-02
4.283061996102333069e-02
6.848821043968200684e-02
5.192383378744125366e-02
7.931172847747802734e-02
8.259761333465576172e-02
7.912022620439529419e-02
6.350622326135635376e-02
3.681947290897369385e-02
3.482016921043395996e-01
9.899204969406127930e-01
7.603707909584045410e-01
1.626229137182235718e-01
9.240447729825973511e-02
8.428828418254852295e-02
4.955280944705009460e-02
2.201041132211685181e-01
5.953653454780578613e-01
7.259884476661682129e-02
4.235452786087989807e-02
1.397851258516311646e-01
9.999703168869018555e-01
1.039262264966964722e-01
7.906743139028549194e-02
6.873866170644760132e-02
8.237592130899429321e-02
3.783622756600379944e-02
1.073706001043319702e-01
1.872605644166469574e-02
8.746464550495147705e-02
4.284428432583808899e-02
4.825959205627441406e-01
8.448642492294311523e-02
5.608373135328292847e-02
4.191235825419425964e-02
7.270877063274383545e-02
1.633663475513458252e-02
8.489720523357391357e-02
7.454842329025268555e-02
9.250919222831726074e-01
9.725136309862136841e-02
4.223672747611999512e-01
6.557893157005310059e-01
8.258014917373657227e-02
3.416104614734649658e-02
7.484005391597747803e-02
4.930932819843292236e-02
3.652310371398925781e-02
2.115740627050399780e-02
3.587745502591133118e-02
1.699161715805530548e-02
8.032365143299102783e-02
1.557088792324066162e-01
7.905367016792297363e-02
8.258292824029922485e-02
9.413089603185653687e-02
5.141632631421089172e-02
5.854087695479393005e-02
9.291401132941246033e-03
1.447228342294692993e-01
1.012961193919181824e-01
1.134102791547775269e-01
1.328056156635284424e-01
8.297352194786071777e-01
5.131492763757705688e-02
5.208153650164604187e-02
1.226770579814910889e-01
2.544566616415977478e-02
1.129226833581924438e-01
7.624381780624389648e-02
5.677590519189834595e-02
8.894581347703933716e-02
1.350748836994171143e-01
1.302392780780792236e-01
7.859100401401519775e-02
1.004701703786849976e-01
1.189357936382293701e-01
4.048887267708778381e-02
8.344522118568420410e-02
1.066214740276336670e-01
8.203862607479095459e-02
2.717520669102668762e-02
6.101689860224723816e-02
7.337512820959091187e-02
6.503807753324508667e-02
1.117805019021034241e-01
9.966780990362167358e-02
4.893895238637924194e-02
4.338375478982925415e-02
2.948750741779804230e-02
4.683861136436462402e-02
3.876102715730667114e-02
1.562660485506057739e-01
5.736032500863075256e-02
2.617930062115192413e-02
7.815386354923248291e-02
5.892274528741836548e-02
1.257241964340209961e-01
1.402489095926284790e-01
1.387548446655273438e-01
1.525487303733825684e-01
3.871599584817886353e-02
1.769184321165084839e-01
4.844657331705093384e-02
5.828116834163665771e-02
2.789273671805858612e-02
4.212272167205810547e-02
2.644711360335350037e-02
5.987843126058578491e-02
3.206251934170722961e-02
6.254060566425323486e-02
4.448126256465911865e-02
8.186481148004531860e-02
2.713368646800518036e-02
3.800726681947708130e-02
9.585748612880706787e-02
1.315243095159530640e-01
3.639876097440719604e-02
5.280058085918426514e-02
4.064717888832092285e-02
7.469940185546875000e-02
1.155069321393966675e-01
6.818322837352752686e-02
6.813728809356689453e-02
1.524706482887268066e-01
4.960498958826065063e-02
3.315267264842987061e-01
1.089421585202217102e-01
2.560041658580303192e-02
2.404161840677261353e-01
2.693408355116844177e-02
3.314890861511230469e-01
2.730820477008819580e-01
8.517760038375854492e-02
2.892133221030235291e-02
5.461669713258743286e-02
1.521772295236587524e-01
2.293158769607543945e-01
4.072760790586471558e-02
1.098740845918655396e-01
9.286412596702575684e-01
7.596917748451232910e-01
2.388304285705089569e-02
6.603314727544784546e-02
5.188293382525444031e-02
2.972017042338848114e-02
1.336341202259063721e-01
2.258418500423431396e-02
1.441611051559448242e-01
2.204850167036056519e-01
2.279376238584518433e-01
2.551122903823852539e-01
2.137575447559356689e-01
2.068811208009719849e-01
4.714792966842651367e-02
5.343352556228637695e-01
1.222768723964691162e-01
1.016189828515052795e-01
1.110731065273284912e-01
4.088995158672332764e-01
5.932025983929634094e-02
2.730167210102081299e-01
9.173884987831115723e-01
2.408345043659210205e-01
4.333452507853507996e-02
1.110390350222587585e-01
5.536055564880371094e-02
5.390946567058563232e-02
2.890700101852416992e-01
1.327193975448608398e-01
5.731277540326118469e-02
9.252341091632843018e-02
1.649733185768127441e-01
7.000841945409774780e-02
9.862811304628849030e-03
8.954754471778869629e-02
2.524998486042022705e-01
1.952014863491058350e-01
1.545794159173965454e-01
5.713085830211639404e-02
4.771683365106582642e-02
4.348795488476753235e-02
9.751385450363159180e-02
9.666518867015838623e-02
5.020176619291305542e-02
8.118445426225662231e-02
5.248166993260383606e-02
5.625410079956054688e-01
6.080609932541847229e-02
5.081490427255630493e-02
1.023344248533248901e-01
5.421496182680130005e-02
8.828896284103393555e-02
9.041827172040939331e-02
1.035477221012115479e-01
1.693732887506484985e-01
4.336958751082420349e-02
3.049696795642375946e-02
1.168217360973358154e-01
1.167282164096832275e-01
1.122307553887367249e-01
9.999885559082031250e-01
7.404860258102416992e-01
1.691085994243621826e-01
5.381156802177429199e-01
8.145886659622192383e-02
1.336181014776229858e-01
2.005390971899032593e-01
9.723780304193496704e-02
7.137383520603179932e-02
5.833752080798149109e-02
7.051151990890502930e-02
3.749296963214874268e-01
5.683687925338745117e-01
9.341096132993698120e-02
8.910875767469406128e-02
1.396143287420272827e-01
1.932441443204879761e-01
1.522461175918579102e-01
2.885994017124176025e-01
1.845964491367340088e-01
1.139035969972610474e-01
6.039734929800033569e-02
6.236518174409866333e-02
9.266747534275054932e-02
1.028301790356636047e-01
4.066608101129531860e-02
4.442342743277549744e-02
1.613299548625946045e-01
9.965129196643829346e-02
2.227875441312789917e-01
4.833009466528892517e-02
7.575591653585433960e-02
5.495832115411758423e-02
5.580193400382995605e-01
1.168141067028045654e-01
3.126981258392333984e-01
8.496183902025222778e-02
1.364857703447341919e-01
1.954592019319534302e-01
1.259702444076538086e-01
2.242930382490158081e-01
1.841949671506881714e-01
4.651024565100669861e-02
7.803803682327270508e-02
2.489697039127349854e-01
9.988535642623901367e-01
7.418444007635116577e-02
2.790987491607666016e-02
7.378223538398742676e-02
8.367682248353958130e-02
3.262930810451507568e-01
9.801431745290756226e-02
3.474403545260429382e-02
1.221456974744796753e-01
5.711605027318000793e-02
1.014889180660247803e-01
4.766158014535903931e-02
2.162357717752456665e-01
6.279025971889495850e-02
3.897929489612579346e-01
1.794988960027694702e-01
5.899637565016746521e-02
5.215624719858169556e-02
3.457032144069671631e-02
5.489753186702728271e-02
1.132877469062805176e-01
1.106373071670532227e-01
1.016066148877143860e-01
1.036931052803993225e-01
8.382127434015274048e-02
1.168867647647857666e-01
3.976167365908622742e-02
9.712935984134674072e-02
3.786954656243324280e-02
4.095035791397094727e-02
1.376517415046691895e-01
1.510666757822036743e-01
4.380270838737487793e-02
8.847126364707946777e-02
5.684947967529296875e-02
4.514079168438911438e-02
4.107345044612884521e-01
1.035049036145210266e-01
6.616501510143280029e-02
5.436068773269653320e-02
1.185457706451416016e-01
2.662677131593227386e-02
6.175033375620841980e-02
9.554264694452285767e-02
8.784807324409484863e-01
6.458649039268493652e-01
9.726314991712570190e-02
8.312164992094039917e-02
1.066571325063705444e-01
7.177191972732543945e-02
4.693829268217086792e-02
5.394417792558670044e-02
5.042294040322303772e-02
1.567958444356918335e-01
5.395392701029777527e-02
4.608677700161933899e-02
1.007901430130004883e-01
6.860098987817764282e-02
9.604655951261520386e-02
4.332244768738746643e-02
4.000110924243927002e-02
2.729510664939880371e-01
9.790936112403869629e-01
4.180437326431274414e-02
2.682418376207351685e-02
5.630246177315711975e-02
8.504898101091384888e-02
1.897162385284900665e-02
1.009423509240150452e-01
1.049543544650077820e-01
7.375767081975936890e-02
1.738862842321395874e-01
1.208748221397399902e-01
3.960857540369033813e-02
8.068966865539550781e-02
1.548600848764181137e-02
7.370942085981369019e-02
4.028384760022163391e-02
1.303031891584396362e-01
9.919473528861999512e-01
9.819859266281127930e-01
2.690666913986206055e-01
1.565803140401840210e-01
2.940511330962181091e-02
6.690843403339385986e-02
6.509030610322952271e-02
7.857434451580047607e-02
3.535341843962669373e-02
1.786995232105255127e-01
8.425061702728271484e-01
1.700978875160217285e-01
1.200025752186775208e-01
3.106928616762161255e-02
5.538612976670265198e-02
2.079601436853408813e-01
1.475643813610076904e-01
4.544349908828735352e-01
2.207638882100582123e-02
1.814600639045238495e-02
8.152234554290771484e-02
4.345458373427391052e-02
8.250187337398529053e-02
6.652078777551651001e-02
1.835644543170928955e-01
1.166298016905784607e-01
1.347813755273818970e-01
2.289161384105682373e-01
2.957797944545745850e-01
2.794428169727325439e-01
4.764182120561599731e-02
8.899978548288345337e-02
3.976048156619071960e-02
1.524057537317276001e-01
1.217616498470306396e-01
3.896673023700714111e-02
1.330373436212539673e-01
1.742326654493808746e-02
5.897310376167297363e-02
3.241627663373947144e-02
2.114650048315525055e-02
1.027521193027496338e-01
7.933422178030014038e-02
2.831524014472961426e-01
5.878534168004989624e-02
7.125592976808547974e-02
5.375032871961593628e-02
2.393793761730194092e-01
1.356161534786224365e-01
1.348943561315536499e-01
1.532123237848281860e-01
6.437267363071441650e-02
4.362918734550476074e-01
3.521702885627746582e-01
9.518077969551086426e-02
3.630050644278526306e-02
4.297066852450370789e-02
7.349697500467300415e-02
7.230087369680404663e-02
1.920285075902938843e-01
8.572269231081008911e-02
3.992335125803947449e-02
8.261467516422271729e-02
3.439755737781524658e-02
6.809389591217041016e-02
1.194771602749824524e-01
1.026015132665634155e-01
6.419084966182708740e-02
1.105566993355751038e-01
6.043222546577453613e-02
2.248313277959823608e-01
1.089566946029663086e-01
9.052531421184539795e-02
8.253874182701110840e-01
4.114872962236404419e-02
4.431441053748130798e-02
9.734461456537246704e-02
2.240220606327056885e-01
5.835006013512611389e-02
9.885201603174209595e-02
7.512482255697250366e-02
1.767068505287170410e-01
1.054622754454612732e-01
3.432785272598266602e-01
3.728207945823669434e-01
2.907384373247623444e-02
2.126460894942283630e-02
2.301082760095596313e-01
4.778848588466644287e-02
9.727131575345993042e-02
3.882144019007682800e-02
1.158052459359169006e-01
4.453136771917343140e-02
1.040741205215454102e-01
1.121521070599555969e-01
9.899196624755859375e-01
8.388353586196899414e-01
4.740698263049125671e-02
1.157736033201217651e-01
3.569949045777320862e-02
1.105745583772659302e-01
5.728119984269142151e-02
5.334646999835968018e-02
7.676615566015243530e-02
6.504987478256225586e-01
1.005600392818450928e-01
3.247109651565551758e-01
2.589525282382965088e-01
1.196736916899681091e-01
8.804278075695037842e-02
9.162221848964691162e-02
1.236138790845870972e-01
4.774309322237968445e-02
1.308646351099014282e-01
3.452834784984588623e-01
1.296496838331222534e-01
2.499240636825561523e-02
1.472661346197128296e-01
1.018963679671287537e-01
7.118399441242218018e-02
8.987210690975189209e-02
6.044701114296913147e-02
8.255296945571899414e-02
3.558325767517089844e-01
2.287554591894149780e-01
1.422535330057144165e-01
1.115901246666908264e-01
1.545230895280838013e-01
1.074244230985641479e-01
3.847906738519668579e-02
9.088115394115447998e-02
3.901759907603263855e-02
1.521939337253570557e-01
1.531321257352828979e-01
4.894795268774032593e-02
1.214414238929748535e-01
4.727473109960556030e-02
3.786833211779594421e-02
7.133912295103073120e-02
3.086463175714015961e-02
7.339150458574295044e-02
1.380796432495117188e-01
2.784885838627815247e-02
9.338516741991043091e-02
8.605050295591354370e-02
8.596693724393844604e-02
8.115730434656143188e-02
3.345679864287376404e-02
7.464110106229782104e-02
8.964259177446365356e-02
8.686459809541702271e-02
6.178821995854377747e-02
4.919384792447090149e-02
3.593412786722183228e-02
4.862560331821441650e-02
1.930361986160278320e-01
6.008228659629821777e-02
6.759883761405944824e-01
1.315916776657104492e-01
2.528492510318756104e-01
1.773142814636230469e-01
4.837952926754951477e-02
1.415506601333618164e-01
8.497492223978042603e-02
6.308247148990631104e-02
1.405109763145446777e-01
3.636322170495986938e-02
9.825571179389953613e-01
2.406821101903915405e-01
6.372176855802536011e-02
3.653799593448638916e-01
8.767381310462951660e-02
1.890642195940017700e-01
6.174016743898391724e-02
5.751831531524658203e-01
2.605324983596801758e-02
5.857823044061660767e-02
9.442467987537384033e-02
9.261913895606994629e-01
2.166466563940048218e-01
8.932375907897949219e-02
1.433882117271423340e-01
1.158828437328338623e-01
1.492116898298263550e-01
4.933376610279083252e-02
2.177175432443618774e-01
3.462272137403488159e-02
3.235010802745819092e-01
2.661907672882080078e-01
8.899457007646560669e-02
3.087304346263408661e-02
6.018608808517456055e-02
3.295414522290229797e-02
1.649802327156066895e-01
8.911878615617752075e-02
2.763146348297595978e-02
3.701522573828697205e-02
4.929044470191001892e-02
1.575157493352890015e-01
2.087152563035488129e-02
9.356769919395446777e-02
1.155922338366508484e-01
4.981517195701599121e-01
7.635843008756637573e-02
7.895205914974212646e-02
2.104008495807647705e-01
9.964141249656677246e-02
4.841795191168785095e-02
1.073587164282798767e-01
1.157458052039146423e-01
8.766655921936035156e-01
4.545470774173736572e-01
5.874601751565933228e-02
9.180641174316406250e-02
1.380455195903778076e-01
1.123548597097396851e-01
7.502394914627075195e-02
9.438727796077728271e-02
1.060617268085479736e-01
9.999866485595703125e-01
7.603823393583297729e-02
7.729625701904296875e-01
6.846268773078918457e-01
9.224411845207214355e-02
3.524538278579711914e-01
7.453197985887527466e-02
1.119290441274642944e-01
7.252594828605651855e-01
9.353260397911071777e-01
3.364524245262145996e-01
2.812066078186035156e-01
5.952165648341178894e-02
3.734745457768440247e-02
8.428475260734558105e-02
4.368213415145874023e-01
3.516371548175811768e-01
1.727689802646636963e-01
1.239958927035331726e-01
1.143123283982276917e-01
1.728567630052566528e-01
1.923960819840431213e-02
4.321719408035278320e-01
1.674837172031402588e-01
2.169291526079177856e-01
2.830620706081390381e-01
5.652782320976257324e-01
6.031543612480163574e-01
4.630567133426666260e-02
1.088853478431701660e-01
9.202353656291961670e-02
5.573398619890213013e-02
9.092542529106140137e-01
9.448155164718627930e-01
7.368856668472290039e-01
8.489411324262619019e-02
2.153740674257278442e-01
2.142479121685028076e-01
1.223279237747192383e-01
3.791623190045356750e-02
6.543082743883132935e-02
3.234368190169334412e-02
9.913320094347000122e-02
1.024280041456222534e-01
1.910597681999206543e-01
2.898437976837158203e-01
4.518803581595420837e-02
1.213886290788650513e-01
7.370521873235702515e-02
5.904559791088104248e-02
7.873737812042236328e-02
1.769140809774398804e-01
1.308981627225875854e-01
4.689829647541046143e-01
1.088349521160125732e-01
6.534845381975173950e-02
4.846683517098426819e-02
3.903144225478172302e-02
3.709078729152679443e-01
2.735469117760658264e-02
6.283435970544815063e-02
9.959254264831542969e-01
5.596982240676879883e-01
3.878853470087051392e-02
1.995526626706123352e-02
1.251042634248733521e-01
1.932429224252700806e-01
9.137168526649475098e-02
4.566783830523490906e-02
6.764761358499526978e-02
1.462835222482681274e-01
6.469463557004928589e-02
6.045490130782127380e-02
4.535613954067230225e-02
5.530164837837219238e-01
1.112133041024208069e-01
6.669943779706954956e-02
4.764742776751518250e-02
3.820748254656791687e-02
2.632444910705089569e-02
1.374428719282150269e-01
2.467637658119201660e-01
4.125683009624481201e-02
1.430446002632379532e-02
9.954791516065597534e-02
1.648435145616531372e-01
1.090602055191993713e-01
6.558436155319213867e-02
2.325762063264846802e-02
8.531872928142547607e-02
5.597294569015502930e-01
8.246992528438568115e-02
1.566662937402725220e-01
1.259189844131469727e-01
4.017746448516845703e-02
7.589226961135864258e-02
1.680308282375335693e-01
2.525210008025169373e-02
3.425735980272293091e-02
1.245185285806655884e-01
1.349135935306549072e-01
1.202339157462120056e-01
1.079393401741981506e-01
4.672959074378013611e-02
8.248890191316604614e-02
5.579146742820739746e-02
6.271211802959442139e-02
4.742972925305366516e-02
6.935952603816986084e-02
6.869933009147644043e-02
1.433411538600921631e-01
1.633835136890411377e-01
7.152208685874938965e-02
4.014771431684494019e-02
6.785061210393905640e-02
1.019823923707008362e-01
2.320666797459125519e-02
3.987620398402214050e-02
5.493688210844993591e-02
1.555174142122268677e-01
1.466857194900512695e-01
4.525343775749206543e-01
4.557024314999580383e-02
7.141137868165969849e-02
7.305992394685745239e-02
9.678027033805847168e-02
3.793754428625106812e-02
5.644400045275688171e-02
8.803257346153259277e-02
4.774590954184532166e-02
3.938505798578262329e-02
8.753471821546554565e-02
1.595925837755203247e-01
5.866970121860504150e-02
3.302551805973052979e-02
1.515469327569007874e-02
5.749350041151046753e-02
1.639294773340225220e-01
1.992317847907543182e-02
1.462643444538116455e-01
1.201210469007492065e-01
4.251424595713615417e-02
6.431234627962112427e-02
9.100347757339477539e-02
1.556524038314819336e-01
4.503480195999145508e-01
6.014702320098876953e-01
5.345639586448669434e-02
6.800431013107299805e-02
5.233827978372573853e-02
9.472735226154327393e-02
6.845406293869018555e-01
4.755449295043945312e-02
1.221590191125869751e-01
4.848863184452056885e-02
7.973618060350418091e-02
3.696583956480026245e-02
8.185073733329772949e-02
5.625633895397186279e-02
5.871680751442909241e-02
4.050950706005096436e-02
4.394542798399925232e-02
5.288600921630859375e-02
8.688269555568695068e-02
1.572951972484588623e-01
2.270320057868957520e-02
4.892160892486572266e-01
3.525593280792236328e-01
8.104562014341354370e-02
5.456306785345077515e-02
6.272979080677032471e-02
1.888516545295715332e-01
3.078023195266723633e-01
8.778307586908340454e-02
4.468187689781188965e-01
1.466283798217773438e-01
1.605304181575775146e-01
4.046763107180595398e-02
1.126057803630828857e-01
2.911066710948944092e-01
4.226022958755493164e-02
7.467220723628997803e-02
5.017122998833656311e-02
4.181178286671638489e-02
2.684930898249149323e-02
2.950265072286128998e-02
8.251485228538513184e-02
1.925033926963806152e-01
9.953399896621704102e-01
9.837058782577514648e-01
9.953702092170715332e-01
9.452143311500549316e-01
9.963957667350769043e-01
9.940576553344726562e-01
5.365988016128540039e-01
1.283925473690032959e-01
1.531393229961395264e-01
1.289988905191421509e-01
1.197486445307731628e-01
1.420579403638839722e-01
3.870753198862075806e-02
1.439960151910781860e-01
2.441647797822952271e-01
8.000357449054718018e-02
3.334949314594268799e-01
5.282734706997871399e-02
1.029065251350402832e-01
4.830582067370414734e-02
9.023629873991012573e-02
3.936458006501197815e-02
6.423065811395645142e-02
7.119651138782501221e-02
9.269259124994277954e-02
1.118538081645965576e-01
9.249103665351867676e-01
4.411277174949645996e-01
3.379870355129241943e-01
1.415669620037078857e-01
3.056092001497745514e-02
1.227514147758483887e-01
5.875118449330329895e-02
1.294467300176620483e-01
1.168094128370285034e-01
8.926638960838317871e-02
9.510930627584457397e-02
2.198911905288696289e-01
8.481694757938385010e-02
1.916579157114028931e-01
2.794480137526988983e-02
4.285842552781105042e-02
5.336315184831619263e-02
1.011379361152648926e-01
1.595105826854705811e-01
8.132920600473880768e-03
8.460836857557296753e-02
4.341970756649971008e-02
4.946776479482650757e-02
3.859241604804992676e-01
3.941145241260528564e-01
1.006862819194793701e-01
1.123737618327140808e-01
7.400463521480560303e-02
4.159170389175415039e-01
1.358154267072677612e-01
5.015357211232185364e-02
2.598817273974418640e-02
3.188561275601387024e-02
1.515954732894897461e-01
6.048740446567535400e-02
3.101163357496261597e-02
1.321298927068710327e-01
6.813307851552963257e-02
3.095503151416778564e-01
4.143611714243888855e-02
1.280996650457382202e-01
1.282301545143127441e-01
3.152833580970764160e-01
2.588762938976287842e-01
4.228102788329124451e-02
2.516040503978729248e-01
3.999422490596771240e-02
8.752591907978057861e-02
3.025604784488677979e-01
3.293199241161346436e-01
1.598577052354812622e-01
1.229316219687461853e-01
1.582032889127731323e-01
5.328409001231193542e-02
7.411255687475204468e-02
5.624382570385932922e-02
6.115513667464256287e-02
3.749335929751396179e-02
9.885876178741455078e-01
9.983653426170349121e-01
3.121304214000701904e-01
1.995264291763305664e-01
1.857520192861557007e-01
4.002095460891723633e-01
9.121531248092651367e-01
7.364560663700103760e-02
1.299982517957687378e-01
1.440748125314712524e-01
8.631172031164169312e-02
5.534680560231208801e-02
7.932114601135253906e-02
9.040015935897827148e-02
2.851074934005737305e-02
7.923854887485504150e-02
8.669087290763854980e-02
7.514958828687667847e-02
6.312288641929626465e-01
7.730068564414978027e-01
9.819460660219192505e-02
2.713218331336975098e-01
1.024819537997245789e-01
6.042651459574699402e-02
3.407254815101623535e-01
6.503800749778747559e-01
1.748893409967422485e-01
8.884084969758987427e-02
2.375565618276596069e-01
9.254912286996841431e-02
9.154841303825378418e-02
1.695896387100219727e-01
2.992439083755016327e-02
1.264453530311584473e-01
2.613992430269718170e-02
7.163372635841369629e-02
7.310581207275390625e-02
7.833513617515563965e-02
3.113747239112854004e-01
5.313482880592346191e-02
2.530857548117637634e-02
8.780678361654281616e-02
8.259913325309753418e-02
4.319036751985549927e-02
2.038558758795261383e-02
4.784938320517539978e-02
4.823857918381690979e-02
4.651376605033874512e-02
9.646661579608917236e-02
5.884791165590286255e-02
5.839584395289421082e-02
9.918437898159027100e-02
2.254008501768112183e-01
8.872544765472412109e-01
1.736467331647872925e-01
7.333484292030334473e-02
4.485091269016265869e-01
1.062344536185264587e-01
2.230171412229537964e-01
8.718602359294891357e-02
6.655314564704895020e-02
8.337261527776718140e-02
6.850897520780563354e-02
6.125031411647796631e-02
3.045862913131713867e-01
1.348223984241485596e-01
8.584766089916229248e-02
4.698339104652404785e-01
3.077675215899944305e-02
2.433574944734573364e-01
2.323953658342361450e-01
1.035661995410919189e-01
6.665866822004318237e-02
8.838711678981781006e-02
6.867820024490356445e-02
6.009842827916145325e-02
1.168941929936408997e-01
6.687121093273162842e-02
6.961235404014587402e-02
1.111906319856643677e-01
5.527528375387191772e-02
1.380574256181716919e-01
4.595043137669563293e-02
6.775823980569839478e-02
1.266722232103347778e-01
1.092942580580711365e-01
4.927989840507507324e-02
4.359180107712745667e-02
5.830557644367218018e-02
5.492448061704635620e-02
9.832451492547988892e-02
8.252770453691482544e-02
9.067533165216445923e-02
8.050110936164855957e-02
1.427217870950698853e-01
4.103642702102661133e-02
4.822495207190513611e-02
1.091803535819053650e-01
4.151697829365730286e-02
6.376106292009353638e-02
1.467359066009521484e-01
1.109808236360549927e-01
6.082000210881233215e-02
1.024735793471336365e-01
3.707652539014816284e-02
1.792998425662517548e-02
1.202060356736183167e-01
7.098500430583953857e-02
7.444945573806762695e-01
4.506045579910278320e-02
3.761451318860054016e-02
7.152067869901657104e-02
1.308472305536270142e-01
6.890837103128433228e-02
7.595139741897583008e-02
1.226515695452690125e-01
7.231280207633972168e-02
1.220340356230735779e-01
3.530684113502502441e-02
2.661641500890254974e-02
4.599095508456230164e-02
5.007881671190261841e-02
4.988173395395278931e-02
2.977076545357704163e-02
1.024824157357215881e-01
9.645809978246688843e-02
6.604070216417312622e-02
9.020974487066268921e-02
3.375093638896942139e-02
6.777444481849670410e-02
8.704059571027755737e-02
4.726590216159820557e-02
3.486183658242225647e-02
7.702937722206115723e-02
4.150145649909973145e-01
5.425094962120056152e-01
8.216205984354019165e-02
5.452748760581016541e-02
6.121003255248069763e-02
7.683716714382171631e-02
1.068147048354148865e-01
6.976901888847351074e-01
1.100075393915176392e-01
4.936716705560684204e-02
8.136337250471115112e-02
1.813731342554092407e-01
9.856239706277847290e-02
3.447377979755401611e-01
3.561446070671081543e-01
5.117403343319892883e-02
2.096999622881412506e-02
5.412776768207550049e-02
7.415062189102172852e-01
8.016818016767501831e-02
1.840207725763320923e-02
3.360964730381965637e-02
4.722411185503005981e-02
1.197001039981842041e-01
1.057564988732337952e-01
3.334971889853477478e-02
6.125292181968688965e-02
1.288484036922454834e-01
2.739751636981964111e-01
2.744762301445007324e-01
3.565637767314910889e-02
2.195559591054916382e-01
1.560040563344955444e-01
9.318421036005020142e-02
1.990767568349838257e-01
8.852052688598632812e-01
9.996949434280395508e-01
6.543994694948196411e-02
2.376674562692642212e-01
1.436911523342132568e-01
7.786148041486740112e-02
3.879147022962570190e-02
1.895167231559753418e-01
6.108277663588523865e-02
9.922228008508682251e-02
4.381265491247177124e-02
8.645877242088317871e-02
1.409506052732467651e-01
4.359551891684532166e-02
7.584860175848007202e-02
8.294656872749328613e-02
2.895234823226928711e-01
1.140353754162788391e-01
9.818699359893798828e-01
5.072298049926757812e-01
8.787179738283157349e-02
6.857276707887649536e-02
9.380100369453430176e-01
3.851505741477012634e-02
9.969447553157806396e-02
1.655094921588897705e-01
1.249776110053062439e-01
4.563970491290092468e-02
1.068573445081710815e-02
1.324481815099716187e-01
2.110583335161209106e-02
7.660723477602005005e-02
6.796097755432128906e-01
6.119410991668701172e-01
8.937126398086547852e-02
1.238078717142343521e-02
1.451399773359298706e-01
3.417591005563735962e-02
1.573974937200546265e-01
1.029755249619483948e-01
1.051606312394142151e-01
7.231236994266510010e-02
3.315761983394622803e-01
9.489485025405883789e-01
7.958007603883743286e-02
2.989405579864978790e-02
1.005238592624664307e-01
6.685706973075866699e-02
7.246828824281692505e-02
