8.811478316783905029e-02
9.972907900810241699e-01
9.542415738105773926e-01
3.937522694468498230e-02
1.355824023485183716e-01
2.435810565948486328e-01
5.436542034149169922e-01
2.411148101091384888e-01
9.849772602319717407e-02
2.589449882507324219e-01
8.809995651245117188e-02
1.699452400207519531e-01
5.310331284999847412e-02
8.172056078910827637e-02
2.699689269065856934e-01
9.692310541868209839e-02
5.924389883875846863e-02
9.078863263130187988e-02
1.482116580009460449e-01
1.148105487227439880e-01
3.663281202316284180e-01
2.032413482666015625e-01
7.905778288841247559e-02
8.649609237909317017e-02
3.857659175992012024e-02
1.574499011039733887e-01
1.288072764873504639e-01
1.072542071342468262e-01
7.102136313915252686e-02
6.086588278412818909e-02
6.126914173364639282e-02
3.284949809312820435e-02
7.189552485942840576e-02
1.257376521825790405e-01
3.596208244562149048e-02
5.575947463512420654e-02
2.365552037954330444e-01
1.041347160935401917e-01
5.786744877696037292e-02
2.579501643776893616e-02
1.687563657760620117e-01
4.225689172744750977e-02
1.105650216341018677e-01
4.292654991149902344e-02
4.180706739425659180e-01
4.177973046898841858e-02
5.250955820083618164e-01
4.760169088840484619e-01
4.733522981405258179e-02
7.705976814031600952e-02
4.136405512690544128e-02
2.546675130724906921e-02
3.823703527450561523e-02
5.610568448901176453e-02
9.478162974119186401e-02
1.625203490257263184e-01
9.842160344123840332e-02
8.592868596315383911e-02
4.227514937520027161e-02
4.822012782096862793e-02
8.941392600536346436e-02
1.354923695325851440e-01
5.735884606838226318e-02
8.763685822486877441e-02
1.303199827671051025e-01
7.575283199548721313e-02
1.363943517208099365e-01
5.112450569868087769e-02
4.045788198709487915e-02
5.341785401105880737e-02
8.302251249551773071e-02
7.443317025899887085e-02
8.673433214426040649e-02
8.812516331672668457e-01
7.983753830194473267e-02
6.201155856251716614e-02
3.483582288026809692e-02
1.412695646286010742e-01
7.980704307556152344e-02
8.267884254455566406e-01
7.791826725006103516e-01
3.124544620513916016e-01
7.538290321826934814e-02
2.054288089275360107e-01
1.109229922294616699e-01
1.077531874179840088e-01
7.571256160736083984e-02
9.139429777860641479e-02
6.891383230686187744e-02
4.783819988369941711e-02
1.904049068689346313e-01
2.184893004596233368e-02
9.256833046674728394e-02
6.929264217615127563e-02
5.364080145955085754e-02
5.395156517624855042e-02
9.988007545471191406e-01
9.964116215705871582e-01
3.458387777209281921e-02
8.495801687240600586e-02
1.666886806488037109e-01
2.891857922077178955e-02
8.549969643354415894e-02
1.183356493711471558e-01
1.449158042669296265e-01
5.300261825323104858e-02
8.584226667881011963e-02
8.531934022903442383e-02
8.162483572959899902e-02
1.379618346691131592e-01
3.384155035018920898e-02
9.652196615934371948e-02
7.813587039709091187e-02
3.293846547603607178e-02
8.057141304016113281e-02
4.514247551560401917e-02
1.189906820654869080e-01
3.534504398703575134e-02
1.191507279872894287e-01
1.129987537860870361e-01
6.764668226242065430e-02
6.439687013626098633e-01
4.330085217952728271e-01
8.285710960626602173e-02
9.895537048578262329e-02
6.022340804338455200e-02
1.753829233348369598e-02
1.834133714437484741e-01
9.998070597648620605e-01
9.576885104179382324e-01
1.509970575571060181e-01
6.983144283294677734e-01
3.142777979373931885e-01
7.282633781433105469e-01
2.128572016954421997e-01
4.400514662265777588e-01
5.387490615248680115e-02
4.045398533344268799e-01
1.217337176203727722e-01
4.615020751953125000e-01
7.402800023555755615e-02
2.869183942675590515e-02
3.624545782804489136e-02
1.300033628940582275e-01
5.285825729370117188e-01
3.096252977848052979e-01
2.608245909214019775e-01
1.917621344327926636e-01
9.506189823150634766e-02
1.048598960041999817e-01
8.464483171701431274e-02
5.514820292592048645e-02
5.816048756241798401e-02
1.079028919339179993e-01
7.498532533645629883e-02
1.635820418596267700e-01
2.481866069138050079e-02
1.310187280178070068e-01
1.405661404132843018e-01
5.035914108157157898e-02
2.251194268465042114e-01
3.988805040717124939e-02
3.154891729354858398e-01
2.133451215922832489e-02
2.125395089387893677e-01
9.685228765010833740e-02
6.509310752153396606e-02
9.023781120777130127e-02
6.682644784450531006e-02
1.040846556425094604e-01
2.106137573719024658e-01
9.491589665412902832e-01
8.919818997383117676e-01
1.577880233526229858e-01
5.807559564709663391e-02
2.867266535758972168e-01
4.771968349814414978e-02
2.806891314685344696e-02
6.787198036909103394e-02
4.542438387870788574e-01
2.639561295509338379e-01
9.952914714813232422e-02
8.175366371870040894e-02
3.954606875777244568e-02
1.911168843507766724e-01
3.164453208446502686e-01
1.444630622863769531e-01
8.597341366112232208e-03
1.578531414270401001e-01
1.501487940549850464e-01
8.436767384409904480e-03
2.531121671199798584e-01
1.622962653636932373e-01
2.188266217708587646e-01
1.228819787502288818e-01
1.023289263248443604e-01
6.031261011958122253e-02
5.556316301226615906e-02
4.819058775901794434e-01
7.599749416112899780e-02
1.676475070416927338e-02
1.621055901050567627e-01
2.043496370315551758e-01
2.712929993867874146e-02
4.544243216514587402e-02
5.570345744490623474e-02
7.664183527231216431e-02
1.732508838176727295e-01
7.854534685611724854e-02
5.401895195245742798e-02
4.590182751417160034e-02
7.524374872446060181e-02
1.559110730886459351e-01
1.423590183258056641e-01
1.595813482999801636e-01
6.683534383773803711e-02
8.906907588243484497e-02
2.121715992689132690e-01
6.194818615913391113e-01
7.826427221298217773e-01
5.407755970954895020e-01
3.455399870872497559e-01
9.939572811126708984e-01
4.548066854476928711e-02
3.845998942852020264e-01
5.193608999252319336e-01
9.254654049873352051e-01
2.944765239953994751e-02
1.084500178694725037e-01
6.820333749055862427e-02
1.080865859985351562e-01
8.868130296468734741e-02
1.118646711111068726e-01
8.982813954353332520e-01
3.089236319065093994e-01
1.222713477909564972e-02
5.305137634277343750e-01
1.088694036006927490e-01
7.452291846275329590e-01
1.309742629528045654e-01
5.156140774488449097e-02
4.516389966011047363e-02
2.217143326997756958e-01
1.023678760975599289e-02
1.905242651700973511e-01
7.025194168090820312e-02
1.544029116630554199e-01
1.688358187675476074e-01
9.169665575027465820e-01
8.929255008697509766e-01
2.522708475589752197e-01
3.276985883712768555e-02
8.771091699600219727e-02
8.839212656021118164e-01
9.191395640373229980e-01
1.274342685937881470e-01
4.157835245132446289e-02
5.602508783340454102e-01
1.650269925594329834e-01
1.667405217885971069e-01
8.592826128005981445e-01
3.799819052219390869e-01
8.381444960832595825e-02
9.046267718076705933e-02
1.922245919704437256e-01
9.459819644689559937e-02
2.665703929960727692e-02
9.967771172523498535e-01
9.990814924240112305e-01
4.548552259802818298e-02
2.544550597667694092e-02
9.810738265514373779e-02
8.318632096052169800e-02
5.116959661245346069e-02
4.996198788285255432e-02
2.328873574733734131e-01
2.645361982285976410e-02
3.167874515056610107e-01
4.831119477748870850e-01
3.629372641444206238e-02
8.812608122825622559e-01
2.712355554103851318e-01
8.862055838108062744e-02
4.025650024414062500e-02
5.491129755973815918e-01
9.965438246726989746e-01
1.612601615488529205e-02
1.084403395652770996e-01
8.585261553525924683e-02
7.055177539587020874e-02
1.197522953152656555e-01
6.895205974578857422e-01
7.619845867156982422e-02
8.852732181549072266e-02
1.738420277833938599e-01
1.138037815690040588e-01
8.889275789260864258e-02
7.180939614772796631e-02
2.323422133922576904e-01
4.788339510560035706e-02
3.638727962970733643e-02
9.260648488998413086e-02
6.354911625385284424e-02
5.260691791772842407e-02
6.640233099460601807e-02
6.692166626453399658e-02
3.646720200777053833e-02
4.647598788142204285e-02
4.003049805760383606e-02
7.870636135339736938e-02
7.324648648500442505e-02
9.418623894453048706e-02
9.950146824121475220e-02
1.651488691568374634e-01
3.312222659587860107e-01
7.389398664236068726e-02
8.665616065263748169e-02
4.054273292422294617e-02
2.428432740271091461e-02
1.414903700351715088e-01
1.574224829673767090e-01
2.409730851650238037e-02
7.290557026863098145e-02
2.510792315006256104e-01
7.753332704305648804e-02
1.589155495166778564e-01
1.138008907437324524e-01
5.911524221301078796e-02
5.603495612740516663e-02
5.619914457201957703e-02
3.872528672218322754e-02
6.639196723699569702e-02
1.430930048227310181e-01
1.834691464900970459e-01
1.821929067373275757e-01
6.134935617446899414e-01
1.959234923124313354e-01
4.044741764664649963e-02
2.891396731138229370e-02
2.958088815212249756e-01
3.167536258697509766e-01
1.308646351099014282e-01
1.184064969420433044e-01
1.347294896841049194e-01
8.887435495853424072e-02
9.137162566184997559e-01
9.570267200469970703e-01
5.737198144197463989e-02
1.917701363563537598e-01
5.147552490234375000e-02
6.587967276573181152e-02
6.884910166263580322e-02
2.352833189070224762e-02
7.345508784055709839e-02
2.305724620819091797e-01
5.391516089439392090e-01
3.397729620337486267e-02
2.455951832234859467e-02
3.079847097396850586e-01
1.648917347192764282e-01
7.282318919897079468e-02
3.653654456138610840e-02
1.673390343785285950e-02
6.055667623877525330e-02
2.820525467395782471e-01
9.817458689212799072e-02
3.356863260269165039e-01
9.999983310699462891e-01
8.569098711013793945e-01
7.196919322013854980e-01
1.204010769724845886e-01
5.786005407571792603e-02
7.034300267696380615e-02
7.595064491033554077e-02
2.860716283321380615e-01
5.029424652457237244e-02
3.569281846284866333e-02
5.778045952320098877e-02
1.325282603502273560e-01
4.620601534843444824e-01
2.978737652301788330e-01
6.627333909273147583e-02
3.603125363588333130e-02
7.615889608860015869e-02
7.549917697906494141e-02
9.431584924459457397e-02
1.286898553371429443e-01
2.742717415094375610e-02
9.147811532020568848e-01
9.496635794639587402e-01
6.921492516994476318e-02
9.444729983806610107e-02
5.996348708868026733e-02
7.668047398328781128e-02
2.933317422866821289e-02
4.091340601444244385e-01
3.402203619480133057e-01
9.409340023994445801e-01
7.504735887050628662e-02
6.671744585037231445e-02
4.219632595777511597e-02
1.531525850296020508e-01
9.859757125377655029e-02
4.341487213969230652e-02
3.923922404646873474e-02
1.358733773231506348e-01
6.998253464698791504e-01
6.306486576795578003e-02
7.163271307945251465e-02
8.783266693353652954e-02
3.009849973022937775e-02
1.067248508334159851e-01
3.956066817045211792e-02
3.888418674468994141e-01
1.291366070508956909e-01
1.638958454132080078e-01
9.772718697786331177e-02
4.818000644445419312e-02
1.799429357051849365e-01
2.024413794279098511e-01
8.720722049474716187e-02
1.670204102993011475e-02
4.262970983982086182e-01
4.984376430511474609e-01
7.292693108320236206e-02
2.341074943542480469e-01
2.618891298770904541e-01
9.093184471130371094e-01
9.973445534706115723e-01
9.539517164230346680e-01
1.662148088216781616e-01
1.308953762054443359e-01
8.085100352764129639e-02
2.307726740837097168e-01
1.482291333377361298e-02
6.828128546476364136e-02
9.165868163108825684e-01
9.965078234672546387e-01
8.969585597515106201e-02
6.261739134788513184e-02
3.514119237661361694e-02
1.255434602499008179e-01
5.711092427372932434e-02
5.690886452794075012e-02
7.297959178686141968e-02
5.430179834365844727e-02
1.967087984085083008e-01
3.562958240509033203e-01
1.236143633723258972e-01
7.925219088792800903e-02
6.395220160484313965e-01
2.441780269145965576e-01
4.086944088339805603e-02
8.136469125747680664e-02
2.759124338626861572e-01
4.614947140216827393e-01
5.773559808731079102e-01
1.307927537709474564e-02
9.846471250057220459e-03
5.055448412895202637e-01
3.563011288642883301e-01
3.032525442540645599e-02
2.844919450581073761e-02
1.447259485721588135e-01
2.169082462787628174e-01
1.767247468233108521e-01
2.324514091014862061e-01
1.523287147283554077e-01
4.743638634681701660e-02
1.113936007022857666e-01
1.321713328361511230e-01
7.127822935581207275e-02
5.293929949402809143e-02
9.976670742034912109e-01
6.030449867248535156e-01
8.650303632020950317e-02
1.182192713022232056e-01
6.141166761517524719e-02
2.212944254279136658e-02
5.718339234590530396e-02
4.462544992566108704e-02
2.177902758121490479e-01
4.512012749910354614e-02
7.634084820747375488e-01
3.923040628433227539e-02
8.956706523895263672e-02
9.174144268035888672e-02
7.415345311164855957e-02
8.722001314163208008e-01
9.925822019577026367e-01
1.526676714420318604e-01
2.012734115123748779e-01
5.490135401487350464e-02
2.758241072297096252e-02
6.661330908536911011e-02
8.670180290937423706e-02
4.260361939668655396e-02
1.253789961338043213e-01
6.968767642974853516e-01
7.455220073461532593e-02
8.955919742584228516e-02
9.430703520774841309e-02
1.322798579931259155e-01
1.205990985035896301e-01
8.405523747205734253e-02
3.429593741893768311e-01
8.651962131261825562e-02
4.343906342983245850e-01
1.566638201475143433e-01
5.649090930819511414e-02
2.140649110078811646e-01
2.232708632946014404e-01
1.278928816318511963e-01
1.061025187373161316e-01
6.402680277824401855e-02
1.355572789907455444e-01
2.146981097757816315e-02
5.152842402458190918e-02
7.647684216499328613e-02
1.136391833424568176e-01
1.178174391388893127e-01
7.971888035535812378e-02
1.854977905750274658e-01
2.916204929351806641e-01
6.511188745498657227e-01
1.830661296844482422e-01
2.376836910843849182e-02
5.868519470095634460e-02
3.260412067174911499e-02
6.829290837049484253e-02
3.439435362815856934e-02
8.357883244752883911e-02
9.383604675531387329e-02
6.951956748962402344e-01
2.378992140293121338e-01
3.328615799546241760e-02
9.606684744358062744e-02
1.239451840519905090e-01
2.237159460783004761e-01
3.513880074024200439e-02
1.891027539968490601e-01
9.020346403121948242e-01
1.851059049367904663e-01
8.118691295385360718e-02
3.668892383575439453e-02
1.037397384643554688e-01
3.126244619488716125e-02
7.379683852195739746e-02
1.145753785967826843e-01
3.844498097896575928e-02
2.995150685310363770e-01
9.024115800857543945e-01
8.547106385231018066e-01
1.397259980440139771e-01
1.691831462085247040e-02
1.505321860313415527e-01
6.283061206340789795e-02
7.453771680593490601e-02
7.211536169052124023e-02
4.001776278018951416e-01
8.123943209648132324e-02
6.734890490770339966e-02
5.351927131414413452e-02
2.146726846694946289e-01
6.857086420059204102e-01
1.140557900071144104e-01
7.475934028625488281e-01
6.285689473152160645e-01
7.100266218185424805e-02
3.863161057233810425e-02
3.898890689015388489e-02
9.733749032020568848e-01
1.180621162056922913e-01
3.792002424597740173e-02
8.993582427501678467e-02
4.899311438202857971e-02
2.719327062368392944e-02
2.611503936350345612e-02
5.673800781369209290e-02
1.465291231870651245e-01
1.048439666628837585e-01
3.525177761912345886e-02
5.801507830619812012e-02
1.140270382165908813e-01
9.033254534006118774e-02
1.147793307900428772e-01
6.476141512393951416e-02
7.457680255174636841e-02
7.534120678901672363e-01
6.110774874687194824e-01
6.770159602165222168e-01
2.124100923538208008e-01
9.959056377410888672e-01
4.376512765884399414e-01
3.531469404697418213e-01
1.468859165906906128e-01
8.717755973339080811e-02
1.732664555311203003e-01
3.674785420298576355e-02
1.092493832111358643e-01
6.300408393144607544e-02
1.771914400160312653e-02
7.606847584247589111e-02
7.344760745763778687e-02
5.879560485482215881e-02
5.042952671647071838e-02
1.087843924760818481e-01
3.740792870521545410e-01
5.115813016891479492e-02
5.220232531428337097e-02
5.911872163414955139e-02
4.925182461738586426e-02
4.630232229828834534e-02
6.927267462015151978e-02
9.497531503438949585e-02
1.392520517110824585e-01
2.365032397210597992e-02
1.834605783224105835e-01
2.304380387067794800e-01
4.022524878382682800e-02
6.994881033897399902e-01
5.580899119377136230e-01
8.476597815752029419e-02
4.732607305049896240e-02
7.211095094680786133e-01
7.082660198211669922e-01
2.916565164923667908e-02
2.279916554689407349e-01
8.660899847745895386e-02
1.125929132103919983e-01
5.694483220577239990e-02
1.197634935379028320e-01
1.303600370883941650e-01
9.278745204210281372e-02
7.363686710596084595e-02
8.942608833312988281e-01
9.990822076797485352e-01
5.616418123245239258e-01
8.631832152605056763e-02
1.216368451714515686e-01
2.262234129011631012e-02
1.428610384464263916e-01
5.906985700130462646e-02
4.242226779460906982e-01
4.138740524649620056e-02
1.235661879181861877e-01
7.235814630985260010e-02
9.588997960090637207e-01
5.580359697341918945e-01
1.414824426174163818e-01
9.981402754783630371e-02
2.064737677574157715e-01
2.279554158449172974e-01
1.425201911479234695e-02
4.306267201900482178e-02
5.432194843888282776e-02
4.162783920764923096e-02
5.651569962501525879e-01
6.449002027511596680e-01
7.236822694540023804e-02
7.730837166309356689e-02
2.990495599806308746e-02
5.646544694900512695e-02
7.478198409080505371e-01
4.524864852428436279e-01
4.184018447995185852e-02
9.375417977571487427e-02
6.871686577796936035e-01
1.353713870048522949e-01
9.694364070892333984e-01
9.930192828178405762e-01
2.518802508711814880e-02
9.523557126522064209e-02
8.415845781564712524e-02
2.174274995923042297e-02
4.323866218328475952e-02
1.257480233907699585e-01
6.039564311504364014e-02
3.280281648039817810e-02
5.940193776041269302e-03
2.272734344005584717e-01
1.531500816345214844e-01
3.404714539647102356e-02
1.159995645284652710e-01
7.532081007957458496e-02
2.682011388242244720e-02
5.078971982002258301e-01
8.765158057212829590e-02
2.910021319985389709e-02
1.388566195964813232e-01
2.542945928871631622e-02
1.467206627130508423e-01
1.035340204834938049e-01
2.474346384406089783e-02
9.735014289617538452e-02
1.489322930574417114e-01
1.458343565464019775e-01
5.409313365817070007e-02
1.181703135371208191e-01
3.239618241786956787e-02
2.300258427858352661e-01
1.842404454946517944e-01
9.659054130315780640e-02
7.845504581928253174e-02
3.726489543914794922e-01
8.342050909996032715e-01
1.454732716083526611e-01
1.129480227828025818e-01
1.099325343966484070e-01
3.736728131771087646e-01
3.016658127307891846e-02
2.789045684039592743e-02
4.653774201869964600e-02
3.956989198923110962e-02
6.607366353273391724e-02
2.927648723125457764e-01
9.999983310699462891e-01
8.970048427581787109e-01
5.769766867160797119e-02
2.553319036960601807e-01
1.423998028039932251e-01
2.061101421713829041e-02
1.171265840530395508e-01
1.864834278821945190e-01
2.152971178293228149e-01
7.893186807632446289e-02
1.301372200250625610e-01
3.070065081119537354e-01
1.192534193396568298e-01
9.978972673416137695e-01
3.441929444670677185e-02
