1.821929067373275757e-01
6.134935617446899414e-01
1.959234923124313354e-01
4.044741764664649963e-02
2.891396731138229370e-02
2.958088815212249756e-01
3.167536258697509766e-01
1.308646351099014282e-01
1.184064969420433044e-01
1.347294896841049194e-01
8.887435495853424072e-02
9.137162566184997559e-01
9.570267200469970703e-01
5.737198144197463989e-02
1.917701363563537598e-01
5.147552490234375000e-02
6.587967276573181152e-02
6.884910166263580322e-02
2.352833189070224762e-02
7.345508784055709839e-02
2.305724620819091797e-01
5.391516089439392090e-01
3.397729620337486267e-02
2.455951832234859467e-02
3.079847097396850586e-01
1.648917347192764282e-01
7.282318919897079468e-02
3.653654456138610840e-02
1.673390343785285950e-02
6.055667623877525330e-02
2.820525467395782471e-01
9.817458689212799072e-02
3.356863260269165039e-01
9.999983310699462891e-01
8.569098711013793945e-01
7.196919322013854980e-01
1.204010769724845886e-01
5.786005407571792603e-02
7.034300267696380615e-02
7.595064491033554077e-02
2.860716283321380615e-01
5.029424652457237244e-02
3.569281846284866333e-02
5.778045952320098877e-02
1.325282603502273560e-01
4.620601534843444824e-01
2.978737652301788330e-01
6.627333909273147583e-02
3.603125363588333130e-02
7.615889608860015869e-02
7.549917697906494141e-02
9.431584924459457397e-02
1.286898553371429443e-01
2.742717415094375610e-02
9.147811532020568848e-01
9.496635794639587402e-01
6.921492516994476318e-02
9.444729983806610107e-02
5.996348708868026733e-02
7.668047398328781128e-02
2.933317422866821289e-02
4.091340601444244385e-01
3.402203619480133057e-01
9.409340023994445801e-01
7.504735887050628662e-02
6.671744585037231445e-02
4.219632595777511597e-02
1.531525850296020508e-01
9.859757125377655029e-02
4.341487213969230652e-02
3.923922404646873474e-02
1.358733773231506348e-01
6.998253464698791504e-01
6.306486576795578003e-02
7.163271307945251465e-02
8.783266693353652954e-02
3.009849973022937775e-02
1.067248508334159851e-01
3.956066817045211792e-02
3.888418674468994141e-01
1.291366070508956909e-01
1.638958454132080078e-01
9.772718697786331177e-02
4.818000644445419312e-02
1.799429357051849365e-01
2.024413794279098511e-01
8.720722049474716187e-02
1.670204102993011475e-02
4.262970983982086182e-01
4.984376430511474609e-01
7.292693108320236206e-02
2.341074943542480469e-01
2.618891298770904541e-01
9.093184471130371094e-01
9.973445534706115723e-01
9.539517164230346680e-01
1.662148088216781616e-01
1.308953762054443359e-01
8.085100352764129639e-02
2.307726740837097168e-01
1.482291333377361298e-02
6.828128546476364136e-02
9.165868163108825684e-01
9.965078234672546387e-01
8.969585597515106201e-02
6.261739134788513184e-02
3.514119237661361694e-02
1.255434602499008179e-01
5.711092427372932434e-02
5.690886452794075012e-02
7.297959178686141968e-02
5.430179834365844727e-02
1.967087984085083008e-01
3.562958240509033203e-01
1.236143633723258972e-01
7.925219088792800903e-02
6.395220160484313965e-01
2.441780269145965576e-01
4.086944088339805603e-02
8.136469125747680664e-02
2.759124338626861572e-01
4.614947140216827393e-01
5.773559808731079102e-01
1.307927537709474564e-02
9.846471250057220459e-03
5.055448412895202637e-01
3.563011288642883301e-01
3.032525442540645599e-02
2.844919450581073761e-02
1.447259485721588135e-01
2.169082462787628174e-01
1.767247468233108521e-01
2.324514091014862061e-01
1.523287147283554077e-01
4.743638634681701660e-02
1.113936007022857666e-01
1.321713328361511230e-01
7.127822935581207275e-02
5.293929949402809143e-02
9.976670742034912109e-01
6.030449867248535156e-01
8.650303632020950317e-02
1.182192713022232056e-01
6.141166761517524719e-02
2.212944254279136658e-02
5.718339234590530396e-02
4.462544992566108704e-02
2.177902758121490479e-01
4.512012749910354614e-02
7.634084820747375488e-01
3.923040628433227539e-02
8.956706523895263672e-02
9.174144268035888672e-02
7.415345311164855957e-02
8.722001314163208008e-01
9.925822019577026367e-01
1.526676714420318604e-01
2.012734115123748779e-01
5.490135401487350464e-02
2.758241072297096252e-02
6.661330908536911011e-02
8.670180290937423706e-02
4.260361939668655396e-02
1.253789961338043213e-01
6.968767642974853516e-01
7.455220073461532593e-02
8.955919742584228516e-02
9.430703520774841309e-02
1.322798579931259155e-01
1.205990985035896301e-01
8.405523747205734253e-02
3.429593741893768311e-01
8.651962131261825562e-02
4.343906342983245850e-01
1.566638201475143433e-01
5.649090930819511414e-02
2.140649110078811646e-01
2.232708632946014404e-01
1.278928816318511963e-01
1.061025187373161316e-01
6.402680277824401855e-02
1.355572789907455444e-01
2.146981097757816315e-02
5.152842402458190918e-02
7.647684216499328613e-02
1.136391833424568176e-01
1.178174391388893127e-01
7.971888035535812378e-02
1.854977905750274658e-01
2.916204929351806641e-01
6.511188745498657227e-01
1.830661296844482422e-01
2.376836910843849182e-02
5.868519470095634460e-02
3.260412067174911499e-02
6.829290837049484253e-02
3.439435362815856934e-02
8.357883244752883911e-02
9.383604675531387329e-02
6.951956748962402344e-01
2.378992140293121338e-01
3.328615799546241760e-02
9.606684744358062744e-02
1.239451840519905090e-01
2.237159460783004761e-01
3.513880074024200439e-02
1.891027539968490601e-01
9.020346403121948242e-01
1.851059049367904663e-01
8.118691295385360718e-02
3.668892383575439453e-02
1.037397384643554688e-01
3.126244619488716125e-02
7.379683852195739746e-02
1.145753785967826843e-01
3.844498097896575928e-02
2.995150685310363770e-01
9.024115800857543945e-01
8.547106385231018066e-01
1.397259980440139771e-01
1.691831462085247040e-02
1.505321860313415527e-01
6.283061206340789795e-02
7.453771680593490601e-02
7.211536169052124023e-02
4.001776278018951416e-01
8.123943209648132324e-02
6.734890490770339966e-02
5.351927131414413452e-02
2.146726846694946289e-01
6.857086420059204102e-01
1.140557900071144104e-01
7.475934028625488281e-01
6.285689473152160645e-01
7.100266218185424805e-02
3.863161057233810425e-02
3.898890689015388489e-02
9.733749032020568848e-01
1.180621162056922913e-01
3.792002424597740173e-02
8.993582427501678467e-02
4.899311438202857971e-02
2.719327062368392944e-02
2.611503936350345612e-02
5.673800781369209290e-02
1.465291231870651245e-01
1.048439666628837585e-01
3.525177761912345886e-02
5.801507830619812012e-02
1.140270382165908813e-01
9.033254534006118774e-02
1.147793307900428772e-01
6.476141512393951416e-02
7.457680255174636841e-02
7.534120678901672363e-01
6.110774874687194824e-01
6.770159602165222168e-01
2.124100923538208008e-01
9.959056377410888672e-01
4.376512765884399414e-01
3.531469404697418213e-01
1.468859165906906128e-01
8.717755973339080811e-02
1.732664555311203003e-01
3.674785420298576355e-02
1.092493832111358643e-01
6.300408393144607544e-02
1.771914400160312653e-02
7.606847584247589111e-02
7.344760745763778687e-02
5.879560485482215881e-02
5.042952671647071838e-02
1.087843924760818481e-01
3.740792870521545410e-01
5.115813016891479492e-02
5.220232531428337097e-02
5.911872163414955139e-02
4.925182461738586426e-02
4.630232229828834534e-02
6.927267462015151978e-02
9.497531503438949585e-02
1.392520517110824585e-01
2.365032397210597992e-02
1.834605783224105835e-01
2.304380387067794800e-01
4.022524878382682800e-02
6.994881033897399902e-01
5.580899119377136230e-01
8.476597815752029419e-02
4.732607305049896240e-02
7.211095094680786133e-01
7.082660198211669922e-01
2.916565164923667908e-02
2.279916554689407349e-01
8.660899847745895386e-02
1.125929132103919983e-01
5.694483220577239990e-02
1.197634935379028320e-01
1.303600370883941650e-01
9.278745204210281372e-02
7.363686710596084595e-02
8.942608833312988281e-01
9.990822076797485352e-01
5.616418123245239258e-01
8.631832152605056763e-02
1.216368451714515686e-01
2.262234129011631012e-02
1.428610384464263916e-01
5.906985700130462646e-02
4.242226779460906982e-01
4.138740524649620056e-02
1.235661879181861877e-01
7.235814630985260010e-02
9.588997960090637207e-01
5.580359697341918945e-01
1.414824426174163818e-01
9.981402754783630371e-02
2.064737677574157715e-01
2.279554158449172974e-01
1.425201911479234695e-02
4.306267201900482178e-02
5.432194843888282776e-02
4.162783920764923096e-02
5.651569962501525879e-01
6.449002027511596680e-01
7.236822694540023804e-02
7.730837166309356689e-02
2.990495599806308746e-02
5.646544694900512695e-02
7.478198409080505371e-01
4.524864852428436279e-01
4.184018447995185852e-02
9.375417977571487427e-02
6.871686577796936035e-01
1.353713870048522949e-01
9.694364070892333984e-01
9.930192828178405762e-01
2.518802508711814880e-02
9.523557126522064209e-02
8.415845781564712524e-02
2.174274995923042297e-02
4.323866218328475952e-02
1.257480233907699585e-01
6.039564311504364014e-02
3.280281648039817810e-02
5.940193776041269302e-03
2.272734344005584717e-01
1.531500816345214844e-01
3.404714539647102356e-02
1.159995645284652710e-01
7.532081007957458496e-02
2.682011388242244720e-02
5.078971982002258301e-01
8.765158057212829590e-02
2.910021319985389709e-02
1.388566195964813232e-01
2.542945928871631622e-02
1.467206627130508423e-01
1.035340204834938049e-01
2.474346384406089783e-02
9.735014289617538452e-02
1.489322930574417114e-01
1.458343565464019775e-01
5.409313365817070007e-02
1.181703135371208191e-01
3.239618241786956787e-02
2.300258427858352661e-01
1.842404454946517944e-01
9.659054130315780640e-02
7.845504581928253174e-02
3.726489543914794922e-01
8.342050909996032715e-01
1.454732716083526611e-01
