8.923321217298507690e-02
1.469263732433319092e-01
5.129863321781158447e-02
9.887087345123291016e-02
8.443766832351684570e-01
2.148209959268569946e-01
4.240349531173706055e-01
1.358315944671630859e-01
1.330989003181457520e-01
1.366372555494308472e-01
1.253949403762817383e-01
8.172111213207244873e-02
4.993861913681030273e-02
3.621916472911834717e-02
6.135296821594238281e-02
3.589113056659698486e-02
8.636133372783660889e-02
9.289524704217910767e-02
5.743622779846191406e-01
5.893193483352661133e-01
8.944828808307647705e-02
5.895497277379035950e-02
6.118622422218322754e-02
8.949150890111923218e-02
3.753325343132019043e-02
8.575662970542907715e-02
3.528878465294837952e-02
1.174471154808998108e-02
3.361215814948081970e-02
5.155404284596443176e-02
9.659676253795623779e-02
3.605502098798751831e-02
2.217123657464981079e-01
1.764314919710159302e-01
1.436109840869903564e-01
1.025944650173187256e-01
5.571683868765830994e-02
8.883138746023178101e-02
4.595476388931274414e-02
2.949056215584278107e-02
2.792386896908283234e-02
8.909644931554794312e-02
4.151429608464241028e-02
4.775318130850791931e-02
1.126657426357269287e-01
5.924368277192115784e-02
2.175188437104225159e-02
1.318672765046358109e-02
7.139547169208526611e-02
1.694266051054000854e-01
1.146888658404350281e-01
5.595299229025840759e-02
1.628686487674713135e-01
1.201385781168937683e-01
1.456141378730535507e-02
7.386768609285354614e-02
8.236100524663925171e-02
5.897681787610054016e-02
6.469759345054626465e-02
9.999903440475463867e-01
5.174225196242332458e-02
7.641246169805526733e-02
1.370050162076950073e-01
5.256424844264984131e-02
6.589251011610031128e-02
5.665246024727821350e-02
6.690846383571624756e-02
4.188833236694335938e-01
1.685161143541336060e-02
7.437691558152437210e-03
1.893921010196208954e-02
7.531224191188812256e-02
7.818518579006195068e-02
6.344536691904067993e-02
3.264109417796134949e-02
1.170445308089256287e-01
2.751354500651359558e-02
6.283549219369888306e-02
3.163830935955047607e-02
5.825233086943626404e-02
1.237296499311923981e-02
1.609466411173343658e-02
4.250514321029186249e-03
5.058810487389564514e-02
3.464049696922302246e-01
7.695583999156951904e-02
7.870709896087646484e-02
5.550472810864448547e-02
2.570163272321224213e-02
1.229056566953659058e-01
6.522330641746520996e-02
1.173785850405693054e-01
1.915407031774520874e-01
7.727532833814620972e-02
7.661826163530349731e-02
1.472860425710678101e-01
9.477561712265014648e-02
5.789867043495178223e-01
8.117211461067199707e-01
8.717045933008193970e-02
2.148953266441822052e-02
7.021456211805343628e-02
1.017874553799629211e-01
4.499465599656105042e-02
1.141160652041435242e-01
2.628049850463867188e-01
7.542673498392105103e-02
2.788763865828514099e-02
6.242002546787261963e-02
1.100938394665718079e-01
9.414117783308029175e-02
8.017782866954803467e-02
6.623313575983047485e-02
6.462416797876358032e-02
2.586548402905464172e-02
3.091377019882202148e-01
2.001444846391677856e-01
5.338013544678688049e-02
8.098102360963821411e-02
1.629600822925567627e-01
6.388512998819351196e-02
4.855274856090545654e-01
3.041822016239166260e-01
9.345661848783493042e-02
8.005026727914810181e-02
3.141929581761360168e-02
5.203541833907365799e-03
1.250307541340589523e-02
1.190740913152694702e-01
6.530366092920303345e-02
7.001011073589324951e-02
6.265217810869216919e-02
3.345770016312599182e-02
4.609543085098266602e-02
4.724187031388282776e-02
4.795107245445251465e-02
1.150859817862510681e-01
9.226521104574203491e-02
3.375812619924545288e-02
1.213896572589874268e-01
9.309020638465881348e-02
5.347086787223815918e-01
2.693560421466827393e-01
2.545733936131000519e-02
3.148381039500236511e-02
1.516711059957742691e-02
5.454150214791297913e-02
2.390168011188507080e-01
4.710791409015655518e-01
2.510350942611694336e-01
5.336712300777435303e-02
3.376242145895957947e-02
8.453901857137680054e-02
1.968749016523361206e-01
3.556145727634429932e-01
7.085700333118438721e-02
6.057387962937355042e-02
7.807359844446182251e-02
6.826798897236585617e-03
7.840856909751892090e-02
6.422226876020431519e-02
1.201986744999885559e-01
7.433731853961944580e-02
7.985223084688186646e-02
1.409830152988433838e-01
7.531132549047470093e-02
5.061836913228034973e-02
2.785123586654663086e-01
3.503207117319107056e-02
1.916864514350891113e-02
1.250839233398437500e-02
3.741079196333885193e-02
2.780742943286895752e-01
3.710602968931198120e-02
9.325057268142700195e-02
7.306806743144989014e-02
4.057114943861961365e-02
2.613088786602020264e-01
1.328297704458236694e-01
2.725102007389068604e-01
9.570477157831192017e-02
9.297332912683486938e-02
3.731026127934455872e-02
8.588426560163497925e-02
4.557457864284515381e-01
6.379526108503341675e-02
7.616377621889114380e-02
9.826334565877914429e-02
1.980927735567092896e-01
2.215222083032131195e-02
2.762509509921073914e-02
2.767492830753326416e-02
4.453050345182418823e-02
1.706162095069885254e-01
3.439954295754432678e-02
7.015833258628845215e-02
9.204575419425964355e-02
4.443715140223503113e-02
6.049256771802902222e-02
4.496235400438308716e-02
1.624118238687515259e-01
1.558538824319839478e-01
5.765037238597869873e-02
5.553860589861869812e-02
7.514541503041982651e-03
1.005050446838140488e-02
3.774711489677429199e-02
9.521219879388809204e-02
2.369992434978485107e-02
1.000956725329160690e-02
7.880547642707824707e-02
4.774642735719680786e-02
1.431493181735277176e-02
4.489667341113090515e-02
7.301980257034301758e-02
1.261373460292816162e-01
1.299667451530694962e-02
1.239792350679636002e-02
9.069707989692687988e-02
3.305936977267265320e-02
1.056485474109649658e-01
3.974665701389312744e-02
1.049966067075729370e-01
6.491361558437347412e-02
6.458656489849090576e-02
4.531722962856292725e-01
6.607803702354431152e-01
9.434571117162704468e-02
6.480809301137924194e-02
5.808799341320991516e-02
8.594344556331634521e-02
7.651407271623611450e-02
1.574346423149108887e-02
1.565067097544670105e-02
9.398593753576278687e-02
1.046375259757041931e-01
1.602662205696105957e-01
5.044728145003318787e-02
9.866820275783538818e-02
2.384537272155284882e-02
9.757220000028610229e-02
7.026387006044387817e-02
1.005610674619674683e-01
4.225869476795196533e-02
7.443599402904510498e-02
1.006115004420280457e-01
1.079466864466667175e-01
5.861617624759674072e-02
6.223672255873680115e-02
9.287732839584350586e-02
6.557170301675796509e-02
4.786989465355873108e-02
8.339339494705200195e-02
1.411651819944381714e-01
2.971585467457771301e-02
4.231763258576393127e-02
7.537189871072769165e-02
7.169741392135620117e-02
1.669448763132095337e-01
4.548561573028564453e-02
1.950109452009201050e-01
4.258862435817718506e-01
6.665160506963729858e-02
3.383040130138397217e-01
2.752957642078399658e-01
8.379394561052322388e-02
3.425958380103111267e-02
1.082185208797454834e-01
3.958443403244018555e-01
1.401251703500747681e-01
3.813734650611877441e-02
2.371897362172603607e-02
1.393653638660907745e-02
5.810990184545516968e-02
1.379105150699615479e-01
1.810909621417522430e-02
2.522638142108917236e-01
3.223764523863792419e-02
1.038666889071464539e-01
9.352874755859375000e-02
5.366181582212448120e-02
3.279138728976249695e-02
3.406578674912452698e-02
1.071963272988796234e-02
5.516463890671730042e-02
1.267452836036682129e-01
8.437689393758773804e-02
4.293231666088104248e-02
9.657543897628784180e-02
5.825189873576164246e-02
8.438003063201904297e-02
7.193252444267272949e-02
1.275757886469364166e-02
5.575125664472579956e-02
9.696729481220245361e-02
3.318274393677711487e-02
4.467483609914779663e-02
2.290496230125427246e-02
2.072406560182571411e-02
1.629453003406524658e-01
6.473830342292785645e-02
6.881785392761230469e-02
3.590612486004829407e-02
8.370960503816604614e-02
1.145798340439796448e-01
3.768073767423629761e-02
9.768090397119522095e-02
2.180366031825542450e-02
5.390275642275810242e-02
4.790257290005683899e-02
8.458647131919860840e-02
3.643838316202163696e-02
9.304758161306381226e-02
3.354587405920028687e-02
5.742872878909111023e-02
8.883262425661087036e-02
9.124152362346649170e-02
7.042960077524185181e-02
8.189431577920913696e-02
1.687357425689697266e-01
1.042465195059776306e-01
4.130998626351356506e-02
5.810690298676490784e-02
6.880239397287368774e-02
1.185592040419578552e-01
6.720802932977676392e-02
8.611600846052169800e-02
1.952579319477081299e-01
1.488351225852966309e-01
2.288349568843841553e-01
1.323063820600509644e-01
3.599305078387260437e-02
1.013089716434478760e-01
4.616090282797813416e-02
1.686478406190872192e-01
8.807958662509918213e-02
9.806840121746063232e-02
8.650600165128707886e-02
7.852209359407424927e-02
1.121544837951660156e-01
5.796235054731369019e-02
6.099668890237808228e-02
7.435739785432815552e-02
6.509387493133544922e-02
1.212129369378089905e-02
3.999767452478408813e-02
4.933074861764907837e-02
5.000349134206771851e-02
6.966022402048110962e-02
3.803925216197967529e-02
7.317361235618591309e-02
7.636872678995132446e-02
1.650383323431015015e-01
7.297298312187194824e-02
1.335371583700180054e-01
7.567476481199264526e-02
1.037274822592735291e-01
1.673037111759185791e-01
7.854845374822616577e-02
4.531303048133850098e-02
1.103996485471725464e-01
5.281262472271919250e-02
1.193934679031372070e-01
6.156243756413459778e-02
1.369726508855819702e-01
1.392532885074615479e-01
7.299233227968215942e-02
8.147933334112167358e-02
7.438526749610900879e-01
1.592686921358108521e-01
3.180270493030548096e-01
6.900037527084350586e-01
1.061171069741249084e-01
1.241107806563377380e-01
7.039966583251953125e-01
2.456597983837127686e-01
6.751675903797149658e-02
6.798833608627319336e-02
7.286088913679122925e-02
5.747845023870468140e-02
3.392473980784416199e-02
1.085791587829589844e-01
1.062373891472816467e-01
4.865151941776275635e-01
7.363792657852172852e-01
5.569953098893165588e-02
3.961030244827270508e-01
9.933667778968811035e-01
1.094395741820335388e-01
7.418823987245559692e-02
2.720382437109947205e-02
8.511235006153583527e-03
1.133829448372125626e-02
4.377621412277221680e-02
1.162164062261581421e-01
4.317019581794738770e-01
4.127093032002449036e-02
1.398407295346260071e-02
4.689759388566017151e-02
8.784716576337814331e-02
1.945372074842453003e-01
5.122430995106697083e-02
7.688844203948974609e-02
1.575559526681900024e-01
9.892192482948303223e-02
5.771797150373458862e-02
4.129489883780479431e-02
8.817764371633529663e-02
2.074194997549057007e-01
8.865425735712051392e-02
5.417966842651367188e-01
4.620117545127868652e-01
5.937353894114494324e-02
7.457808405160903931e-02
7.192421704530715942e-02
4.141480103135108948e-02
6.330844014883041382e-02
5.803519114851951599e-02
1.423911601305007935e-01
4.583777859807014465e-02
3.066367469727993011e-02
5.596570298075675964e-02
2.283441126346588135e-01
4.176642745733261108e-02
6.393316388130187988e-02
6.860626488924026489e-02
3.292505443096160889e-02
4.982731118798255920e-02
7.883454114198684692e-02
2.682712972164154053e-01
3.135213553905487061e-01
1.134910210967063904e-01
8.357286453247070312e-02
3.748330473899841309e-02
1.131534948945045471e-01
3.900615870952606201e-02
1.840201392769813538e-02
1.502014417201280594e-02
2.014233544468879700e-02
2.774139493703842163e-02
6.326342225074768066e-01
9.728088229894638062e-02
5.984017848968505859e-01
1.627199202775955200e-01
8.572714030742645264e-02
6.183448061347007751e-02
5.317450687289237976e-02
3.769986703991889954e-02
8.299537748098373413e-02
1.016156449913978577e-01
4.590847343206405640e-02
1.582276225090026855e-01
3.242562711238861084e-02
8.237680792808532715e-02
7.730925083160400391e-02
7.269327342510223389e-02
4.028722047805786133e-01
2.850525081157684326e-01
1.510253995656967163e-01
2.627385556697845459e-01
2.263813465833663940e-02
1.195971891283988953e-01
5.563157796859741211e-02
8.331371843814849854e-02
6.802976131439208984e-02
1.377330869436264038e-01
1.542070806026458740e-01
1.816416680812835693e-01
7.807137072086334229e-02
1.001610681414604187e-01
6.062526255846023560e-02
3.243892267346382141e-02
6.476318091154098511e-02
6.230686977505683899e-02
5.581988766789436340e-02
2.141359262168407440e-02
4.532996937632560730e-02
3.565274551510810852e-02
9.242562949657440186e-02
1.088096052408218384e-01
1.325467675924301147e-01
9.231100231409072876e-02
4.079789295792579651e-02
2.270503155887126923e-02
2.554270811378955841e-02
2.082313969731330872e-02
4.393471032381057739e-02
4.232979193329811096e-02
9.162791073322296143e-02
7.617654651403427124e-02
6.448479741811752319e-02
1.132404729723930359e-01
4.829969257116317749e-02
6.266640126705169678e-02
5.689549446105957031e-02
1.834517419338226318e-01
7.572898268699645996e-02
7.722641527652740479e-02
1.160520389676094055e-01
3.977725282311439514e-02
7.997111082077026367e-01
2.091045379638671875e-01
4.643983393907546997e-02
7.303300499916076660e-02
7.228046655654907227e-02
4.932340234518051147e-02
7.198937237262725830e-02
7.253049314022064209e-02
2.217891067266464233e-02
4.016644135117530823e-02
1.896559074521064758e-02
9.999260902404785156e-01
3.317840024828910828e-02
9.789378196001052856e-02
5.786955729126930237e-02
1.548155695199966431e-01
3.549104183912277222e-02
6.164288148283958435e-02
7.466340065002441406e-02
1.350242197513580322e-01
1.068644374608993530e-01
1.300480514764785767e-01
1.848226599395275116e-02
1.545382849872112274e-02
4.341763630509376526e-02
1.070634201169013977e-01
8.886145800352096558e-02
7.860542088747024536e-02
5.498354509472846985e-02
5.820497497916221619e-02
5.250430479645729065e-02
3.662005811929702759e-02
2.693093717098236084e-01
6.157443523406982422e-01
7.479012012481689453e-01
6.012231484055519104e-02
5.958351865410804749e-02
1.445361375808715820e-01
1.322707831859588623e-01
8.572542667388916016e-02
1.141093019396066666e-02
1.622631400823593140e-02
4.390734806656837463e-02
6.020091846585273743e-02
5.291637778282165527e-02
2.549264132976531982e-01
4.682193696498870850e-02
1.407153904438018799e-01
6.418540328741073608e-02
7.125138491392135620e-02
1.170577853918075562e-01
5.458968281745910645e-01
7.690931111574172974e-02
3.571412712335586548e-02
7.505694776773452759e-02
6.893520802259445190e-02
1.081481017172336578e-02
1.701747253537178040e-02
4.198878258466720581e-02
1.185237690806388855e-01
2.088014036417007446e-01
6.062809377908706665e-02
7.278359681367874146e-02
6.658974289894104004e-02
4.906931892037391663e-02
7.421523332595825195e-02
3.804969191551208496e-01
4.203526079654693604e-01
4.300157353281974792e-02
1.272665858268737793e-01
8.124471455812454224e-02
5.865427851676940918e-02
9.340357780456542969e-02
5.136654525995254517e-02
3.017322346568107605e-02
3.074182271957397461e-01
9.678573906421661377e-02
4.970890656113624573e-02
7.814881205558776855e-02
1.113640442490577698e-01
7.561771571636199951e-02
7.369065284729003906e-01
2.933477759361267090e-01
3.720464557409286499e-02
2.904577925801277161e-02
1.200069114565849304e-01
5.081133916974067688e-02
9.763611853122711182e-02
4.806652292609214783e-02
9.669910371303558350e-02
6.154711544513702393e-02
3.643673658370971680e-02
7.097884267568588257e-02
8.027034997940063477e-02
3.612659126520156860e-02
4.143612831830978394e-02
7.560503482818603516e-02
5.896216258406639099e-02
1.567891687154769897e-01
9.184705018997192383e-01
8.573876023292541504e-01
5.642810091376304626e-02
4.610223770141601562e-01
1.216077283024787903e-01
4.980217665433883667e-02
2.564131096005439758e-02
1.203455701470375061e-01
4.731921479105949402e-02
2.340685576200485229e-02
3.944345936179161072e-02
4.473256692290306091e-02
1.157214120030403137e-02
4.366312548518180847e-02
6.388147920370101929e-02
5.703992210328578949e-03
5.996730178594589233e-02
1.000957340002059937e-01
4.426317289471626282e-02
3.128390759229660034e-02
7.454828917980194092e-02
7.307989895343780518e-02
7.424762845039367676e-02
1.903931200504302979e-01
4.944220930337905884e-02
1.264083683490753174e-01
5.647432804107666016e-02
6.535556167364120483e-02
1.908934861421585083e-02
1.878899149596691132e-02
7.325668632984161377e-02
4.514666497707366943e-01
3.044455349445343018e-01
1.102207675576210022e-01
7.387311458587646484e-01
6.302382349967956543e-01
2.739669568836688995e-02
9.564822167158126831e-02
6.758177280426025391e-02
1.062094345688819885e-01
5.330348759889602661e-02
4.944963753223419189e-02
5.596597865223884583e-02
3.011287562549114227e-02
7.235663384199142456e-02
8.703487366437911987e-02
4.342405498027801514e-02
1.075596287846565247e-01
5.469987168908119202e-02
1.541442424058914185e-01
2.822062671184539795e-01
1.004347484558820724e-02
1.493132580071687698e-02
5.289623513817787170e-02
9.525640308856964111e-02
5.420161411166191101e-02
5.554395914077758789e-02
9.570155292749404907e-02
5.407883599400520325e-02
1.743406504392623901e-01
7.355484366416931152e-02
2.961421608924865723e-01
1.312514543533325195e-01
6.764150410890579224e-02
8.182571828365325928e-02
7.334363460540771484e-02
9.193219989538192749e-02
1.795072853565216064e-02
1.343161612749099731e-01
1.882325261831283569e-01
6.755268573760986328e-02
2.284023761749267578e-01
2.390940301120281219e-02
1.151364520192146301e-01
5.633373185992240906e-02
5.707184597849845886e-02
7.331438362598419189e-02
3.423486277461051941e-02
5.390688776969909668e-02
2.187198549509048462e-01
5.269361138343811035e-01
1.151185035705566406e-01
7.548970729112625122e-02
1.024946197867393494e-01
9.716694056987762451e-02
1.199235767126083374e-02
1.543844677507877350e-02
3.712564334273338318e-02
3.860491514205932617e-02
3.632739186286926270e-01
9.563962370157241821e-02
8.250074088573455811e-02
9.381233155727386475e-02
7.973942160606384277e-02
6.574405729770660400e-02
5.145820602774620056e-02
1.114285066723823547e-01
6.996655464172363281e-02
1.139179244637489319e-01
2.093175798654556274e-01
1.166177019476890564e-01
8.436923474073410034e-02
8.334130793809890747e-02
2.246548607945442200e-02
7.303676009178161621e-02
2.671046182513237000e-02
3.307652100920677185e-02
1.695847064256668091e-01
2.656801231205463409e-02
4.228937998414039612e-02
1.921784132719039917e-02
4.103419557213783264e-02
3.921427950263023376e-02
4.931441321969032288e-02
1.684425026178359985e-02
6.316266953945159912e-02
8.383609354496002197e-02
5.233622789382934570e-01
1.681188791990280151e-01
1.140802800655364990e-01
8.636779338121414185e-02
9.871455281972885132e-02
1.215967833995819092e-01
1.182859167456626892e-01
1.117501258850097656e-01
5.824146047234535217e-02
1.521219164133071899e-01
1.073515117168426514e-01
6.977042555809020996e-02
9.911196827888488770e-01
9.997411370277404785e-01
9.910004734992980957e-01
8.745030313730239868e-02
8.919956535100936890e-02
1.521484255790710449e-01
1.417636126279830933e-01
7.373112440109252930e-02
7.282127439975738525e-02
8.506040275096893311e-02
8.453981578350067139e-02
1.710152626037597656e-01
1.310488283634185791e-01
5.473604425787925720e-02
7.929990440607070923e-02
6.898210942745208740e-02
3.534550964832305908e-02
8.020876348018646240e-02
3.733193501830101013e-02
2.997519634664058685e-02
3.564440086483955383e-02
1.149249076843261719e-01
6.459823250770568848e-02
4.356250166893005371e-01
5.497575998306274414e-01
1.373131871223449707e-01
5.535972118377685547e-02
4.697002097964286804e-02
4.393074288964271545e-02
5.887183919548988342e-02
1.223478093743324280e-01
1.977510936558246613e-02
1.054144948720932007e-01
4.160610213875770569e-02
7.509997487068176270e-02
4.172339290380477905e-02
7.381474971771240234e-02
2.434371039271354675e-02
9.264118969440460205e-02
1.202203705906867981e-01
5.976442247629165649e-02
6.487258523702621460e-02
5.505279824137687683e-02
6.546906381845474243e-02
1.999148912727832794e-02
2.181756645441055298e-01
5.060209035873413086e-01
1.346905529499053955e-01
4.605637490749359131e-02
8.159098774194717407e-02
7.260780781507492065e-02
2.314808815717697144e-01
2.044372111558914185e-01
9.094649553298950195e-02
1.423702687025070190e-01
7.453190535306930542e-02
8.675564080476760864e-02
3.297700360417366028e-02
5.672701075673103333e-02
1.260525286197662354e-01
1.085259616374969482e-01
7.557574659585952759e-02
3.713485598564147949e-02
1.096183136105537415e-01
1.596425622701644897e-01
2.999908626079559326e-01
1.633776277303695679e-01
4.863667488098144531e-02
2.037762701511383057e-01
3.240643814206123352e-02
5.675959214568138123e-02
5.402553081512451172e-02
1.322488486766815186e-01
8.471268415451049805e-02
4.688007012009620667e-02
1.205172762274742126e-01
1.503717452287673950e-01
6.836248189210891724e-02
8.891914039850234985e-02
6.437096744775772095e-02
5.228835344314575195e-02
1.887580305337905884e-01
9.535225480794906616e-02
5.905839428305625916e-02
1.016029119491577148e-01
4.147203266620635986e-02
4.261396080255508423e-02
3.377253934741020203e-02
8.024516701698303223e-02
1.044376268982887268e-01
8.660734295845031738e-01
7.701051831245422363e-01
8.693469762802124023e-01
9.381512403488159180e-01
1.310479640960693359e-01
6.774102896451950073e-02
1.186668649315834045e-01
2.705894112586975098e-01
2.604928016662597656e-01
8.161003887653350830e-02
8.057680726051330566e-02
5.804639682173728943e-02
4.912687838077545166e-02
3.493561595678329468e-02
2.446116693317890167e-02
4.366636276245117188e-02
5.755088478326797485e-02
6.037351489067077637e-02
1.512156277894973755e-01
5.307076871395111084e-02
6.398729234933853149e-02
1.604605317115783691e-01
9.180448204278945923e-02
9.065046906471252441e-02
1.016492843627929688e-01
1.926392018795013428e-01
5.600210279226303101e-02
5.601198598742485046e-02
6.181016936898231506e-02
8.567053824663162231e-02
6.519054621458053589e-02
8.088394254446029663e-02
5.059312582015991211e-01
4.495023563504219055e-02
3.371364772319793701e-01
4.951042681932449341e-02
5.392890423536300659e-02
2.516960911452770233e-02
5.235605686902999878e-02
6.611288338899612427e-02
3.062648139894008636e-02
7.529150694608688354e-02
8.126641064882278442e-02
5.542516335844993591e-02
6.365953385829925537e-02
5.529642850160598755e-02
5.455722287297248840e-02
9.622528403997421265e-02
7.227375358343124390e-02
2.013149857521057129e-01
1.327040642499923706e-01
7.165522873401641846e-02
5.467526614665985107e-03
2.227596007287502289e-02
4.646427556872367859e-02
3.438305482268333435e-02
3.265595063567161560e-02
5.388962477445602417e-02
8.837647736072540283e-02
7.916750758886337280e-02
2.148935794830322266e-01
1.236519664525985718e-01
3.476480022072792053e-02
1.046093367040157318e-02
1.787627488374710083e-01
2.297983765602111816e-01
1.816969923675060272e-02
5.515840649604797363e-02
8.645825088024139404e-02
2.058940529823303223e-01
4.272242486476898193e-01
8.310437202453613281e-02
3.002769052982330322e-01
8.872587233781814575e-02
2.055956423282623291e-01
4.556193575263023376e-02
7.289398461580276489e-02
1.935516744852066040e-01
5.770445987582206726e-02
7.364397495985031128e-02
4.562439024448394775e-01
8.430490642786026001e-02
1.153379157185554504e-01
1.974301040172576904e-02
3.045694902539253235e-02
4.022639989852905273e-02
6.378426402807235718e-02
4.024153575301170349e-02
8.836435526609420776e-02
8.517473936080932617e-02
5.698660016059875488e-02
8.642259240150451660e-02
5.421367660164833069e-02
8.934224396944046021e-02
9.199198335409164429e-02
7.850071787834167480e-02
9.122140705585479736e-02
1.995151676237583160e-02
2.306354045867919922e-02
2.122820727527141571e-02
9.349418431520462036e-02
7.804291695356369019e-02
6.389939785003662109e-02
4.040314555168151855e-01
6.208269596099853516e-01
4.051892459392547607e-02
3.845350444316864014e-02
6.440372765064239502e-02
3.181821480393409729e-02
1.674545407295227051e-01
6.240971013903617859e-02
1.183969378471374512e-01
8.000025153160095215e-01
7.923344373703002930e-01
3.955251723527908325e-02
9.725181013345718384e-02
1.015890911221504211e-01
1.174315363168716431e-01
7.384025454521179199e-01
7.088754773139953613e-01
9.680289030075073242e-02
9.157174825668334961e-02
8.325660973787307739e-02
3.691775351762771606e-02
9.855640679597854614e-02
1.139336675405502319e-01
3.807213902473449707e-01
6.080153584480285645e-01
4.515959322452545166e-02
4.620670527219772339e-02
6.554658710956573486e-02
6.355929374694824219e-02
7.338915020227432251e-02
4.103839024901390076e-02
2.561346292495727539e-01
6.545582413673400879e-01
5.787745863199234009e-02
2.967618107795715332e-01
9.425136446952819824e-01
2.663331478834152222e-02
7.202143222093582153e-02
2.155798971652984619e-01
4.250970110297203064e-02
5.639132857322692871e-02
7.585291564464569092e-02
1.174821108579635620e-01
2.797408215701580048e-02
2.631465159356594086e-02
3.767603635787963867e-02
2.518049813807010651e-02
7.264799624681472778e-02
6.935737282037734985e-02
8.375784009695053101e-02
2.750452794134616852e-02
1.142091080546379089e-01
1.042061373591423035e-01
1.175971850752830505e-01
2.027512937784194946e-01
6.940809637308120728e-02
6.731411069631576538e-02
7.386197894811630249e-02
9.999938011169433594e-01
9.971203804016113281e-01
7.906235009431838989e-02
2.248635888099670410e-01
7.046507298946380615e-02
2.930133603513240814e-02
2.167810052633285522e-01
3.956085443496704102e-01
7.954697310924530029e-02
1.366236358880996704e-01
9.014941751956939697e-02
7.574442028999328613e-02
3.436065837740898132e-02
9.858272969722747803e-03
1.782755181193351746e-02
1.178202554583549500e-01
4.638335108757019043e-02
6.159320473670959473e-02
6.991555541753768921e-02
3.777743503451347351e-02
4.013939201831817627e-02
7.216911017894744873e-02
4.041966423392295837e-02
1.599048525094985962e-01
1.304894238710403442e-01
1.836686730384826660e-01
2.159538492560386658e-02
4.490501806139945984e-02
5.874132364988327026e-02
9.866353869438171387e-01
3.049954399466514587e-02
8.530965447425842285e-02
4.444517940282821655e-02
1.065590530633926392e-01
7.592772692441940308e-02
1.198384314775466919e-01
1.191982179880142212e-01
6.489067524671554565e-02
8.159522712230682373e-02
7.583063095808029175e-03
4.337083175778388977e-02
6.102538481354713440e-02
3.125441074371337891e-02
5.116554722189903259e-02
4.934026300907135010e-02
8.486913144588470459e-02
1.603146046400070190e-01
7.792326807975769043e-02
4.174620658159255981e-02
3.548629954457283020e-02
5.060943216085433960e-02
9.031630307435989380e-02
9.759562462568283081e-02
3.677693009376525879e-02
5.908774584531784058e-02
4.259052500128746033e-02
2.919762022793292999e-02
9.627696126699447632e-02
9.503197856247425079e-03
7.624442130327224731e-02
2.045477479696273804e-01
1.918648779392242432e-01
1.058144196867942810e-01
5.989138782024383545e-02
5.561190471053123474e-02
4.071694612503051758e-01
5.263608098030090332e-01
1.003468781709671021e-01
1.388825774192810059e-01
4.133011102676391602e-01
6.484463065862655640e-02
7.881535589694976807e-02
8.159454911947250366e-02
8.943889290094375610e-02
5.729285627603530884e-02
8.863498270511627197e-02
5.113147199153900146e-02
1.795947104692459106e-01
6.222559139132499695e-02
1.046624332666397095e-01
2.816545404493808746e-02
5.514213070273399353e-02
4.253983125090599060e-02
4.635758325457572937e-02
5.903980508446693420e-02
4.088356345891952515e-02
7.332005351781845093e-02
1.134025603532791138e-01
9.326605498790740967e-02
5.522244423627853394e-02
3.348144888877868652e-01
2.856589555740356445e-01
5.206996574997901917e-02
2.310822345316410065e-02
5.296082794666290283e-02
9.245771914720535278e-02
6.219273433089256287e-02
9.293647855520248413e-02
4.915362596511840820e-02
1.201922595500946045e-01
6.343146413564682007e-02
8.213656544685363770e-01
9.918347597122192383e-01
1.019133403897285461e-01
5.672374740242958069e-02
6.049191206693649292e-02
7.439472526311874390e-02
1.195660680532455444e-01
4.421875625848770142e-02
2.122142612934112549e-01
1.115551516413688660e-01
5.855118110775947571e-02
8.088771998882293701e-02
3.209531307220458984e-01
5.358723178505897522e-02
7.440242171287536621e-02
1.821550428867340088e-01
1.111856624484062195e-01
4.513540267944335938e-01
8.037152886390686035e-02
5.557249858975410461e-02
4.057089984416961670e-02
6.158970296382904053e-02
5.003860220313072205e-02
5.262323096394538879e-02
3.131072595715522766e-02
2.807877771556377411e-02
2.533964812755584717e-02
5.608115717768669128e-02
5.964493751525878906e-02
9.584446996450424194e-02
7.782503217458724976e-02
3.688213229179382324e-02
3.471267521381378174e-01
1.052031517028808594e-01
5.438891798257827759e-02
4.023138806223869324e-02
1.118999347090721130e-01
5.616924539208412170e-02
1.158960014581680298e-01
1.950828731060028076e-01
1.120031699538230896e-01
1.148070320487022400e-01
6.153428554534912109e-02
1.679163277149200439e-01
9.979948997497558594e-01
9.959467053413391113e-01
6.207940354943275452e-02
5.049170851707458496e-01
1.586033403873443604e-01
1.251960098743438721e-01
5.659534409642219543e-02
8.393780142068862915e-02
4.930436611175537109e-02
5.320738255977630615e-02
1.332266926765441895e-01
2.599661350250244141e-01
5.691819265484809875e-02
6.924053281545639038e-02
1.288813203573226929e-01
9.472438693046569824e-02
5.426927655935287476e-02
4.037824273109436035e-01
2.475224733352661133e-01
5.566164478659629822e-02
3.794927895069122314e-02
1.909437477588653564e-01
3.830788284540176392e-02
5.737448483705520630e-02
1.037915349006652832e-01
7.845555990934371948e-02
6.666883081197738647e-02
3.119769990444183350e-01
2.489392831921577454e-02
9.537680447101593018e-02
5.243991687893867493e-02
5.274232849478721619e-02
9.571485966444015503e-02
2.451989203691482544e-01
4.477849602699279785e-02
4.685742408037185669e-02
3.706102818250656128e-02
7.659056782722473145e-02
9.939164519309997559e-01
9.997211098670959473e-01
6.984287500381469727e-02
4.873098433017730713e-02
2.736752480268478394e-02
2.773819118738174438e-02
2.853111177682876587e-02
5.642065033316612244e-02
1.069622784852981567e-01
7.827145606279373169e-02
3.263840451836585999e-02
9.588254988193511963e-02
3.890448436141014099e-02
6.415805965662002563e-02
3.728540241718292236e-02
1.406359970569610596e-01
5.550642684102058411e-02
7.310119271278381348e-02
8.272086083889007568e-02
9.925213456153869629e-02
1.279486417770385742e-01
1.629186719655990601e-01
1.297269612550735474e-01
6.679253280162811279e-02
2.741850353777408600e-02
7.652058452367782593e-02
3.157370388507843018e-01
3.860460221767425537e-02
8.104261010885238647e-02
5.022962763905525208e-02
4.752289876341819763e-02
5.334334075450897217e-02
1.208910122513771057e-01
9.241288900375366211e-02
1.135151758790016174e-01
4.119235277175903320e-02
9.081526100635528564e-02
5.374675244092941284e-02
5.602604150772094727e-02
4.987432062625885010e-02
1.045812740921974182e-01
8.075151592493057251e-02
6.336907297372817993e-02
4.300007224082946777e-02
1.066996231675148010e-01
1.180221438407897949e-01
7.931804656982421875e-02
6.590664386749267578e-02
1.360658556222915649e-01
3.762795403599739075e-02
1.411624550819396973e-01
8.674474060535430908e-02
6.134724244475364685e-02
8.152911067008972168e-02
5.038303136825561523e-02
8.304080963134765625e-01
1.548208743333816528e-01
5.299597233533859253e-02
6.484821438789367676e-02
5.680506303906440735e-02
6.493887305259704590e-02
1.139469146728515625e-01
4.182992875576019287e-02
1.314881742000579834e-01
4.414565116167068481e-02
6.464463472366333008e-02
2.555420100688934326e-01
1.441924721002578735e-01
5.265431478619575500e-02
6.024956703186035156e-02
8.484839648008346558e-02
1.636684834957122803e-01
7.751613855361938477e-02
4.742377251386642456e-02
1.249511465430259705e-01
1.278142482042312622e-01
6.626360863447189331e-02
3.078894317150115967e-01
1.333901137113571167e-01
1.033848822116851807e-01
7.952220737934112549e-02
4.025997221469879150e-02
1.477362662553787231e-01
3.387440741062164307e-02
7.111952453851699829e-02
7.203564792871475220e-02
6.285113841295242310e-02
3.010553866624832153e-02
2.283926866948604584e-02
4.390935972332954407e-02
4.300215095281600952e-02
8.386726677417755127e-02
6.375695019960403442e-02
1.106842234730720520e-02
2.208803966641426086e-02
1.172837335616350174e-02
4.105718806385993958e-02
2.144255489110946655e-01
6.519131362438201904e-02
9.530365467071533203e-02
3.123662434518337250e-02
4.790882766246795654e-02
2.128105461597442627e-01
4.572046548128128052e-02
4.739023447036743164e-01
2.906664647161960602e-02
6.528976559638977051e-02
5.258430913090705872e-02
5.104255676269531250e-02
2.200886607170104980e-02
5.570522695779800415e-02
8.324680477380752563e-02
1.280295401811599731e-01
7.723949849605560303e-02
9.109962731599807739e-02
9.032547473907470703e-02
1.297843307256698608e-01
1.265691369771957397e-01
7.048206776380538940e-02
1.493677645921707153e-01
9.262420237064361572e-02
5.143380910158157349e-02
1.171202287077903748e-01
2.010268419981002808e-01
2.409546375274658203e-01
3.312344849109649658e-01
7.604036480188369751e-02
9.996695816516876221e-02
7.930404692888259888e-02
3.749678656458854675e-02
6.878595799207687378e-02
1.506821513175964355e-01
3.066805005073547363e-01
6.182605773210525513e-02
3.349241986870765686e-02
1.141246333718299866e-01
7.419443726539611816e-01
8.670802712440490723e-01
7.553867250680923462e-02
2.134459763765335083e-01
8.882096409797668457e-02
7.768940329551696777e-01
9.362349510192871094e-01
1.819996535778045654e-01
9.976212680339813232e-02
4.244821891188621521e-02
1.268651485443115234e-01
4.756249487400054932e-02
2.649471163749694824e-01
8.915425091981887817e-02
7.171136140823364258e-02
4.455588385462760925e-02
6.587920337915420532e-02
1.526801586151123047e-01
2.268137633800506592e-01
8.617099374532699585e-02
2.857780084013938904e-02
3.545342758297920227e-02
1.377032548189163208e-01
1.002333164215087891e-01
8.989122509956359863e-02
4.944702610373497009e-02
1.482494473457336426e-01
2.222581207752227783e-02
1.989504992961883545e-01
1.342520117759704590e-01
2.716159075498580933e-02
8.764709345996379852e-03
1.412502229213714600e-01
3.239636123180389404e-02
5.392692610621452332e-02
4.094593599438667297e-02
6.609607487916946411e-02
5.122535303235054016e-02
6.526342034339904785e-02
1.244084686040878296e-01
7.393356412649154663e-02
1.126628145575523376e-01
1.217901557683944702e-01
9.830486029386520386e-02
1.208751797676086426e-01
6.186987087130546570e-02
5.071306601166725159e-02
7.108642160892486572e-02
1.603996455669403076e-01
9.129244834184646606e-02
2.641710452735424042e-02
4.766413196921348572e-02
1.390358954668045044e-01
5.107981339097023010e-02
8.525348454713821411e-02
4.696934670209884644e-02
1.485423892736434937e-01
1.261219531297683716e-01
3.918967396020889282e-02
1.569676846265792847e-01
1.283132582902908325e-01
1.033879816532135010e-01
3.738728165626525879e-02
5.514363199472427368e-02
2.812284044921398163e-02
4.996743053197860718e-02
9.580964595079421997e-02
1.302167326211929321e-01
9.750217944383621216e-02
1.067231670022010803e-01
1.297902762889862061e-01
1.015749294310808182e-02
1.391273085027933121e-02
3.970605507493019104e-02
1.023939698934555054e-01
2.163600549101829529e-02
1.835845597088336945e-02
1.884721964597702026e-02
2.072614729404449463e-01
6.436946392059326172e-01
1.055984571576118469e-01
4.115872085094451904e-02
4.483343288302421570e-02
9.204588830471038818e-02
1.155055463314056396e-01
1.701785326004028320e-01
1.074330359697341919e-01
7.150187343358993530e-02
3.074257448315620422e-02
1.124190445989370346e-02
6.845177710056304932e-02
8.409816771745681763e-02
7.757869362831115723e-02
4.393370822072029114e-02
9.348405897617340088e-02
1.915142685174942017e-02
8.509633690118789673e-02
9.344564676284790039e-01
9.267559051513671875e-01
1.690789908170700073e-01
3.127525746822357178e-01
9.988037347793579102e-01
7.244040817022323608e-02
7.511213421821594238e-03
4.779513180255889893e-02
3.925301432609558105e-01
2.489507347345352173e-01
5.367263033986091614e-02
2.100167870521545410e-01
3.023160994052886963e-02
4.571948572993278503e-02
2.166624665260314941e-01
1.081936657428741455e-01
7.003563642501831055e-02
8.566834032535552979e-02
4.978096857666969299e-02
1.125829070806503296e-01
6.460095196962356567e-02
2.244466729462146759e-02
1.379328966140747070e-02
2.047813832759857178e-01
1.057097017765045166e-01
7.624076306819915771e-02
5.300509184598922729e-02
1.540677994489669800e-01
1.721598356962203979e-01
4.512429237365722656e-02
5.098400637507438660e-02
1.132888495922088623e-01
7.673202455043792725e-02
1.199315264821052551e-01
1.001578271389007568e-01
5.196015909314155579e-02
8.935040980577468872e-02
1.189907267689704895e-02
2.064390666782855988e-02
2.820042427629232407e-03
8.635976351797580719e-03
1.928164437413215637e-02
6.616050750017166138e-02
9.797094762325286865e-02
4.501622915267944336e-02
4.086905345320701599e-02
6.611002981662750244e-02
1.268376410007476807e-01
2.634060978889465332e-01
9.668226838111877441e-01
5.839667096734046936e-02
5.826393142342567444e-02
2.678936906158924103e-02
4.548916965723037720e-02
1.394781172275543213e-01
1.067155525088310242e-01
6.444860994815826416e-02
1.389388144016265869e-01
1.301513910293579102e-01
3.195957094430923462e-02
1.299451738595962524e-01
1.426997333765029907e-01
9.587960243225097656e-01
8.093113899230957031e-01
1.268915534019470215e-01
1.178739219903945923e-01
1.107927933335304260e-01
8.152526617050170898e-01
8.924118280410766602e-01
4.835860133171081543e-01
5.124368891119956970e-02
4.283499717712402344e-02
2.616181969642639160e-02
3.248671814799308777e-02
1.478843018412590027e-02
7.173608988523483276e-02
3.829160332679748535e-02
6.275293231010437012e-02
6.295547634363174438e-02
8.922191709280014038e-02
8.547694236040115356e-02
5.908113345503807068e-02
8.538119494915008545e-02
4.351674392819404602e-02
1.468231976032257080e-01
5.902816727757453918e-02
1.242875456809997559e-01
2.247599326074123383e-02
5.995095521211624146e-02
6.328268349170684814e-02
6.583874821662902832e-01
9.660331159830093384e-02
9.265945851802825928e-02
5.207607150077819824e-02
5.474463105201721191e-02
6.270765066146850586e-01
7.000666856765747070e-02
2.700504958629608154e-01
5.069533362984657288e-02
8.798959851264953613e-01
9.320344328880310059e-01
9.833832085132598877e-02
7.275694608688354492e-02
1.013360917568206787e-01
1.188887283205986023e-01
1.072353944182395935e-01
6.245834752917289734e-02
4.183255508542060852e-02
3.589579090476036072e-02
6.190475076436996460e-02
7.716393470764160156e-02
9.393756836652755737e-02
2.730744779109954834e-01
9.720016270875930786e-02
4.121214523911476135e-02
5.100247636437416077e-02
8.798111975193023682e-02
1.581288129091262817e-01
5.508234724402427673e-02
8.137258142232894897e-02
3.551637232303619385e-01
6.036902666091918945e-01
6.383886188268661499e-02
5.783144831657409668e-01
1.653688102960586548e-01
6.915675103664398193e-02
8.330219238996505737e-02
1.372372955083847046e-01
1.552626639604568481e-01
3.231963515281677246e-01
6.861934810876846313e-02
1.008220687508583069e-01
7.467300444841384888e-02
8.212183117866516113e-01
1.172921136021614075e-01
1.077961996197700500e-01
1.266787946224212646e-01
4.726634919643402100e-02
1.216534078121185303e-01
1.449930518865585327e-01
6.372892111539840698e-02
7.363922894001007080e-02
8.781039714813232422e-02
5.847184732556343079e-02
1.241009980440139771e-01
1.020807996392250061e-01
4.086335375905036926e-02
1.284520924091339111e-01
1.275747083127498627e-02
1.908688992261886597e-01
3.748687729239463806e-02
4.456780254840850830e-01
6.296249628067016602e-01
5.323221907019615173e-02
5.261805281043052673e-02
1.686312630772590637e-02
1.186827123165130615e-01
7.939751446247100830e-02
5.803144723176956177e-02
3.907854259014129639e-01
1.354621052742004395e-01
7.427493482828140259e-02
1.070384085178375244e-01
6.843728572130203247e-02
5.356691032648086548e-02
5.705086141824722290e-02
2.754881680011749268e-01
9.727969020605087280e-02
1.975772827863693237e-01
7.438597083091735840e-02
1.403950601816177368e-01
9.933818578720092773e-01
1.254682391881942749e-01
1.039576344192028046e-02
1.628763414919376373e-02
8.519866503775119781e-03
1.137242652475833893e-02
4.864059388637542725e-02
6.039338186383247375e-02
8.364688605070114136e-02
3.504996001720428467e-02
4.460686072707176208e-02
6.860017031431198120e-02
1.380450278520584106e-01
2.441298961639404297e-01
9.886673092842102051e-02
1.718840301036834717e-01
6.589959561824798584e-02
8.229397982358932495e-02
7.424072027206420898e-01
8.493331670761108398e-01
5.209546163678169250e-02
7.056882232427597046e-02
1.022521704435348511e-01
9.767290949821472168e-02
9.016714990139007568e-02
1.154219508171081543e-01
8.994138985872268677e-02
6.890724301338195801e-01
2.873068116605281830e-02
8.485941216349601746e-03
1.583447121083736420e-02
1.492612250149250031e-02
1.058858782052993774e-01
1.319165676832199097e-01
1.720613539218902588e-01
4.872701689600944519e-02
5.042310059070587158e-02
1.437558531761169434e-01
7.159490883350372314e-02
4.038770124316215515e-02
1.095964834094047546e-01
6.059686467051506042e-02
7.660133391618728638e-02
5.875510349869728088e-02
7.228356599807739258e-02
8.576629310846328735e-02
5.827232077717781067e-02
6.413757801055908203e-02
1.019985526800155640e-01
3.110153228044509888e-02
6.708449870347976685e-02
9.557946771383285522e-02
4.651404917240142822e-02
7.067950814962387085e-02
6.064473092555999756e-02
6.031509488821029663e-02
4.459251835942268372e-02
5.595408752560615540e-02
1.007845699787139893e-01
6.206063553690910339e-02
8.000455796718597412e-02
7.098154723644256592e-02
9.905774891376495361e-02
7.414253801107406616e-02
8.695009350776672363e-02
5.996409058570861816e-02
1.073471531271934509e-01
1.301379948854446411e-01
4.549685865640640259e-02
1.410514116287231445e-01
9.144432097673416138e-02
1.230721548199653625e-01
4.177058860659599304e-02
6.864082068204879761e-02
7.320588082075119019e-02
8.452066183090209961e-01
8.328664302825927734e-02
7.088083028793334961e-02
8.644373416900634766e-01
2.033691406250000000e-01
9.263455867767333984e-02
1.140170469880104065e-01
4.986362159252166748e-02
8.993738144636154175e-02
2.397081553936004639e-01
5.665860325098037720e-02
1.354436278343200684e-01
1.030445694923400879e-01
4.698424786329269409e-02
4.025417938828468323e-02
3.213856741786003113e-02
5.175887420773506165e-02
6.825089454650878906e-02
4.837284609675407410e-02
3.404978662729263306e-02
4.834977909922599792e-02
1.434049159288406372e-01
5.546662956476211548e-02
6.662144511938095093e-02
1.495714038610458374e-01
8.602499216794967651e-02
3.815293684601783752e-02
6.720278412103652954e-02
1.563846319913864136e-01
9.142845869064331055e-02
1.001131087541580200e-01
1.471533924341201782e-01
2.083769589662551880e-01
2.889710366725921631e-01
1.108788400888442993e-01
1.045414432883262634e-01
5.217735171318054199e-01
3.099933564662933350e-01
1.953160315752029419e-01
3.661226481199264526e-02
5.374511331319808960e-02
5.241803824901580811e-02
1.735786646604537964e-01
1.051797419786453247e-01
8.776743710041046143e-02
6.217790395021438599e-02
1.190807223320007324e-01
2.204131148755550385e-02
2.050612568855285645e-01
3.102497011423110962e-02
1.166275143623352051e-02
4.243344441056251526e-02
2.771446853876113892e-02
1.010564342141151428e-01
5.863568559288978577e-02
1.263815611600875854e-01
1.708786375820636749e-02
1.678114756941795349e-02
1.628498360514640808e-02
4.023754596710205078e-02
4.755717888474464417e-02
8.707311749458312988e-02
9.309668838977813721e-02
3.611697256565093994e-02
4.597602784633636475e-02
4.512979462742805481e-02
9.230738878250122070e-02
6.270845979452133179e-02
3.971980512142181396e-02
1.453360542654991150e-02
1.872618310153484344e-02
8.601082116365432739e-02
8.859398216009140015e-02
1.342365145683288574e-01
1.136341542005538940e-01
2.870978228747844696e-02
1.010316312313079834e-01
5.611323118209838867e-01
9.971697926521301270e-01
8.468021750450134277e-01
4.045864939689636230e-02
7.797937095165252686e-02
4.404242336750030518e-02
9.029460698366165161e-02
7.227928936481475830e-02
1.260723918676376343e-01
2.066273838281631470e-01
4.977539926767349243e-02
1.751263588666915894e-01
1.064272448420524597e-01
8.536025136709213257e-02
1.003005281090736389e-01
1.145231723785400391e-01
7.990129292011260986e-02
1.346980631351470947e-01
6.013568118214607239e-02
1.675226539373397827e-02
2.475006692111492157e-02
1.551062241196632385e-02
3.881483897566795349e-02
3.841198980808258057e-02
2.804740704596042633e-02
1.090990751981735229e-01
4.861042648553848267e-02
1.606020890176296234e-02
8.149805478751659393e-03
6.696775555610656738e-02
1.353695690631866455e-01
2.407221309840679169e-02
1.109547019004821777e-01
1.196072846651077271e-01
1.815262436866760254e-01
3.599347174167633057e-02
5.835454165935516357e-02
2.902757525444030762e-01
8.867608755826950073e-02
3.984761238098144531e-02
1.765620261430740356e-01
4.983353987336158752e-02
4.355511441826820374e-02
1.042890697717666626e-01
7.496170699596405029e-02
4.315247535705566406e-01
3.680381178855895996e-01
9.455700963735580444e-02
8.325562626123428345e-02
2.077632248401641846e-01
1.127098724246025085e-01
2.191945761442184448e-01
2.481004036962985992e-02
5.980994552373886108e-02
4.787323623895645142e-02
4.454179853200912476e-02
6.571412831544876099e-02
7.831445336341857910e-02
7.826375216245651245e-02
3.475772738456726074e-01
6.716393828392028809e-01
7.377365231513977051e-02
9.185283631086349487e-02
9.327083826065063477e-02
9.950805902481079102e-01
9.966949224472045898e-01
7.051354646682739258e-02
4.889487475156784058e-02
1.863805577158927917e-02
2.806605212390422821e-02
1.355322152376174927e-01
7.218247652053833008e-02
6.969292461872100830e-02
8.434752374887466431e-02
1.286284923553466797e-01
5.640766769647598267e-02
1.589045673608779907e-01
5.635276064276695251e-02
7.722928375005722046e-02
7.722024619579315186e-02
6.030994653701782227e-02
3.814971446990966797e-02
3.988186269998550415e-02
5.873661860823631287e-02
5.068786442279815674e-02
3.357058763504028320e-02
5.746551975607872009e-02
5.015499144792556763e-02
3.082548640668392181e-02
1.065353117883205414e-02
1.763256639242172241e-01
6.135689094662666321e-02
8.102107793092727661e-02
1.044262051582336426e-01
7.693917304277420044e-02
6.522102653980255127e-02
3.396531566977500916e-02
5.754232779145240784e-02
5.180346369743347168e-01
2.630220949649810791e-01
2.842420525848865509e-02
6.905297935009002686e-02
4.995156824588775635e-02
8.027534931898117065e-02
7.239947468042373657e-02
1.181748136878013611e-01
7.461049407720565796e-02
1.010090038180351257e-01
8.969858288764953613e-02
6.079613417387008667e-02
3.638951480388641357e-02
5.459861457347869873e-02
3.416420221328735352e-01
2.103252261877059937e-01
3.777334466576576233e-02
9.924175590276718140e-02
1.007532030344009399e-01
4.154039546847343445e-02
1.336311250925064087e-01
1.080364435911178589e-01
6.866501271724700928e-02
5.285981297492980957e-02
9.497086703777313232e-02
1.214686259627342224e-01
3.628828749060630798e-02
3.229069337248802185e-02
3.486922755837440491e-02
9.059391915798187256e-02
7.955841422080993652e-01
5.249081254005432129e-01
3.547139093279838562e-02
2.068714350461959839e-01
6.407982707023620605e-01
3.091354370117187500e-01
7.802101224660873413e-02
2.158310115337371826e-01
7.701396197080612183e-02
7.484472543001174927e-02
9.498295933008193970e-02
6.270858645439147949e-02
5.301151797175407410e-02
4.566510617733001709e-01
4.210732132196426392e-02
8.516604453325271606e-02
4.526253044605255127e-02
3.298910334706306458e-02
3.575305268168449402e-02
1.803935766220092773e-01
7.079788297414779663e-02
4.098856821656227112e-02
7.218490540981292725e-02
3.325183689594268799e-02
7.792573422193527222e-02
4.217451438307762146e-02
4.745905101299285889e-02
5.796242505311965942e-02
1.283775568008422852e-01
4.020291194319725037e-02
8.019614964723587036e-02
1.978986114263534546e-01
7.828160375356674194e-02
9.782478213310241699e-02
2.306447774171829224e-01
8.214852213859558105e-02
6.083002313971519470e-02
6.304050981998443604e-02
7.009036093950271606e-02
1.344605386257171631e-01
5.499923974275588989e-02
4.897032305598258972e-02
2.178463637828826904e-01
9.485036134719848633e-02
8.311825245618820190e-02
7.515162974596023560e-02
7.824319601058959961e-02
7.392638176679611206e-02
4.534655436873435974e-02
2.113590687513351440e-01
1.366880387067794800e-01
4.746102914214134216e-02
7.675596326589584351e-02
1.280231922864913940e-01
1.447605937719345093e-01
4.709417000412940979e-02
2.374704554677009583e-02
5.565682426095008850e-02
3.960918262600898743e-02
1.278908550739288330e-01
4.637936875224113464e-02
5.058512836694717407e-02
1.261492371559143066e-01
8.931965231895446777e-01
1.158829480409622192e-01
1.328961998224258423e-01
6.454712152481079102e-02
8.354176580905914307e-02
7.771425694227218628e-02
8.151727169752120972e-02
7.771909236907958984e-02
9.349738061428070068e-02
5.084492638707160950e-02
1.322496533393859863e-01
1.301961243152618408e-01
4.060388356447219849e-02
3.399738296866416931e-02
8.392940461635589600e-02
7.385206222534179688e-02
1.114922389388084412e-01
8.804540149867534637e-03
4.896845202893018723e-03
1.508163474500179291e-02
5.586340650916099548e-02
7.135146111249923706e-02
9.472479671239852905e-02
8.441223204135894775e-02
3.072766028344631195e-02
4.807117953896522522e-02
7.442507147789001465e-02
9.854331612586975098e-02
8.590295910835266113e-02
7.739077508449554443e-02
9.106198698282241821e-02
3.408681228756904602e-02
2.151853404939174652e-02
7.843007147312164307e-02
1.015355959534645081e-01
7.809139788150787354e-02
6.210915744304656982e-02
1.471284329891204834e-01
4.770275205373764038e-02
1.002949699759483337e-01
3.107786551117897034e-02
2.252352051436901093e-02
9.054743498563766479e-02
8.134368062019348145e-02
1.303974688053131104e-01
1.729792058467864990e-01
8.140317201614379883e-01
1.857070773839950562e-01
3.035226166248321533e-01
3.983816504478454590e-02
1.252389252185821533e-01
1.205911263823509216e-01
4.896847158670425415e-02
1.043756678700447083e-01
3.532190248370170593e-02
8.914671093225479126e-02
3.378481417894363403e-02
1.094111502170562744e-01
3.960712254047393799e-02
1.133946254849433899e-01
1.018332242965698242e-01
6.459790468215942383e-02
6.261596083641052246e-02
2.687756158411502838e-02
9.730607271194458008e-03
2.924110554158687592e-02
1.027531325817108154e-01
9.398364275693893433e-02
7.389713078737258911e-02
5.372341722249984741e-02
1.195508539676666260e-01
8.061081171035766602e-02
1.630465686321258545e-01
6.562107801437377930e-02
4.780909419059753418e-02
8.656993508338928223e-03
1.795835420489311218e-02
5.798520892858505249e-02
3.616747632622718811e-02
6.923540681600570679e-02
3.553624078631401062e-02
8.414181321859359741e-02
7.818822562694549561e-02
9.357746690511703491e-02
4.354032874107360840e-02
5.962578579783439636e-02
2.660101652145385742e-01
8.972940593957901001e-02
1.053332239389419556e-01
7.730365544557571411e-02
9.578772634267807007e-02
8.401107043027877808e-02
4.910679757595062256e-01
6.308968663215637207e-01
1.257355883717536926e-02
5.739999562501907349e-02
3.198111057281494141e-01
2.677436359226703644e-02
4.561480879783630371e-02
7.895636372268199921e-03
7.309556473046541214e-03
5.828781425952911377e-02
4.030722677707672119e-01
1.042810082435607910e-01
2.078961431980133057e-01
1.143693923950195312e-01
4.047770798206329346e-01
8.759325146675109863e-01
3.403382599353790283e-01
1.763137131929397583e-01
8.669766783714294434e-02
1.261009573936462402e-01
8.312708139419555664e-02
4.784041270613670349e-02
8.146293461322784424e-02
5.494121089577674866e-02
6.217375397682189941e-03
3.401201218366622925e-02
1.972183771431446075e-02
8.785270899534225464e-02
6.927455961704254150e-02
9.432403743267059326e-02
1.237856373190879822e-01
1.642670482397079468e-01
4.463711008429527283e-02
1.541903465986251831e-01
1.099915429949760437e-01
9.184958040714263916e-02
5.483654141426086426e-02
1.278325617313385010e-01
1.238222718238830566e-01
3.074147701263427734e-01
1.590827554464340210e-01
2.008310332894325256e-02
1.286316011101007462e-02
8.080068230628967285e-02
1.516420394182205200e-01
3.422472998499870300e-02
8.773171156644821167e-02
1.019935682415962219e-01
9.008533507585525513e-02
9.580703824758529663e-02
4.082379862666130066e-02
8.390612900257110596e-02
8.631044626235961914e-02
1.058205813169479370e-01
1.130166053771972656e-01
4.695286229252815247e-02
7.600168138742446899e-02
5.721845477819442749e-02
1.056470349431037903e-01
1.014729961752891541e-01
1.561939418315887451e-01
5.381945148110389709e-02
6.421584635972976685e-02
7.460468262434005737e-02
4.231855273246765137e-02
1.507162004709243774e-01
1.816641837358474731e-01
8.226483315229415894e-02
4.637647420167922974e-02
1.087918505072593689e-01
1.476913690567016602e-01
2.622951008379459381e-02
4.559670016169548035e-02
7.468292117118835449e-02
1.325816363096237183e-01
1.256010383367538452e-01
3.292725607752799988e-02
7.296346873044967651e-02
5.030753836035728455e-02
1.044545322656631470e-01
1.260242760181427002e-01
9.880772233009338379e-02
1.322004348039627075e-01
6.612583994865417480e-02
3.932517021894454956e-02
5.790320783853530884e-02
7.700254768133163452e-02
6.867194175720214844e-02
2.185494899749755859e-01
5.999690666794776917e-02
7.404642552137374878e-02
4.997699335217475891e-02
3.618489205837249756e-02
2.069636434316635132e-01
8.001598715782165527e-02
1.239802688360214233e-01
7.581429928541183472e-02
2.168476879596710205e-01
6.627888977527618408e-02
4.564380645751953125e-02
1.398184001445770264e-01
3.465170040726661682e-02
6.126093491911888123e-02
1.563066616654396057e-02
6.324855983257293701e-02
9.309816956520080566e-01
8.320602178573608398e-01
6.459257006645202637e-02
6.595826894044876099e-02
8.707568794488906860e-02
6.657748669385910034e-02
5.571519583463668823e-02
9.009166806936264038e-02
1.104440912604331970e-01
2.089183479547500610e-01
5.477478727698326111e-02
9.271723031997680664e-02
3.614923730492591858e-02
1.897467672824859619e-01
4.176793619990348816e-02
3.902999311685562134e-02
7.302635163068771362e-02
2.598436772823333740e-01
4.694655537605285645e-02
3.029522113502025604e-02
9.982675313949584961e-02
7.939498871564865112e-02
2.052644938230514526e-01
2.414390631020069122e-02
1.390595436096191406e-01
1.487321127206087112e-02
1.945811212062835693e-01
1.045217439532279968e-01
8.853261172771453857e-02
2.649223990738391876e-02
1.862153969705104828e-02
1.366638299077749252e-02
2.519528567790985107e-02
2.216168642044067383e-01
4.427372664213180542e-02
3.597421199083328247e-02
4.450498893857002258e-02
3.200193867087364197e-02
1.029873490333557129e-01
7.712867856025695801e-02
9.533856809139251709e-02
1.076165866106748581e-02
1.286270655691623688e-02
2.021957188844680786e-02
9.881960600614547729e-02
9.473669528961181641e-02
6.894315034151077271e-02
1.039023622870445251e-01
2.617271989583969116e-02
7.450678199529647827e-02
4.936157166957855225e-02
1.500452458858489990e-01
5.669945850968360901e-02
5.995989590883255005e-02
7.683478295803070068e-02
1.018637120723724365e-01
3.538796678185462952e-02
2.125733345746994019e-01
2.782225050032138824e-02
5.411879345774650574e-02
8.209065347909927368e-02
2.452701479196548462e-01
8.018484711647033691e-02
6.075911968946456909e-02
7.448156923055648804e-02
4.921074584126472473e-02
1.264265179634094238e-01
5.533694475889205933e-02
3.137396648526191711e-02
3.165463730692863464e-02
5.954713746905326843e-02
1.562954932451248169e-01
3.911126777529716492e-02
7.655262202024459839e-02
5.832831934094429016e-02
8.085981011390686035e-02
6.859209388494491577e-02
6.678717583417892456e-02
6.250455230474472046e-02
1.295429281890392303e-02
4.784385487437248230e-02
6.774181872606277466e-02
7.101444154977798462e-02
9.283822774887084961e-02
6.198333203792572021e-02
4.990253970026969910e-02
8.072359114885330200e-02
4.181483387947082520e-02
9.399458765983581543e-02
1.571834236383438110e-01
1.534414440393447876e-01
1.000322327017784119e-01
5.035272240638732910e-02
2.500139735639095306e-02
3.219628334045410156e-02
8.826764672994613647e-02
2.232426851987838745e-01
7.481196522712707520e-01
3.490464389324188232e-02
6.133891642093658447e-02
1.054012924432754517e-01
9.685023874044418335e-02
2.623388171195983887e-01
7.647328823804855347e-02
1.770530641078948975e-02
9.372807294130325317e-02
6.574920564889907837e-02
6.367411464452743530e-02
1.006533205509185791e-01
1.027914509177207947e-01
9.506021738052368164e-01
3.797064349055290222e-02
1.431691944599151611e-01
6.262438744306564331e-02
1.573321036994457245e-02
2.552250772714614868e-02
6.442353874444961548e-02
3.098663985729217529e-01
9.384803473949432373e-02
3.005790710449218750e-02
1.273463964462280273e-01
1.012830361723899841e-01
1.156052574515342712e-01
1.775278151035308838e-01
1.012508645653724670e-01
6.598466634750366211e-02
3.854146599769592285e-02
7.506138086318969727e-02
1.005587801337242126e-01
8.263254165649414062e-02
5.203070864081382751e-02
5.436531826853752136e-02
8.954463154077529907e-02
4.532030224800109863e-02
7.026413828134536743e-02
2.347431890666484833e-02
1.438188105821609497e-01
1.379315257072448730e-01
6.461227685213088989e-02
1.962083578109741211e-01
7.483123987913131714e-02
8.612961322069168091e-02
7.362200319766998291e-02
1.130617558956146240e-01
9.333819150924682617e-03
5.202558264136314392e-02
7.627423107624053955e-02
7.688397914171218872e-02
6.930871307849884033e-02
6.370764225721359253e-02
6.203648447990417480e-02
8.503708988428115845e-02
1.401995569467544556e-01
1.968306489288806915e-02
1.012382134795188904e-01
2.235899418592453003e-01
5.205785483121871948e-02
7.230881601572036743e-02
6.927339434623718262e-01
1.125864610075950623e-01
9.942291676998138428e-02
8.833074569702148438e-02
1.023617610335350037e-01
1.521797180175781250e-01
1.006143912672996521e-01
7.792823761701583862e-02
4.862443357706069946e-02
2.345736175775527954e-01
2.755840122699737549e-01
2.427230216562747955e-02
1.157457306981086731e-01
2.112014442682266235e-01
3.246290609240531921e-02
2.798473462462425232e-02
1.419417466968297958e-02
2.469811402261257172e-02
6.025176867842674255e-02
6.588529050350189209e-02
5.985549464821815491e-02
8.811648935079574585e-02
1.583730727434158325e-01
3.811753541231155396e-02
4.347728565335273743e-02
1.141285821795463562e-01
6.778901070356369019e-02
6.673271209001541138e-02
5.718563124537467957e-02
8.062959462404251099e-02
4.679504781961441040e-02
5.388206243515014648e-02
1.026819720864295959e-01
1.156884059309959412e-01
2.829975262284278870e-02
1.149654388427734375e-01
2.123820222914218903e-02
2.121750079095363617e-02
2.663230523467063904e-02
4.839508607983589172e-02
3.132380172610282898e-02
4.698084667325019836e-02
1.244972422719001770e-01
5.029607191681861877e-02
5.604650080204010010e-02
4.300415143370628357e-02
6.844627112150192261e-02
8.694442361593246460e-02
4.555997624993324280e-02
7.639526575803756714e-02
1.159345433115959167e-01
9.201663732528686523e-02
7.051754742860794067e-02
6.986707448959350586e-02
4.310988262295722961e-02
3.735426366329193115e-01
4.536186903715133667e-02
1.375441551208496094e-01
2.399317473173141479e-01
1.219612210988998413e-01
3.150410950183868408e-02
4.789232090115547180e-02
6.220356747508049011e-02
1.034053564071655273e-01
1.415900141000747681e-01
9.083423763513565063e-02
7.283692061901092529e-02
5.853953585028648376e-02
6.593673676252365112e-02
1.462582405656576157e-02
1.900706626474857330e-02
3.039238601922988892e-02
1.711672544479370117e-01
1.332877725362777710e-01
2.135512232780456543e-01
5.087415874004364014e-02
1.342058479785919189e-01
8.373804688453674316e-01
3.089708983898162842e-01
9.203787893056869507e-02
2.012316882610321045e-02
4.855630546808242798e-02
4.125805571675300598e-02
1.091643497347831726e-01
1.121795699000358582e-01
9.852451086044311523e-02
9.795086830854415894e-02
8.672969043254852295e-02
1.010441929101943970e-01
7.109766453504562378e-02
4.404279589653015137e-02
7.389357686042785645e-02
7.902619242668151855e-02
4.146729409694671631e-02
1.101359874010086060e-01
3.517696633934974670e-02
5.675790831446647644e-02
4.790887981653213501e-02
2.322971820831298828e-01
8.809415251016616821e-02
1.460104584693908691e-01
7.432579994201660156e-02
9.023426771163940430e-01
6.250667572021484375e-02
1.935259550809860229e-01
5.009539797902107239e-02
6.063831970095634460e-02
9.837473034858703613e-01
9.792714715003967285e-01
7.782446593046188354e-02
1.145396605134010315e-01
3.894095495343208313e-02
8.227928727865219116e-02
5.630908906459808350e-02
1.043457835912704468e-01
2.810795903205871582e-01
3.187188506126403809e-01
4.229993745684623718e-02
2.003792077302932739e-01
1.611947864294052124e-01
1.169199496507644653e-01
4.491264000535011292e-02
1.195060983300209045e-01
4.777274280786514282e-02
4.710473865270614624e-02
9.109047055244445801e-02
1.565706916153430939e-02
6.790201645344495773e-03
4.154059290885925293e-02
1.095220353454351425e-02
6.149180606007575989e-02
3.814685717225074768e-02
7.012746483087539673e-02
6.108760088682174683e-02
8.401650190353393555e-02
4.317389801144599915e-02
3.830781206488609314e-02
4.812025651335716248e-02
3.373536169528961182e-01
8.482833206653594971e-02
2.116346359252929688e-01
1.902848295867443085e-02
2.842144966125488281e-01
5.973163619637489319e-02
4.100404307246208191e-02
1.066928431391716003e-01
6.952618062496185303e-02
7.624167203903198242e-02
6.313411146402359009e-02
7.435623556375503540e-02
8.780816197395324707e-02
7.611366361379623413e-02
5.212867259979248047e-02
2.071261703968048096e-01
1.176906898617744446e-01
5.851667746901512146e-02
1.166276410222053528e-01
3.250381723046302795e-02
5.746029317378997803e-02
6.409437209367752075e-02
1.795766316354274750e-02
5.924699828028678894e-02
4.792749136686325073e-02
1.065887957811355591e-01
2.310700714588165283e-02
4.838154837489128113e-02
7.127996068447828293e-03
4.403117299079895020e-02
2.438304573297500610e-02
3.573978692293167114e-02
5.453122407197952271e-02
8.964213728904724121e-02
4.245425760746002197e-02
5.350235849618911743e-02
7.207015156745910645e-02
1.468753516674041748e-01
5.661817267537117004e-02
4.909013211727142334e-01
6.334800124168395996e-01
1.522612720727920532e-01
8.767478913068771362e-02
4.591734334826469421e-02
8.178660273551940918e-01
9.852635860443115234e-01
2.562250196933746338e-01
1.108521148562431335e-01
2.330780029296875000e-01
9.102177619934082031e-02
3.107736818492412567e-02
1.072186976671218872e-01
6.944199651479721069e-02
3.471985831856727600e-02
1.131615974009037018e-02
1.346553303301334381e-02
5.664475634694099426e-02
7.575283199548721313e-02
1.004887223243713379e-01
5.891679972410202026e-02
4.499624669551849365e-02
1.949115544557571411e-01
2.124973833560943604e-01
5.345448851585388184e-02
9.104819595813751221e-02
5.257017165422439575e-02
1.208069995045661926e-01
5.846909433603286743e-02
6.842560321092605591e-02
3.596246242523193359e-02
6.641167402267456055e-02
1.095905676484107971e-01
1.329614371061325073e-01
8.090130239725112915e-02
1.015157699584960938e-01
4.678413644433021545e-02
1.122085377573966980e-01
8.385764807462692261e-02
6.328624486923217773e-02
2.073358595371246338e-01
9.771582484245300293e-02
1.106665208935737610e-01
5.926105380058288574e-02
6.374603509902954102e-02
1.645098179578781128e-01
4.651121795177459717e-02
2.408478781580924988e-02
1.545946579426527023e-02
1.395821720361709595e-01
2.405214309692382812e-01
4.833139851689338684e-02
1.629649996757507324e-01
5.154278874397277832e-02
1.069939583539962769e-01
1.303572356700897217e-01
6.597299128770828247e-02
6.917288154363632202e-02
1.169264465570449829e-01
2.021387517452239990e-01
1.746524311602115631e-02
9.984942674636840820e-01
9.857833385467529297e-01
3.461440280079841614e-02
7.594883441925048828e-02
1.026918217539787292e-01
6.816046684980392456e-02
4.596552625298500061e-02
5.094283223152160645e-01
3.949909657239913940e-02
4.141798987984657288e-02
8.338391780853271484e-02
4.929603263735771179e-02
7.055038120597600937e-03
7.283090054988861084e-02
9.055431187152862549e-02
3.930009156465530396e-02
4.227963835000991821e-02
3.676258400082588196e-02
4.470725730061531067e-02
7.566185295581817627e-02
7.841900736093521118e-02
8.093236386775970459e-02
5.575073137879371643e-02
1.909850984811782837e-01
9.851089864969253540e-02
8.171553164720535278e-02
5.922595039010047913e-02
2.930052392184734344e-02
6.816685944795608521e-02
3.607123345136642456e-02
2.531999349594116211e-02
5.903105810284614563e-02
3.176884055137634277e-01
8.693631738424301147e-02
8.466627448797225952e-02
8.169942535459995270e-03
1.321238465607166290e-02
8.296892791986465454e-02
7.749024778604507446e-02
1.727799475193023682e-01
2.394646108150482178e-01
1.193036511540412903e-01
6.827516108751296997e-02
8.427187800407409668e-01
1.359037160873413086e-01
4.553371295332908630e-02
3.546094521880149841e-02
5.472091212868690491e-02
4.897828400135040283e-02
4.809802398085594177e-02
5.502092838287353516e-02
6.492353975772857666e-02
8.309099823236465454e-03
6.077668443322181702e-02
1.309230085462331772e-02
8.199566602706909180e-02
6.038424372673034668e-02
4.978753626346588135e-02
3.611579537391662598e-01
6.617192178964614868e-02
2.312116511166095734e-02
1.572600752115249634e-01
2.107311338186264038e-01
5.089211836457252502e-02
4.441215991973876953e-01
3.198350369930267334e-01
7.528715580701828003e-02
5.145836621522903442e-02
4.206028208136558533e-02
1.398125588893890381e-01
5.356971547007560730e-02
5.485633015632629395e-02
7.747833430767059326e-02
8.894204348325729370e-02
8.115921169519424438e-02
1.023819148540496826e-01
7.025253772735595703e-02
4.039917141199111938e-02
4.203176498413085938e-02
5.954739451408386230e-02
1.294857561588287354e-01
3.776359260082244873e-01
3.358699753880500793e-02
4.753246530890464783e-02
1.206101551651954651e-01
1.362964510917663574e-01
6.953592598438262939e-02
1.198239773511886597e-01
6.834166496992111206e-02
6.573966145515441895e-02
2.530875988304615021e-02
8.753336220979690552e-02
3.078674152493476868e-02
4.099015146493911743e-02
6.738198455423116684e-03
4.912840202450752258e-02
1.437638998031616211e-01
4.214735329151153564e-02
3.325714170932769775e-02
2.322564832866191864e-02
8.478301577270030975e-03
5.606178939342498779e-02
5.204233899712562561e-02
6.225122138857841492e-02
1.027856692671775818e-01
5.032909661531448364e-02
2.274161130189895630e-01
5.995462834835052490e-02
9.499720931053161621e-01
3.450412303209304810e-02
1.281928271055221558e-02
5.215083435177803040e-02
6.884779036045074463e-02
2.416793555021286011e-01
8.770473301410675049e-02
5.061100795865058899e-02
4.666034877300262451e-02
8.885379880666732788e-02
5.968326330184936523e-02
8.582307398319244385e-02
2.191655337810516357e-01
1.928451061248779297e-01
9.174142032861709595e-02
7.849071919918060303e-02
1.100197136402130127e-01
4.227311164140701294e-02
8.863491564989089966e-02
8.109650015830993652e-02
1.367498487234115601e-01
8.920097723603248596e-03
3.829666599631309509e-02
1.095712743699550629e-02
6.171529740095138550e-02
1.948609575629234314e-02
9.289462119340896606e-02
8.300222456455230713e-02
3.937621787190437317e-02
6.619169563055038452e-02
3.216257318854331970e-02
1.001250594854354858e-01
8.171986043453216553e-02
6.993226706981658936e-02
5.710528790950775146e-02
4.904571920633316040e-02
1.045662239193916321e-01
9.837293624877929688e-02
3.937894105911254883e-02
1.619782596826553345e-01
9.169697761535644531e-01
5.654541254043579102e-01
5.487340316176414490e-02
1.769194900989532471e-01
2.247829437255859375e-01
9.012878686189651489e-02
7.204832136631011963e-02
9.745213389396667480e-02
3.860480710864067078e-02
4.121778532862663269e-02
2.383617609739303589e-01
1.726735532283782959e-01
1.301802694797515869e-02
3.316650539636611938e-02
3.458037972450256348e-02
9.515471756458282471e-02
2.347416132688522339e-01
5.261559039354324341e-02
1.318080443888902664e-02
2.057737112045288086e-02
6.668940931558609009e-02
6.677805632352828979e-02
5.064431205391883850e-02
1.682845652103424072e-01
6.554790586233139038e-02
6.909792870283126831e-02
1.101643964648246765e-01
5.779404193162918091e-02
2.946822158992290497e-02
6.092792842537164688e-03
2.226314693689346313e-02
9.860655665397644043e-02
6.755906939506530762e-01
6.557871401309967041e-02
6.747524738311767578e-01
9.387675523757934570e-01
2.680076658725738525e-01
7.316575944423675537e-02
3.019535169005393982e-02
9.862247109413146973e-02
1.261851638555526733e-01
1.317313965409994125e-02
6.798242032527923584e-02
3.533086180686950684e-02
2.512930333614349365e-01
4.024079814553260803e-02
5.041402205824851990e-02
1.165024489164352417e-01
7.799246907234191895e-02
6.883221864700317383e-02
6.106200069189071655e-02
9.728705286979675293e-01
9.172551035881042480e-01
2.621364593505859375e-01
1.008369773626327515e-01
2.762510441243648529e-02
1.505335792899131775e-02
1.008079499006271362e-01
1.027446836233139038e-01
2.004098147153854370e-01
4.522923380136489868e-02
7.094667106866836548e-02
8.777976781129837036e-02
2.804039977490901947e-02
4.581451043486595154e-02
1.016835682094097137e-02
1.591989956796169281e-02
1.170580685138702393e-01
3.538504615426063538e-02
3.099936991930007935e-02
2.407860569655895233e-02
6.395199149847030640e-02
2.660178020596504211e-02
8.919731527566909790e-02
1.107717007398605347e-01
2.841973491013050079e-02
8.933320641517639160e-02
5.858498066663742065e-02
5.793245136737823486e-02
7.055940479040145874e-02
2.201589643955230713e-01
4.092008247971534729e-02
9.626101702451705933e-02
7.501558959484100342e-02
9.105973690748214722e-02
5.383254215121269226e-02
5.952140688896179199e-02
1.926939338445663452e-01
6.265119463205337524e-02
8.188739418983459473e-02
5.179229378700256348e-02
4.051561281085014343e-02
7.227940857410430908e-02
3.424707427620887756e-02
1.227715685963630676e-01
5.579384416341781616e-02
8.160253614187240601e-02
2.481288462877273560e-02
1.000084280967712402e-01
5.516685172915458679e-02
3.851405158638954163e-02
4.016286879777908325e-02
9.903976321220397949e-02
9.688075631856918335e-02
9.767974913120269775e-02
5.487582087516784668e-01
6.312416493892669678e-02
8.787995576858520508e-02
5.657688900828361511e-02
6.730544567108154297e-02
4.877465963363647461e-02
4.745171591639518738e-02
1.778093166649341583e-02
1.576913706958293915e-02
1.127618923783302307e-01
6.726448982954025269e-02
9.718005359172821045e-02
3.408057242631912231e-02
8.058556355535984039e-03
1.285888627171516418e-02
4.709880426526069641e-02
5.598744750022888184e-02
2.093448862433433533e-02
1.074222996830940247e-01
5.951250344514846802e-02
9.592015296220779419e-02
7.615325599908828735e-02
7.104510068893432617e-02
1.451718360185623169e-01
1.445280313491821289e-01
1.396153867244720459e-01
7.904885709285736084e-02
2.088173478841781616e-02
5.583558604121208191e-02
7.422623634338378906e-01
9.490741789340972900e-02
4.525788128376007080e-02
9.190730005502700806e-02
6.833589822053909302e-02
7.317356020212173462e-02
7.702279090881347656e-02
8.290450274944305420e-02
4.326527193188667297e-02
2.755765914916992188e-01
2.751438319683074951e-02
1.160167679190635681e-01
7.391323894262313843e-02
8.188803493976593018e-02
8.286494016647338867e-02
4.816421121358871460e-02
5.509079992771148682e-02
4.935546591877937317e-02
1.522703915834426880e-01
1.294430345296859741e-01
6.757156550884246826e-02
1.295012235641479492e-01
3.038310110569000244e-01
5.561645030975341797e-01
4.532040655612945557e-02
2.460769005119800568e-02
2.179070748388767242e-02
3.395542129874229431e-02
1.656139083206653595e-02
7.989042997360229492e-02
5.960436537861824036e-02
6.076869741082191467e-02
8.333635330200195312e-02
6.593948602676391602e-02
4.072256088256835938e-01
7.384558767080307007e-02
3.118388913571834564e-02
9.333188831806182861e-02
9.393980354070663452e-02
2.194284647703170776e-01
1.655975133180618286e-01
7.173810899257659912e-02
7.906861603260040283e-02
5.595306679606437683e-02
5.682149529457092285e-02
1.998515725135803223e-01
4.562139138579368591e-02
9.564237296581268311e-02
4.071686044335365295e-02
1.070906966924667358e-01
7.018262892961502075e-02
1.318231374025344849e-01
4.563401266932487488e-02
4.293794929981231689e-02
2.615474909543991089e-02
3.368776440620422363e-01
1.953396350145339966e-01
7.022075057029724121e-01
2.846792340278625488e-01
6.255443096160888672e-01
9.914729744195938110e-02
3.064039945602416992e-01
3.875697553157806396e-01
4.297699928283691406e-01
9.311542659997940063e-02
5.114301666617393494e-02
5.554274842143058777e-02
7.065807282924652100e-02
9.984841197729110718e-02
1.257425174117088318e-02
1.098431274294853210e-01
3.333747759461402893e-02
1.104641556739807129e-01
3.052339553833007812e-01
1.891004890203475952e-01
6.739143282175064087e-02
4.000724107027053833e-02
4.106447100639343262e-02
8.240354061126708984e-02
5.948283523321151733e-02
1.268367171287536621e-01
9.402983784675598145e-01
8.953102678060531616e-02
7.932592183351516724e-02
4.386332929134368896e-01
5.774060487747192383e-01
1.370590776205062866e-01
1.164136976003646851e-01
1.127999350428581238e-01
1.117688715457916260e-01
3.440350666642189026e-02
8.633707463741302490e-02
4.928806424140930176e-02
7.775088399648666382e-02
6.546245515346527100e-02
1.649580150842666626e-02
2.043506130576133728e-02
3.243945166468620300e-02
1.947003975510597229e-02
1.741958409547805786e-02
1.278702728450298309e-02
2.543599531054496765e-02
5.502102896571159363e-02
1.294543296098709106e-01
5.820373445749282837e-02
5.809696856886148453e-03
1.934690959751605988e-02
1.647977158427238464e-02
9.310597181320190430e-02
8.646196126937866211e-02
4.603569582104682922e-02
6.291239988058805466e-03
4.029182344675064087e-02
5.702540650963783264e-02
5.479694008827209473e-01
1.144628375768661499e-01
4.717306420207023621e-02
6.550350785255432129e-02
4.707057401537895203e-02
2.151526212692260742e-01
5.052724108099937439e-02
6.745441257953643799e-02
5.171606317162513733e-02
1.262602489441633224e-02
6.019407138228416443e-02
2.385371625423431396e-01
1.691063791513442993e-01
4.305152967572212219e-02
7.974800467491149902e-02
3.780066594481468201e-02
1.434704214334487915e-01
7.232542335987091064e-02
6.137011200189590454e-02
1.198952421545982361e-01
1.707679182291030884e-01
4.189348220825195312e-02
4.629038646817207336e-02
1.379994302988052368e-01
8.442420512437820435e-02
1.003432199358940125e-01
4.503573849797248840e-02
6.171675771474838257e-02
9.602849185466766357e-02
3.560016304254531860e-02
1.297568380832672119e-01
9.385716319084167480e-01
8.273760974407196045e-02
8.040045201778411865e-02
3.481256961822509766e-02
1.949673146009445190e-01
7.553137093782424927e-02
7.988224923610687256e-02
7.534508407115936279e-02
2.984747663140296936e-02
1.415805816650390625e-01
5.347411148250102997e-03
4.907372593879699707e-02
4.872120544314384460e-02
1.098941788077354431e-01
1.131141558289527893e-01
1.221774667501449585e-01
9.493384510278701782e-02
8.866143971681594849e-02
3.965471684932708740e-02
7.937717437744140625e-02
5.500224977731704712e-02
4.802208766341209412e-02
1.482834015041589737e-02
5.185514688491821289e-02
6.510668992996215820e-02
3.498841449618339539e-02
2.687621302902698517e-02
7.443611975759267807e-03
3.617637455463409424e-01
2.074239104986190796e-01
6.458411365747451782e-02
2.090975046157836914e-01
3.076300583779811859e-02
7.719271779060363770e-01
1.047623157501220703e-01
1.539166420698165894e-01
4.718371480703353882e-02
7.786822319030761719e-02
3.308970108628273010e-02
4.290667921304702759e-02
4.060614109039306641e-02
1.074317190796136856e-02
1.164348348975181580e-01
6.521295756101608276e-02
3.284905105829238892e-02
4.833789169788360596e-02
3.012044727802276611e-02
8.041802793741226196e-02
2.325680293142795563e-02
1.075778678059577942e-01
1.089044138789176941e-01
4.898791760206222534e-02
1.363704502582550049e-01
9.318519830703735352e-01
6.453903913497924805e-01
6.662491708993911743e-02
2.559719234704971313e-02
1.930364966392517090e-02
3.383401781320571899e-02
8.369856327772140503e-02
4.318767786026000977e-02
4.726295173168182373e-02
3.722916543483734131e-02
3.062649630010128021e-02
1.393091585487127304e-02
3.252332508563995361e-01
7.702596783638000488e-01
7.826082408428192139e-02
9.161965548992156982e-02
1.926614344120025635e-01
5.432908609509468079e-02
3.049187362194061279e-02
6.577780097723007202e-02
1.289859563112258911e-01
8.576852083206176758e-02
7.495243847370147705e-02
4.849652200937271118e-02
4.906027764081954956e-02
3.670955076813697815e-02
5.467970669269561768e-02
9.644766151905059814e-02
1.090964749455451965e-01
7.617127895355224609e-02
1.279757618904113770e-01
8.834724873304367065e-02
1.380702704191207886e-01
1.294444967061281204e-02
2.732157707214355469e-02
3.447754681110382080e-01
2.086928933858871460e-01
7.556265592575073242e-02
9.197495877742767334e-02
1.565933823585510254e-01
1.281208693981170654e-01
5.618691071867942810e-02
9.934315085411071777e-02
6.596409529447555542e-02
3.839642927050590515e-02
6.708200275897979736e-02
3.849132955074310303e-01
3.671123981475830078e-01
4.467492550611495972e-02
1.304174512624740601e-01
6.862699985504150391e-02
4.630437493324279785e-02
8.292375504970550537e-02
7.205855846405029297e-02
1.508219540119171143e-02
7.082677632570266724e-02
3.383804857730865479e-01
5.873756855726242065e-02
7.063741981983184814e-02
1.343152076005935669e-01
6.707999110221862793e-02
8.918939530849456787e-02
1.468925625085830688e-01
4.686150327324867249e-02
4.161225259304046631e-02
7.948847860097885132e-02
5.213996022939682007e-02
5.097271502017974854e-02
6.826192140579223633e-01
9.673397988080978394e-02
4.355277493596076965e-02
1.311255246400833130e-01
4.254730418324470520e-02
1.300684064626693726e-01
1.587285995483398438e-01
5.049785226583480835e-02
4.167666286230087280e-02
7.755322754383087158e-02
2.533065155148506165e-02
2.531513571739196777e-02
1.360152661800384521e-01
1.444876044988632202e-01
4.737462103366851807e-02
6.149859353899955750e-02
9.265762567520141602e-02
1.164154186844825745e-01
3.930179402232170105e-02
1.371096633374691010e-02
3.024603985249996185e-02
2.837658859789371490e-02
2.204940915107727051e-01
1.013568490743637085e-01
9.568718820810317993e-02
5.360365658998489380e-02
1.282082945108413696e-01
6.981460005044937134e-02
2.575827948749065399e-02
7.704535871744155884e-02
7.584428787231445312e-02
3.914288431406021118e-02
2.660090290009975433e-02
4.558086022734642029e-02
2.689962461590766907e-02
2.273089811205863953e-02
1.037782896310091019e-02
4.807042703032493591e-02
5.665263906121253967e-02
9.535147994756698608e-02
5.008380487561225891e-02
8.375685662031173706e-02
6.159559264779090881e-02
1.058857236057519913e-02
5.106143280863761902e-02
5.915757268667221069e-02
8.393726497888565063e-02
2.471773773431777954e-01
2.789500653743743896e-01
4.531874507665634155e-02
7.045596837997436523e-02
3.934621438384056091e-02
1.295878738164901733e-01
6.179895624518394470e-02
8.813849836587905884e-02
6.332539021968841553e-02
2.968897819519042969e-01
9.500720500946044922e-01
7.902456820011138916e-02
7.030274718999862671e-02
3.923611715435981750e-02
1.858281046152114868e-01
7.332137972116470337e-02
6.779017299413681030e-02
6.158809363842010498e-02
1.704533696174621582e-01
2.153918892145156860e-01
7.721231877803802490e-02
5.606719106435775757e-02
7.390085607767105103e-02
1.150926500558853149e-01
4.580697044730186462e-02
5.813670158386230469e-02
8.381816744804382324e-02
7.516018152236938477e-01
7.227328419685363770e-01
1.216117292642593384e-01
2.698841989040374756e-01
8.277813345193862915e-02
1.229562312364578247e-01
5.977790057659149170e-02
5.829484015703201294e-02
2.027920484542846680e-01
3.925971314311027527e-02
9.183763265609741211e-01
8.675943017005920410e-01
9.569041430950164795e-02
3.748363256454467773e-02
8.451659977436065674e-02
6.325256824493408203e-02
1.020825058221817017e-01
8.281979709863662720e-02
1.266540139913558960e-01
1.612110137939453125e-01
1.191935837268829346e-01
4.739462211728096008e-02
4.328047111630439758e-02
5.609654262661933899e-02
3.192415460944175720e-02
7.307064533233642578e-02
8.253117650747299194e-02
4.029331728816032410e-02
7.499612122774124146e-02
2.489992678165435791e-01
1.720087677240371704e-01
4.998228326439857483e-02
6.665540486574172974e-02
6.350233405828475952e-02
1.826714426279067993e-01
5.053428933024406433e-02
6.740460544824600220e-02
5.155645310878753662e-02
6.650260090827941895e-02
4.290042445063591003e-02
8.072858303785324097e-02
3.914742171764373779e-02
2.414624691009521484e-01
4.641067236661911011e-02
7.191366981714963913e-03
2.930074036121368408e-01
4.941138327121734619e-01
2.178362943232059479e-02
4.790477082133293152e-02
1.732976548373699188e-02
6.551432609558105469e-02
9.262654185295104980e-02
5.882289633154869080e-02
5.200831219553947449e-02
5.457764863967895508e-02
8.334241062402725220e-02
8.105497062206268311e-02
2.369945496320724487e-01
9.106743335723876953e-02
3.442464396357536316e-02
9.516127407550811768e-02
2.692114003002643585e-02
4.193063825368881226e-02
1.558308005332946777e-01
5.332594364881515503e-02
3.711967915296554565e-02
1.089347675442695618e-01
7.249890267848968506e-02
7.419840991497039795e-02
3.158672153949737549e-02
1.143935844302177429e-01
2.919418215751647949e-01
6.821921467781066895e-02
1.209273189306259155e-01
6.454940885305404663e-02
5.341449379920959473e-01
7.859171181917190552e-02
6.849221140146255493e-02
4.204533249139785767e-02
5.443304032087326050e-02
1.333169639110565186e-01
4.877966269850730896e-02
9.094081819057464600e-02
9.806770831346511841e-02
7.722555100917816162e-02
3.433335572481155396e-02
6.040377914905548096e-02
1.121827065944671631e-01
4.554862529039382935e-02
8.026252500712871552e-03
1.743580959737300873e-02
1.975641027092933655e-02
6.975947320461273193e-02
6.759492307901382446e-02
1.381284445524215698e-01
5.937670543789863586e-02
1.026695668697357178e-01
2.920917570590972900e-01
1.950988620519638062e-01
1.235981434583663940e-01
9.137018769979476929e-02
3.017942607402801514e-01
7.438418269157409668e-02
2.363063022494316101e-02
5.598172545433044434e-02
5.981842055916786194e-02
8.164701610803604126e-02
4.851143062114715576e-02
1.133833453059196472e-01
1.621223837137222290e-01
5.718152970075607300e-02
3.404083847999572754e-01
3.754808306694030762e-01
8.665480464696884155e-02
1.023113131523132324e-01
6.518617272377014160e-02
5.224504321813583374e-02
1.264405250549316406e-01
7.494202256202697754e-02
5.536974221467971802e-02
5.677680298686027527e-02
4.179319366812705994e-02
1.156227737665176392e-01
1.219106838107109070e-01
2.320479229092597961e-02
7.605535537004470825e-02
2.730634436011314392e-02
1.385563164949417114e-01
4.252557083964347839e-02
5.761108919978141785e-02
1.976621896028518677e-01
6.384111195802688599e-02
2.166704460978507996e-02
8.632740005850791931e-03
5.315006151795387268e-02
5.898593738675117493e-02
2.420298196375370026e-02
1.968159340322017670e-02
3.769803419709205627e-02
8.797127008438110352e-02
3.091577440500259399e-02
8.214129507541656494e-02
9.522899985313415527e-02
5.466967821121215820e-01
9.168823808431625366e-02
1.830644905567169189e-01
7.021912187337875366e-02
5.283871665596961975e-02
3.561166673898696899e-02
7.659023255109786987e-02
4.901699349284172058e-02
5.035495758056640625e-02
1.323793828487396240e-01
2.521310746669769287e-01
5.319956690073013306e-02
1.129402592778205872e-01
1.241899207234382629e-01
3.653206303715705872e-02
1.449077129364013672e-01
1.291333436965942383e-01
2.107778936624526978e-01
5.329916998744010925e-02
1.084819287061691284e-01
9.677740186452865601e-02
6.259766221046447754e-02
1.295687109231948853e-01
2.693419158458709717e-01
1.741329394280910492e-02
7.998895831406116486e-03
4.635484516620635986e-02
9.142247587442398071e-02
1.898782551288604736e-01
8.006682991981506348e-02
1.235320344567298889e-01
1.374014467000961304e-01
4.519312828779220581e-02
4.981783777475357056e-02
5.298701301217079163e-02
7.880720496177673340e-02
5.765947699546813965e-02
5.742911994457244873e-02
5.379022657871246338e-02
1.264441162347793579e-01
4.277798905968666077e-02
4.824506863951683044e-02
2.840640582144260406e-02
4.077855497598648071e-02
1.640576571226119995e-01
2.869888842105865479e-01
8.454835414886474609e-02
1.372097879648208618e-01
1.634270846843719482e-01
2.044999599456787109e-01
6.544196605682373047e-02
8.520446717739105225e-02
4.803198575973510742e-02
1.642438024282455444e-01
8.188148140907287598e-01
8.190749287605285645e-01
8.319545984268188477e-01
3.682343363761901855e-01
4.935709834098815918e-01
9.657767415046691895e-02
6.057915464043617249e-02
2.032246142625808716e-01
4.389992356300354004e-02
3.860092163085937500e-02
1.586209982633590698e-01
4.437781125307083130e-02
1.343351304531097412e-01
3.666702806949615479e-01
5.413775146007537842e-02
4.696844145655632019e-02
9.386195987462997437e-02
1.147898361086845398e-01
1.571083068847656250e-01
9.376800656318664551e-01
3.287732303142547607e-01
2.089316993951797485e-01
2.058396041393280029e-01
1.279702484607696533e-01
4.782085865736007690e-02
1.101129055023193359e-01
6.003676727414131165e-02
9.188727289438247681e-02
2.392537146806716919e-02
2.167252451181411743e-02
2.863135002553462982e-02
9.415391087532043457e-02
9.053144603967666626e-02
5.823933333158493042e-02
1.422984302043914795e-01
6.111071258783340454e-02
5.873737111687660217e-02
5.057362467050552368e-02
2.282274141907691956e-02
1.071341708302497864e-01
1.055756509304046631e-01
1.071301549673080444e-01
3.649044781923294067e-02
3.750721737742424011e-02
1.057748124003410339e-01
1.438497286289930344e-02
9.039070457220077515e-03
6.626278162002563477e-02
7.611938565969467163e-02
5.625511705875396729e-02
1.028750315308570862e-01
3.423523530364036560e-02
1.494981199502944946e-01
7.806690782308578491e-02
7.285950332880020142e-02
1.914650499820709229e-01
2.017543166875839233e-01
8.350769430398941040e-02
8.613933622837066650e-02
2.223387360572814941e-02
7.878867536783218384e-02
6.908674538135528564e-02
3.522063791751861572e-02
6.783891469240188599e-02
2.645931765437126160e-02
2.598111629486083984e-01
1.117333844304084778e-01
1.121795699000358582e-01
3.297175094485282898e-02
4.168784245848655701e-02
1.294202506542205811e-01
3.847276419401168823e-02
2.818470820784568787e-02
9.444021619856357574e-03
3.717547655105590820e-02
2.662524282932281494e-01
2.890456281602382660e-02
2.106509953737258911e-01
1.405878961086273193e-01
1.499431133270263672e-01
2.440852820873260498e-01
5.614370480179786682e-02
1.087055057287216187e-01
8.194046467542648315e-02
1.104025691747665405e-01
5.467846244573593140e-02
1.516647487878799438e-01
1.674131602048873901e-01
7.146071642637252808e-02
1.764500141143798828e-01
1.855791658163070679e-01
5.803924426436424255e-02
9.331054240465164185e-02
3.409004583954811096e-02
3.843040391802787781e-02
1.682635843753814697e-01
5.268752574920654297e-02
5.495826527476310730e-02
1.225510388612747192e-01
5.613824725151062012e-02
5.809199064970016479e-02
6.477099657058715820e-02
2.074408978223800659e-01
8.771616220474243164e-02
8.842316269874572754e-02
7.263747602701187134e-02
1.692308932542800903e-01
3.067743219435214996e-02
1.324164569377899170e-01
1.368792206048965454e-01
4.561855643987655640e-02
1.862619519233703613e-01
7.237699627876281738e-02
3.942449763417243958e-02
2.082900330424308777e-02
1.067918911576271057e-01
5.777170136570930481e-02
7.806534171104431152e-01
6.224023103713989258e-01
1.523818224668502808e-01
3.156902641057968140e-02
1.417678408324718475e-02
3.230771422386169434e-02
2.453237771987915039e-01
5.684348568320274353e-02
4.238247871398925781e-02
1.114776078611612320e-02
3.214576095342636108e-02
6.548283249139785767e-02
4.011701047420501709e-02
7.871652394533157349e-02
1.866438239812850952e-02
3.770685940980911255e-02
8.645433187484741211e-02
1.325122267007827759e-01
1.743759810924530029e-01
2.751772478222846985e-02
4.638687148690223694e-02
1.825340837240219116e-01
3.127301931381225586e-01
6.154142320156097412e-02
7.910721004009246826e-02
8.465014398097991943e-02
2.738929726183414459e-02
3.264801949262619019e-02
3.282094597816467285e-01
7.471340894699096680e-02
4.161223769187927246e-02
5.974473431706428528e-02
1.031284257769584656e-01
3.062613867223262787e-02
1.323128584772348404e-02
7.456232607364654541e-02
2.086303383111953735e-02
3.253093734383583069e-02
3.251225128769874573e-02
7.252441346645355225e-02
9.224312007427215576e-02
6.497213244438171387e-01
6.100702285766601562e-02
9.306607395410537720e-02
1.104883551597595215e-01
7.407286018133163452e-02
6.256666779518127441e-02
5.179578438401222229e-02
3.370529413223266602e-01
1.161047369241714478e-01
8.274512365460395813e-03
1.059904322028160095e-02
1.350263226777315140e-02
4.502576962113380432e-02
4.474997892975807190e-02
5.149254202842712402e-02
6.198496744036674500e-02
1.633077301084995270e-02
2.882345020771026611e-02
8.176282048225402832e-03
9.098166823387145996e-01
9.775691628456115723e-01
2.531235106289386749e-02
4.479581862688064575e-02
1.086584478616714478e-01
2.257257886230945587e-02
9.814292937517166138e-02
8.957023918628692627e-02
4.461162909865379333e-02
2.573038265109062195e-02
5.362544581294059753e-02
7.395403832197189331e-02
6.296086311340332031e-02
6.367528438568115234e-02
6.270061433315277100e-02
1.111744418740272522e-01
3.536175191402435303e-01
4.224865883588790894e-02
4.830970242619514465e-02
9.334264323115348816e-03
1.086460333317518234e-02
2.899481169879436493e-02
6.991603970527648926e-02
4.058675095438957214e-02
1.600364148616790771e-01
3.056623637676239014e-01
5.730515345931053162e-02
7.999966293573379517e-02
4.235016182065010071e-02
4.816525802016258240e-02
9.891896247863769531e-01
8.716181516647338867e-01
3.109000325202941895e-01
9.079214185476303101e-03
1.147898659110069275e-02
3.613532707095146179e-02
1.223351433873176575e-01
8.205077797174453735e-02
1.424835175275802612e-01
1.117022931575775146e-01
3.294371068477630615e-02
8.901209235191345215e-01
1.332395970821380615e-01
1.403536349534988403e-01
7.212010025978088379e-02
6.810063123703002930e-02
6.986980885267257690e-02
6.137784942984580994e-02
8.121418207883834839e-02
1.121778227388858795e-02
1.381267141550779343e-02
2.100884467363357544e-01
4.301443397998809814e-01
4.608098790049552917e-02
1.992587372660636902e-02
1.929338276386260986e-02
7.683530449867248535e-01
8.721596002578735352e-01
2.060913294553756714e-01
1.719810962677001953e-01
3.942023217678070068e-01
4.036146029829978943e-02
1.200978457927703857e-01
5.127752423286437988e-01
9.115791320800781250e-01
1.350073516368865967e-01
5.711842179298400879e-01
8.638330698013305664e-01
1.552458256483078003e-01
6.313850730657577515e-02
3.832877427339553833e-02
1.532396972179412842e-01
6.290838867425918579e-02
1.195684373378753662e-01
3.695920482277870178e-02
9.047036617994308472e-02
3.057928755879402161e-02
6.654430180788040161e-02
1.306299269199371338e-01
3.115149401128292084e-02
6.941395252943038940e-02
7.733755558729171753e-02
1.114545539021492004e-01
2.797500975430011749e-02
1.111617758870124817e-01
5.635070800781250000e-02
4.712429642677307129e-02
1.155950650572776794e-01
2.127615809440612793e-01
1.084163933992385864e-01
2.125922590494155884e-01
8.523380011320114136e-02
2.970713973045349121e-01
5.258430242538452148e-01
1.487587951123714447e-02
2.812458015978336334e-02
3.116710111498832703e-02
1.678027361631393433e-01
2.844275906682014465e-02
9.617964178323745728e-02
9.566031396389007568e-02
8.322242647409439087e-02
5.765911564230918884e-02
7.473146170377731323e-02
4.453318193554878235e-02
1.225367039442062378e-01
2.054385095834732056e-01
1.738423854112625122e-02
5.096232518553733826e-02
7.298697233200073242e-01
9.846875071525573730e-02
3.400049731135368347e-02
1.017089784145355225e-01
8.615401387214660645e-02
2.935560941696166992e-01
8.020677417516708374e-02
5.118692666292190552e-02
5.077541619539260864e-02
6.570875644683837891e-02
4.193526506423950195e-02
1.381471753120422363e-01
1.230046600103378296e-01
7.918768376111984253e-02
5.236347764730453491e-02
1.898849196732044220e-02
1.476763635873794556e-01
7.883532345294952393e-02
4.839166998863220215e-02
6.322666257619857788e-02
1.381259411573410034e-01
1.145179197192192078e-01
3.175244107842445374e-02
5.891893431544303894e-02
8.704376220703125000e-02
3.972556069493293762e-02
8.692142367362976074e-02
9.827610850334167480e-02
2.630467526614665985e-02
3.249927889555692673e-03
2.508210390806198120e-02
2.840384840965270996e-01
5.154258385300636292e-02
3.573099896311759949e-02
9.510143101215362549e-02
2.567220628261566162e-01
8.000626415014266968e-02
1.365671753883361816e-01
2.107400447130203247e-01
5.042566061019897461e-01
7.598609477281570435e-02
4.071746766567230225e-02
5.688881501555442810e-02
1.397162377834320068e-01
1.945149302482604980e-01
7.698553055524826050e-02
8.671890944242477417e-02
9.994395375251770020e-01
9.984773993492126465e-01
7.229804247617721558e-02
6.794361025094985962e-02
6.090001203119754791e-03
2.383285462856292725e-01
6.804010272026062012e-02
1.007604598999023438e-01
3.447701781988143921e-02
6.752927601337432861e-02
5.691147223114967346e-02
1.250104904174804688e-01
7.165608555078506470e-02
5.562948808073997498e-02
9.289414435625076294e-02
1.500720828771591187e-01
1.324645876884460449e-01
4.880393669009208679e-02
7.882065325975418091e-02
3.493352532386779785e-01
7.192113250494003296e-02
3.494281321763992310e-02
2.013736963272094727e-01
1.360202580690383911e-01
6.329496204853057861e-02
1.310137212276458740e-01
5.242648348212242126e-02
5.001971125602722168e-02
5.220224335789680481e-02
3.066572919487953186e-02
1.164470538496971130e-01
5.288209393620491028e-02
5.941990762948989868e-02
6.506267189979553223e-02
2.447424083948135376e-02
5.608487129211425781e-02
3.240136057138442993e-02
6.119156628847122192e-02
5.430959165096282959e-02
4.489177837967872620e-02
6.317638605833053589e-02
3.649485856294631958e-02
6.303454935550689697e-02
4.885459691286087036e-02
6.228256225585937500e-02
8.417756855487823486e-02
5.970646813511848450e-02
4.820693284273147583e-02
9.459478408098220825e-02
9.035544842481613159e-02
8.010612428188323975e-02
3.990729525685310364e-02
3.375916182994842529e-02
1.615620777010917664e-02
1.404975634068250656e-02
1.413329225033521652e-02
2.880761213600635529e-02
1.087676584720611572e-01
9.146652370691299438e-02
1.571600139141082764e-01
3.502447903156280518e-01
2.212095074355602264e-02
8.196491748094558716e-03
7.765545696020126343e-02
2.254166901111602783e-01
4.086886718869209290e-02
2.368256449699401855e-01
1.594906151294708252e-01
5.256045982241630554e-02
5.765921622514724731e-02
3.715275600552558899e-02
1.477718353271484375e-01
4.908262565732002258e-02
8.045460283756256104e-02
1.164381653070449829e-01
1.242011487483978271e-01
3.394526988267898560e-02
7.904317975044250488e-02
6.444825232028961182e-02
5.556214973330497742e-02
1.032741293311119080e-01
3.264155983924865723e-02
1.087996959686279297e-01
2.071612328290939331e-01
2.311503291130065918e-01
2.129345387220382690e-02
6.102069839835166931e-02
6.296040862798690796e-02
5.301785096526145935e-02
5.810021758079528809e-01
2.694709897041320801e-01
1.234984844923019409e-01
8.901268839836120605e-01
3.638398349285125732e-01
4.445628821849822998e-02
4.873144328594207764e-01
6.534864753484725952e-02
1.214300617575645447e-01
7.001526653766632080e-02
2.545945048332214355e-01
1.156312376260757446e-01
6.005686149001121521e-02
8.821228891611099243e-02
7.987008243799209595e-02
2.080183476209640503e-01
6.461776793003082275e-02
6.359703093767166138e-02
1.597044318914413452e-01
3.743341937661170959e-02
2.028557099401950836e-02
2.356716617941856384e-02
8.137117326259613037e-02
9.053289145231246948e-02
9.569686651229858398e-02
1.809419244527816772e-01
1.968843638896942139e-01
3.514381870627403259e-02
4.126354679465293884e-02
3.107402324676513672e-01
1.865096688270568848e-01
1.712647080421447754e-01
4.737841710448265076e-02
2.836854755878448486e-01
5.874034166336059570e-01
6.536825001239776611e-02
