4.608197137713432312e-02
6.604553461074829102e-01
9.850486367940902710e-02
4.187127575278282166e-02
4.213956296443939209e-01
2.405624240636825562e-01
1.957351863384246826e-01
6.315071880817413330e-02
5.762765556573867798e-02
7.230512797832489014e-02
4.442842900753021240e-01
1.764336675405502319e-01
4.682378172874450684e-01
5.638324469327926636e-02
2.338259220123291016e-01
4.649916663765907288e-02
4.048340022563934326e-02
1.802504956722259521e-01
7.155559957027435303e-02
9.055174142122268677e-02
3.463770449161529541e-02
1.806762255728244781e-02
8.249374106526374817e-03
2.091910131275653839e-02
4.928051307797431946e-02
2.088393121957778931e-01
1.758634448051452637e-01
6.447808444499969482e-02
1.226228699088096619e-01
1.357372850179672241e-01
2.642133831977844238e-01
1.022375971078872681e-01
9.999758005142211914e-01
6.747741699218750000e-01
7.957817912101745605e-01
2.997276186943054199e-01
8.139349520206451416e-02
9.873347282409667969e-01
9.872845411300659180e-01
1.376663297414779663e-01
8.390171080827713013e-02
2.107845097780227661e-01
1.113369911909103394e-01
4.071186110377311707e-02
1.291343290358781815e-02
4.253938794136047363e-02
1.532751619815826416e-01
3.412925824522972107e-02
5.933672189712524414e-01
3.982488811016082764e-01
1.580763794481754303e-02
9.341456890106201172e-01
9.707946181297302246e-01
9.025612473487854004e-02
8.773819357156753540e-02
5.202387645840644836e-02
2.300153374671936035e-01
1.500571668148040771e-01
6.376331299543380737e-02
1.089775711297988892e-01
8.928521722555160522e-02
1.157631874084472656e-01
8.431079238653182983e-02
3.492271900177001953e-02
5.993653461337089539e-02
1.129397004842758179e-01
8.128642290830612183e-02
1.406248062849044800e-01
7.802905887365341187e-02
3.672422096133232117e-02
5.542974546551704407e-02
1.807404607534408569e-01
1.107513234019279480e-01
1.423016376793384552e-02
5.820025876164436340e-02
4.682489484548568726e-02
1.488865166902542114e-01
4.550435766577720642e-02
5.542225763201713562e-02
3.757546097040176392e-02
3.273316100239753723e-02
2.200948297977447510e-01
5.566179752349853516e-02
8.409904688596725464e-02
2.143081724643707275e-01
8.161740005016326904e-02
5.052401870489120483e-02
5.059891566634178162e-02
9.704765677452087402e-02
7.867749780416488647e-03
2.394115179777145386e-01
2.494385987520217896e-01
1.323161870241165161e-01
4.788456112146377563e-02
1.263038255274295807e-02
2.564432099461555481e-02
1.151361223310232162e-02
3.038203716278076172e-02
7.226452976465225220e-02
5.535359680652618408e-02
9.334204792976379395e-01
1.054762899875640869e-01
2.548571825027465820e-01
3.274744004011154175e-02
4.219669699668884277e-01
1.440339535474777222e-01
1.503555774688720703e-01
7.070560008287429810e-02
9.958380460739135742e-01
3.271584808826446533e-01
5.330181866884231567e-02
1.185615062713623047e-01
5.241981521248817444e-02
8.158708363771438599e-02
8.145759999752044678e-02
5.767974629998207092e-02
5.397104024887084961e-01
9.264666438102722168e-01
1.478572338819503784e-01
6.792450696229934692e-02
5.439634993672370911e-02
6.727790832519531250e-01
2.611652314662933350e-01
2.070882357656955719e-02
2.784316837787628174e-01
4.731174409389495850e-01
2.614142596721649170e-01
5.715918540954589844e-01
8.102031052112579346e-02
2.190051227807998657e-02
4.983432218432426453e-02
9.788693487644195557e-02
1.101746633648872375e-01
6.672880053520202637e-02
6.038525607436895370e-03
1.309513580054044724e-02
9.725159406661987305e-02
9.361274540424346924e-02
8.091422170400619507e-02
6.790093332529067993e-02
9.820297360420227051e-01
8.813834190368652344e-01
4.128676280379295349e-02
1.025470420718193054e-01
1.588514074683189392e-02
1.064486056566238403e-01
9.999991655349731445e-01
9.999278783798217773e-01
5.679110884666442871e-01
5.612546578049659729e-02
7.890526205301284790e-02
1.733930967748165131e-02
6.581496447324752808e-02
1.322114747017621994e-02
5.188792198896408081e-02
7.351610064506530762e-02
8.365134149789810181e-02
7.750720530748367310e-02
2.726129442453384399e-02
9.682812690734863281e-01
9.904477596282958984e-01
9.770694375038146973e-02
8.905407786369323730e-02
7.429845631122589111e-02
3.987901508808135986e-01
9.527472257614135742e-01
1.109120547771453857e-01
7.681409269571304321e-02
9.180541336536407471e-02
4.744288325309753418e-02
3.409124910831451416e-02
4.324376210570335388e-02
3.367472067475318909e-02
1.507666856050491333e-01
5.586017295718193054e-02
1.303857415914535522e-01
1.041303128004074097e-01
7.896010577678680420e-02
6.343837827444076538e-02
4.277889430522918701e-02
3.421194106340408325e-02
8.929614722728729248e-02
1.151652112603187561e-01
2.848079986870288849e-02
4.583732783794403076e-02
3.409042954444885254e-02
1.062583476305007935e-01
4.509242624044418335e-02
1.747061870992183685e-02
3.826637566089630127e-02
1.363028734922409058e-01
8.832851052284240723e-02
6.706653833389282227e-01
1.084101498126983643e-01
8.960815519094467163e-02
6.529440283775329590e-01
1.739280223846435547e-01
3.344424813985824585e-02
1.311784237623214722e-01
7.410295307636260986e-02
3.516263142228126526e-02
4.217598959803581238e-02
2.183626592159271240e-02
1.504399180412292480e-01
3.849918842315673828e-01
1.966458559036254883e-01
1.279282867908477783e-01
1.657080650329589844e-02
9.416634589433670044e-02
6.758616864681243896e-02
2.222386598587036133e-01
2.912014536559581757e-02
1.659226268529891968e-01
2.803598716855049133e-02
8.266364037990570068e-02
5.129398405551910400e-02
6.477318704128265381e-02
8.988510072231292725e-02
2.655282989144325256e-02
6.361154466867446899e-02
1.904830038547515869e-01
7.813464850187301636e-02
2.052823752164840698e-01
1.058457121253013611e-01
1.053372211754322052e-02
4.855159297585487366e-02
7.578266859054565430e-01
9.257149696350097656e-01
2.857191674411296844e-02
9.510347247123718262e-02
2.942065149545669556e-02
2.351030148565769196e-02
1.796590723097324371e-02
8.589406013488769531e-01
5.058287084102630615e-02
8.558697998523712158e-02
4.684109240770339966e-02
2.003473341464996338e-01
1.715378761291503906e-01
5.958558917045593262e-01
4.015652835369110107e-02
5.902179330587387085e-02
2.183451876044273376e-02
9.207931160926818848e-02
1.025976985692977905e-01
2.787771821022033691e-02
7.682991772890090942e-02
8.663006871938705444e-02
5.979671701788902283e-02
1.589138507843017578e-01
7.275732755661010742e-01
3.561407327651977539e-01
7.190434634685516357e-02
1.506112962961196899e-01
1.190009564161300659e-01
6.253559142351150513e-02
1.179934814572334290e-01
7.684829831123352051e-01
6.874404549598693848e-01
3.124047219753265381e-01
4.727881774306297302e-02
8.506005257368087769e-02
4.450826346874237061e-02
3.248362243175506592e-02
6.926452368497848511e-02
3.163279220461845398e-02
1.305211931467056274e-01
3.858111798763275146e-02
1.080309525132179260e-01
9.861369431018829346e-02
1.707997471094131470e-01
6.667326390743255615e-02
3.303832560777664185e-02
2.556027472019195557e-01
1.849019080400466919e-01
9.842859208583831787e-02
1.860638558864593506e-01
1.249274760484695435e-01
1.542720943689346313e-01
2.926996350288391113e-01
5.641525983810424805e-01
2.362616509199142456e-01
3.074361085891723633e-01
9.793278574943542480e-02
3.257535099983215332e-01
2.740387320518493652e-01
9.553284198045730591e-02
1.509072631597518921e-01
2.795720472931861877e-02
1.084884107112884521e-01
1.196019351482391357e-01
8.799717575311660767e-02
5.324981212615966797e-01
1.577874124050140381e-01
9.274088591337203979e-02
2.141621410846710205e-01
8.637200295925140381e-02
3.845106661319732666e-01
9.328415989875793457e-02
7.519942522048950195e-01
1.898064613342285156e-01
1.135149896144866943e-01
1.134669035673141479e-01
3.960046768188476562e-01
2.139734923839569092e-01
2.073831409215927124e-01
6.645007431507110596e-02
2.569207549095153809e-02
1.041586101055145264e-01
1.145832389593124390e-01
8.300476521253585815e-02
3.481488302350044250e-02
7.930304110050201416e-02
5.848249197006225586e-01
1.565722376108169556e-02
3.783669769763946533e-01
4.844701290130615234e-01
9.032617509365081787e-02
2.040851414203643799e-01
1.020197346806526184e-01
7.632343471050262451e-02
3.584374189376831055e-01
4.229943454265594482e-02
5.816877484321594238e-01
8.659534454345703125e-01
3.847092762589454651e-02
4.583834856748580933e-02
8.875735104084014893e-02
2.716807276010513306e-02
4.519930779933929443e-01
4.997462034225463867e-01
1.458295434713363647e-01
2.152614146471023560e-01
9.132350236177444458e-02
1.067406684160232544e-01
3.105664253234863281e-01
9.748328328132629395e-01
1.130192130804061890e-01
6.436704844236373901e-02
9.744775295257568359e-02
1.798612624406814575e-02
9.962239116430282593e-02
4.291140660643577576e-02
1.084033325314521790e-01
1.007109358906745911e-01
3.369826078414916992e-01
7.981567382812500000e-01
1.070870980620384216e-01
2.173931151628494263e-01
6.115980073809623718e-02
1.497306525707244873e-01
4.442442953586578369e-02
7.807021588087081909e-02
1.440291404724121094e-01
6.048723682761192322e-02
7.235247492790222168e-01
8.432133793830871582e-01
6.051076650619506836e-01
9.942697286605834961e-01
2.854300141334533691e-01
7.607844471931457520e-02
5.557684972882270813e-02
4.023969173431396484e-02
5.406766757369041443e-02
4.915695637464523315e-02
1.029149591922760010e-01
1.837830543518066406e-01
4.913056641817092896e-02
5.350609868764877319e-02
7.310277968645095825e-02
1.334997564554214478e-01
1.130989864468574524e-01
9.306523203849792480e-02
4.087935760617256165e-02
6.022955104708671570e-02
8.308586478233337402e-02
7.452548295259475708e-02
1.719255596399307251e-01
2.179241552948951721e-02
1.253887414932250977e-01
3.614453598856925964e-02
1.674108803272247314e-01
1.793369799852371216e-01
2.169815152883529663e-01
6.310420483350753784e-02
7.254311442375183105e-02
7.341492176055908203e-02
8.259484916925430298e-02
6.209596991539001465e-02
1.181698739528656006e-01
4.601942747831344604e-02
1.364026963710784912e-01
4.584252089262008667e-02
1.305930763483047485e-01
2.672560811042785645e-01
1.220492646098136902e-01
2.573854848742485046e-02
