1.016242615878582001e-02
2.283166162669658661e-02
9.255415201187133789e-02
1.333849430084228516e-01
4.017342999577522278e-02
8.602245897054672241e-02
2.313523367047309875e-02
2.508186362683773041e-02
6.311270594596862793e-02
4.285290092229843140e-02
5.992547795176506042e-02
6.158910691738128662e-02
7.336102426052093506e-02
2.922496944665908813e-02
2.754016779363155365e-02
2.048149704933166504e-02
6.609035283327102661e-02
3.317783400416374207e-02
9.110932052135467529e-02
3.437456116080284119e-02
5.005543306469917297e-02
1.946298964321613312e-02
8.440850675106048584e-02
3.207254037261009216e-02
2.671927586197853088e-02
6.449990440160036087e-03
2.591973915696144104e-02
9.452152252197265625e-02
1.433166712522506714e-01
6.982130557298660278e-02
6.663544476032257080e-02
6.222385913133621216e-03
4.960915073752403259e-02
1.335117816925048828e-01
3.203329816460609436e-02
7.221418619155883789e-02
2.327376045286655426e-02
2.507957518100738525e-01
5.325515940785408020e-02
1.630805879831314087e-01
1.589402183890342712e-02
1.248836982995271683e-02
9.040860459208488464e-03
3.792288526892662048e-02
1.002179607748985291e-01
8.133703470230102539e-02
9.788843244314193726e-02
2.737016603350639343e-02
6.398461759090423584e-02
9.325148165225982666e-02
3.671833872795104980e-02
8.938977867364883423e-02
5.103611201047897339e-02
8.518867194652557373e-02
1.851503551006317139e-01
1.180436685681343079e-01
4.114972054958343506e-02
6.936277449131011963e-02
3.426480665802955627e-02
2.917411737143993378e-02
2.342542260885238647e-01
9.033460170030593872e-02
8.161928504705429077e-03
6.368628144264221191e-02
7.308767735958099365e-02
8.210008591413497925e-02
4.313680157065391541e-02
4.258499294519424438e-02
6.664754450321197510e-02
1.009114086627960205e-01
1.842577569186687469e-02
9.387046098709106445e-03
3.801845386624336243e-02
7.955238223075866699e-02
1.103342175483703613e-01
1.679645664989948273e-02
8.335312828421592712e-03
1.126857008785009384e-02
4.073188453912734985e-02
1.727186590433120728e-01
1.180348843336105347e-01
7.635255157947540283e-02
1.536913029849529266e-02
1.584466919302940369e-02
1.003734469413757324e-01
7.335802912712097168e-02
9.642291814088821411e-02
2.491002902388572693e-02
8.463300019502639771e-02
1.434007659554481506e-02
8.377957157790660858e-03
2.859214879572391510e-02
4.866248369216918945e-02
1.019923314452171326e-01
4.116465896368026733e-02
3.701829016208648682e-01
1.741780340671539307e-01
1.377616822719573975e-02
1.673563010990619659e-02
1.780493929982185364e-02
7.077422738075256348e-02
1.679425872862339020e-02
2.827313914895057678e-02
8.523765951395034790e-03
3.026287071406841278e-02
6.847488880157470703e-02
8.129601925611495972e-02
5.016122013330459595e-02
4.930558800697326660e-02
7.680074870586395264e-02
1.347607094794511795e-02
4.560953751206398010e-02
9.981205314397811890e-02
9.389189630746841431e-02
1.014449223875999451e-01
9.286472946405410767e-02
1.189088970422744751e-01
3.513124585151672363e-01
9.281089901924133301e-02
7.924166321754455566e-02
9.480513632297515869e-02
5.877139791846275330e-02
3.113187663257122040e-02
3.220418468117713928e-02
1.837354153394699097e-02
6.064328551292419434e-02
4.314255714416503906e-02
6.248326227068901062e-02
8.451182395219802856e-02
3.737947717308998108e-02
5.886766314506530762e-02
2.833210676908493042e-02
1.103387326002120972e-01
6.096900999546051025e-02
9.789537638425827026e-02
3.946985602378845215e-01
3.815742582082748413e-02
1.104117780923843384e-01
1.069019362330436707e-01
1.007295325398445129e-01
7.068454474210739136e-02
3.272886574268341064e-02
2.014191262423992157e-02
2.086548320949077606e-02
5.623938515782356262e-02
7.735406048595905304e-03
8.834168314933776855e-02
6.553279608488082886e-02
2.762351371347904205e-02
2.517364621162414551e-01
8.164028637111186981e-03
4.108673706650733948e-02
2.061237208545207977e-02
2.008285373449325562e-02
1.763799190521240234e-01
5.274042114615440369e-02
7.945615798234939575e-02
1.054281368851661682e-01
1.310160309076309204e-01
7.620044052600860596e-02
1.652028560638427734e-01
6.234674528241157532e-02
1.211028471589088440e-01
1.453776359558105469e-01
7.273405790328979492e-02
5.723027884960174561e-02
9.842826426029205322e-02
1.195086166262626648e-01
4.970687255263328552e-02
4.472467303276062012e-02
5.746857076883316040e-02
1.050604954361915588e-01
9.921019673347473145e-01
9.982857108116149902e-01
5.668783187866210938e-02
6.744810938835144043e-02
5.756724625825881958e-02
2.833485603332519531e-02
4.248566925525665283e-02
1.838512420654296875e-01
8.137705922126770020e-02
5.442146956920623779e-02
1.090362966060638428e-01
1.448165327310562134e-01
1.299147158861160278e-01
5.190420523285865784e-02
2.156994789838790894e-01
5.321498587727546692e-02
6.807783246040344238e-02
4.144320264458656311e-02
2.393524646759033203e-01
2.650889009237289429e-02
1.747724860906600952e-01
3.421072959899902344e-01
7.094445079565048218e-02
1.029591858386993408e-01
1.954223066568374634e-01
7.446466386318206787e-02
2.417646907269954681e-02
8.287134021520614624e-02
4.348456487059593201e-02
2.136337384581565857e-02
7.576625049114227295e-02
1.798217445611953735e-01
2.305458039045333862e-01
9.958904385566711426e-01
1.421462744474411011e-01
5.536049231886863708e-02
9.708309769630432129e-01
2.334892153739929199e-01
1.525795161724090576e-01
1.768528372049331665e-01
9.778807312250137329e-02
9.546275436878204346e-02
4.009011015295982361e-02
2.860851883888244629e-01
1.095732748508453369e-01
2.729892358183860779e-02
1.365059018135070801e-01
2.364739030599594116e-02
3.566440567374229431e-02
7.311509847640991211e-01
2.731093168258666992e-01
9.577178955078125000e-02
1.585614234209060669e-01
7.925496995449066162e-02
1.209732443094253540e-01
2.004565298557281494e-01
3.152235969901084900e-02
1.875076740980148315e-01
1.482528597116470337e-01
2.890910506248474121e-01
3.109516501426696777e-01
2.924095690250396729e-01
6.254487037658691406e-01
5.183896049857139587e-02
9.300934672355651855e-01
1.380216181278228760e-01
6.797721982002258301e-02
4.978285729885101318e-02
2.740386128425598145e-01
5.097738280892372131e-02
4.856828227639198303e-02
3.928766399621963501e-02
1.409712880849838257e-01
2.693430893123149872e-02
2.914175018668174744e-02
5.022362247109413147e-02
1.037154868245124817e-01
1.512208580970764160e-01
9.593922644853591919e-02
2.773152589797973633e-01
9.873025119304656982e-02
1.112054288387298584e-01
5.096903070807456970e-02
2.648784816265106201e-01
2.914805896580219269e-02
6.997795403003692627e-02
9.343139827251434326e-02
5.229384452104568481e-02
2.418189309537410736e-02
1.629143953323364258e-01
1.040952503681182861e-01
1.456324309110641479e-01
2.948779985308647156e-02
3.532167151570320129e-02
2.675242908298969269e-02
4.835002124309539795e-02
7.107977569103240967e-02
4.356347396969795227e-02
6.760760396718978882e-02
1.396037340164184570e-01
9.678473323583602905e-02
1.236928552389144897e-01
6.685867160558700562e-02
3.327577561140060425e-02
7.846596091985702515e-02
6.012529507279396057e-02
2.639844454824924469e-02
8.245982229709625244e-02
1.022963225841522217e-01
4.265692830085754395e-01
2.559520900249481201e-01
1.497584432363510132e-01
1.138624921441078186e-01
4.707128554582595825e-02
1.234585866332054138e-01
1.115549579262733459e-01
8.455660939216613770e-02
7.570440322160720825e-02
2.659324556589126587e-02
4.670760035514831543e-02
3.200626000761985779e-02
1.897257417440414429e-01
1.279460825026035309e-02
1.330826897174119949e-02
1.637647300958633423e-02
1.202462613582611084e-01
4.495475068688392639e-02
1.023958325386047363e-01
4.492055252194404602e-02
7.420841604471206665e-02
6.069650128483772278e-02
6.293148547410964966e-02
1.840557903051376343e-02
5.091322213411331177e-02
6.542357802391052246e-02
6.084960699081420898e-02
3.343832865357398987e-02
4.658296704292297363e-02
3.638697043061256409e-02
1.806710287928581238e-02
1.781789585947990417e-02
3.008887544274330139e-02
2.217591926455497742e-02
4.033915325999259949e-02
4.307233169674873352e-02
6.557263433933258057e-02
8.510944247245788574e-02
7.876542955636978149e-02
1.286350190639495850e-01
2.900046855211257935e-02
5.740969255566596985e-02
3.378626704216003418e-02
4.889963194727897644e-02
1.107760444283485413e-01
1.894378960132598877e-01
6.879964470863342285e-02
3.742440938949584961e-01
5.927958711981773376e-02
1.130571141839027405e-01
5.017996579408645630e-02
3.061622381210327148e-02
5.554681643843650818e-02
1.072038151323795319e-02
5.074407439678907394e-03
3.844756633043289185e-03
7.564657926559448242e-02
8.494756370782852173e-02
8.118528872728347778e-02
1.431334018707275391e-01
4.919020831584930420e-02
9.164550341665744781e-03
1.031614560633897781e-02
5.828120559453964233e-02
1.863722316920757294e-02
4.013366997241973877e-01
1.262936592102050781e-01
9.027820825576782227e-02
7.535780966281890869e-02
9.732714295387268066e-02
9.568779170513153076e-02
3.932229802012443542e-02
5.420070886611938477e-02
4.075331147760152817e-03
1.658559218049049377e-02
4.711429029703140259e-02
5.760429054498672485e-02
4.628729075193405151e-02
3.262899070978164673e-02
1.117881312966346741e-01
3.511191532015800476e-02
5.296515673398971558e-02
6.170608848333358765e-02
1.870828866958618164e-01
1.054226979613304138e-01
9.576706588268280029e-02
6.403787434101104736e-02
6.567002087831497192e-02
6.004008278250694275e-02
1.202735975384712219e-01
2.444657683372497559e-01
3.584597706794738770e-01
1.216303929686546326e-01
8.791629225015640259e-02
7.389461994171142578e-02
8.477354049682617188e-02
7.854293286800384521e-02
3.013465739786624908e-02
1.805006712675094604e-01
7.430331408977508545e-02
9.592652916908264160e-01
7.650455832481384277e-01
6.082975491881370544e-02
2.084576636552810669e-01
1.029565185308456421e-01
4.573750495910644531e-02
1.096372827887535095e-01
1.096025947481393814e-02
8.859664201736450195e-02
1.757620088756084442e-02
1.858547702431678772e-02
1.867380924522876740e-02
1.167826727032661438e-02
3.382719308137893677e-02
1.581275314092636108e-01
7.449683547019958496e-02
3.564004227519035339e-02
5.709237977862358093e-02
1.686387360095977783e-01
1.900020241737365723e-02
8.634532988071441650e-02
4.351047426462173462e-02
5.939108505845069885e-02
4.792364314198493958e-02
3.154231607913970947e-02
1.054181158542633057e-02
3.348950296640396118e-02
1.189822182059288025e-01
9.086779505014419556e-02
2.599353343248367310e-02
3.681216761469841003e-02
7.407017797231674194e-02
4.424096047878265381e-01
1.189963370561599731e-01
8.796843886375427246e-02
1.585422009229660034e-01
4.415211081504821777e-01
1.376253068447113037e-01
8.813831955194473267e-02
1.069256961345672607e-01
1.259628534317016602e-01
7.140587270259857178e-02
3.350412845611572266e-02
6.665088236331939697e-02
2.999994345009326935e-02
1.457362174987792969e-01
5.613391473889350891e-02
2.726521193981170654e-01
7.063684463500976562e-01
6.856469511985778809e-01
1.135195046663284302e-01
2.948812767863273621e-02
6.590911000967025757e-02
9.200555086135864258e-02
2.331395000219345093e-01
6.218476295471191406e-01
1.175462231040000916e-01
1.402536183595657349e-01
2.687960490584373474e-02
4.630604013800621033e-02
1.743940711021423340e-01
1.147253811359405518e-01
1.514820009469985962e-01
1.209599003195762634e-01
1.103307306766510010e-01
6.329610943794250488e-02
4.060000926256179810e-02
1.979143023490905762e-01
1.065922621637582779e-02
4.167401418089866638e-02
5.125958099961280823e-02
3.547934070229530334e-02
1.298889610916376114e-02
4.584148153662681580e-02
5.507893487811088562e-02
5.009435489773750305e-02
7.658796012401580811e-02
1.569028645753860474e-01
4.689364135265350342e-02
1.984527558088302612e-01
6.216216459870338440e-02
1.529396027326583862e-01
1.443042308092117310e-01
2.255491167306900024e-02
5.598935857415199280e-02
1.919641196727752686e-01
8.449234813451766968e-02
2.500681877136230469e-01
7.687607407569885254e-02
4.843569546937942505e-02
6.492748856544494629e-02
4.455038160085678101e-02
8.069080114364624023e-02
6.577076762914657593e-02
1.171464994549751282e-01
9.191149473190307617e-02
3.869562968611717224e-02
4.590014368295669556e-02
4.026932269334793091e-02
1.294614523649215698e-01
1.260893791913986206e-01
1.249530166387557983e-01
2.827780246734619141e-01
8.628807961940765381e-02
7.601244002580642700e-02
7.543825358152389526e-02
2.682502940297126770e-02
2.139312773942947388e-01
7.579358667135238647e-02
4.941941797733306885e-01
3.307940065860748291e-01
4.227405786514282227e-02
8.290798217058181763e-02
8.841552734375000000e-01
9.879977703094482422e-01
6.224447488784790039e-01
8.837627768516540527e-01
9.610764980316162109e-01
2.673246562480926514e-01
9.774751663208007812e-01
1.114656850695610046e-01
1.745264418423175812e-02
5.754147469997406006e-02
6.273387372493743896e-02
5.956755280494689941e-01
7.081187516450881958e-02
5.075952783226966858e-02
1.109344661235809326e-01
2.716831676661968231e-02
1.486883610486984253e-01
4.541698098182678223e-01
2.930326163768768311e-01
5.827072858810424805e-01
1.897813677787780762e-01
1.982573270797729492e-01
1.132997199892997742e-01
5.874988064169883728e-02
1.997320353984832764e-01
1.055035367608070374e-01
9.682840108871459961e-02
7.276628911495208740e-02
1.473547518253326416e-01
9.173228591680526733e-02
8.079881966114044189e-02
1.199965327978134155e-01
9.443705528974533081e-02
4.624283313751220703e-02
4.827088117599487305e-02
7.282397896051406860e-02
4.400047287344932556e-02
1.215953156352043152e-01
8.236433565616607666e-02
1.748680919408798218e-01
4.301405698060989380e-02
7.516846060752868652e-02
2.043545693159103394e-01
3.014793433248996735e-02
5.852520093321800232e-02
7.066832482814788818e-02
6.459784507751464844e-01
1.239259913563728333e-01
9.108271598815917969e-01
1.296565979719161987e-01
1.002133116126060486e-01
2.311787940561771393e-02
5.587474629282951355e-02
3.747792840003967285e-01
1.498697996139526367e-01
5.014326423406600952e-02
2.635944075882434845e-02
3.213088586926460266e-02
3.504654467105865479e-01
3.218570649623870850e-01
7.378378510475158691e-02
1.126412451267242432e-01
7.474501132965087891e-01
9.901129007339477539e-01
4.175740480422973633e-02
3.848931193351745605e-02
1.960604451596736908e-02
6.313031911849975586e-02
7.200319319963455200e-02
5.451661348342895508e-02
1.634151637554168701e-01
7.612952589988708496e-02
1.641873866319656372e-01
1.346230357885360718e-01
1.466664373874664307e-01
8.032929897308349609e-02
2.118632793426513672e-01
2.606313489377498627e-02
6.050629168748855591e-02
1.391263306140899658e-01
7.248548418283462524e-02
1.324820965528488159e-01
1.065106913447380066e-01
9.229622036218643188e-02
5.093933269381523132e-02
9.151767492294311523e-01
1.758772432804107666e-01
2.845952212810516357e-01
3.330881595611572266e-01
9.170187711715698242e-01
4.600886628031730652e-02
8.169700205326080322e-02
2.846856415271759033e-02
8.640531450510025024e-02
7.975082844495773315e-02
2.971301600337028503e-02
4.560555145144462585e-02
5.835031718015670776e-02
6.046591699123382568e-02
6.093785911798477173e-02
3.274994790554046631e-01
2.711434662342071533e-01
6.027958169579505920e-02
8.223294466733932495e-02
4.264767840504646301e-02
5.624725297093391418e-02
5.312042310833930969e-02
3.692634403705596924e-02
1.294929087162017822e-01
2.520585954189300537e-01
2.224554419517517090e-01
2.797242999076843262e-01
1.616888493299484253e-01
6.357341259717941284e-02
4.489693045616149902e-02
9.999616146087646484e-01
7.373840808868408203e-01
1.549211144447326660e-01
8.680750429630279541e-02
4.101905822753906250e-01
3.196641504764556885e-01
2.914589084684848785e-02
8.019543439149856567e-02
7.310914248228073120e-02
7.723535597324371338e-02
7.820402085781097412e-02
5.206194147467613220e-02
1.245414391160011292e-01
2.627789676189422607e-01
1.907719671726226807e-01
1.323223300278186798e-02
3.376511037349700928e-01
4.831358045339584351e-02
1.698799580335617065e-01
5.737538263201713562e-02
9.932847023010253906e-01
9.040704965591430664e-01
3.881744667887687683e-02
7.478494197130203247e-02
4.277014136314392090e-01
4.335110634565353394e-02
6.694552302360534668e-02
2.483549900352954865e-02
1.300661265850067139e-01
1.252250373363494873e-01
5.768414959311485291e-02
7.191271185874938965e-01
9.337173104286193848e-01
8.504884690046310425e-02
1.661365330219268799e-01
3.154852986335754395e-01
7.506131380796432495e-02
1.375128328800201416e-01
7.741222530603408813e-02
1.190319359302520752e-01
2.004764229059219360e-02
8.500436693429946899e-02
3.350325673818588257e-02
9.876465052366256714e-02
1.700510531663894653e-01
5.316357314586639404e-02
5.838958173990249634e-02
6.369791179895401001e-02
8.571389317512512207e-01
1.137217581272125244e-01
7.207877188920974731e-02
4.351683333516120911e-02
9.999927282333374023e-01
9.990810155868530273e-01
4.272856563329696655e-02
8.553165197372436523e-02
5.602515116333961487e-02
3.209394589066505432e-02
4.734020233154296875e-01
3.779216483235359192e-02
1.031532809138298035e-01
4.221865534782409668e-02
1.937413364648818970e-01
5.080093070864677429e-02
8.585637062788009644e-02
3.024198487401008606e-02
1.658150181174278259e-02
9.791946411132812500e-02
2.269426174461841583e-02
3.461991623044013977e-02
3.218222409486770630e-02
4.979792609810829163e-02
5.605442076921463013e-02
3.538442775607109070e-02
4.219246506690979004e-01
1.994592100381851196e-01
2.526651024818420410e-01
1.243995502591133118e-01
1.469286065548658371e-02
6.469329446554183960e-02
5.891599133610725403e-02
7.844179123640060425e-02
2.890488319098949432e-02
2.933390736579895020e-01
3.247497230768203735e-02
2.229762263596057892e-02
1.424714829772710800e-02
7.554810494184494019e-02
4.232965409755706787e-01
6.540284156799316406e-01
9.260877966880798340e-01
7.704769372940063477e-01
3.728325292468070984e-02
1.415884494781494141e-01
5.898990482091903687e-02
2.468005754053592682e-02
1.979879476130008698e-02
2.836277149617671967e-02
2.376417070627212524e-01
2.019306831061840057e-02
1.971295848488807678e-02
3.635415434837341309e-01
3.337413370609283447e-01
7.510939836502075195e-01
9.999955892562866211e-01
5.834857746958732605e-02
5.662282928824424744e-02
6.679794937372207642e-02
2.171849273145198822e-02
3.312363103032112122e-02
1.376306712627410889e-01
3.052744567394256592e-01
3.012236021459102631e-02
3.966069966554641724e-02
3.112776204943656921e-02
8.176880888640880585e-03
1.652891375124454498e-02
1.434456706047058105e-01
9.242200851440429688e-01
2.251717001199722290e-01
1.495376825332641602e-01
6.022222340106964111e-02
3.601014241576194763e-02
5.885905772447586060e-02
7.843613624572753906e-02
3.437701240181922913e-02
1.164474785327911377e-01
2.876843214035034180e-01
3.103802166879177094e-02
4.777519404888153076e-02
2.853174507617950439e-02
3.214230760931968689e-02
6.035364419221878052e-02
4.306615889072418213e-02
1.464443206787109375e-01
4.859424382448196411e-02
9.652774930000305176e-01
3.911926224827766418e-02
5.121605098247528076e-02
1.681754924356937408e-02
2.630914747714996338e-02
2.332225441932678223e-01
2.281026393175125122e-01
1.352915167808532715e-01
2.301788888871669769e-02
3.617180511355400085e-02
3.283887729048728943e-02
1.813079267740249634e-01
4.247355833649635315e-02
3.472035825252532959e-01
4.070822894573211670e-02
9.814879894256591797e-01
9.552093148231506348e-01
9.460683912038803101e-02
2.667506039142608643e-01
3.040200285613536835e-02
9.868547916412353516e-01
8.804656267166137695e-01
7.108603119850158691e-01
4.448180198669433594e-01
3.850170224905014038e-02
3.524925708770751953e-01
3.473027050495147705e-01
9.981008172035217285e-01
6.706772744655609131e-02
3.458092361688613892e-02
3.802637010812759399e-02
1.078804954886436462e-01
1.247078180313110352e-01
4.482386633753776550e-02
8.026690036058425903e-02
2.023318707942962646e-01
2.997205853462219238e-01
8.435474336147308350e-02
1.080833468586206436e-02
2.112255431711673737e-02
1.499840319156646729e-01
2.185337245464324951e-02
4.572673887014389038e-02
3.264893218874931335e-02
7.896662503480911255e-02
1.441707760095596313e-01
9.956698119640350342e-02
3.255998343229293823e-02
6.196608766913414001e-02
4.366761818528175354e-02
1.160260587930679321e-01
4.200321063399314880e-02
6.278741359710693359e-02
6.102059781551361084e-02
1.138697564601898193e-01
6.451295316219329834e-02
6.418429315090179443e-02
7.619036734104156494e-02
1.044194996356964111e-01
6.374441832304000854e-02
4.536990541964769363e-03
1.351189613342285156e-02
2.400330454111099243e-02
6.015769019722938538e-02
8.209654688835144043e-02
1.349936127662658691e-01
4.836442694067955017e-02
5.233935639262199402e-02
1.359151303768157959e-01
6.740841269493103027e-02
8.018264919519424438e-02
1.048013344407081604e-01
9.333545714616775513e-02
1.675902456045150757e-01
1.826432347297668457e-01
8.427224308252334595e-02
7.507798820734024048e-02
3.768277466297149658e-01
3.425689041614532471e-01
9.794979095458984375e-01
3.395521640777587891e-01
1.310064196586608887e-01
3.546899557113647461e-02
1.388194859027862549e-01
3.368001803755760193e-02
1.206336840987205505e-01
9.633740186691284180e-01
4.008559286594390869e-01
7.298827171325683594e-02
2.108166962862014771e-01
1.569439172744750977e-01
7.266743481159210205e-02
7.348845899105072021e-02
5.948607325553894043e-01
1.275186985731124878e-01
1.433978378772735596e-01
8.571903407573699951e-02
1.085390597581863403e-01
3.911388665437698364e-02
6.331074237823486328e-02
4.726795107126235962e-02
1.337871104478836060e-01
5.719935894012451172e-02
2.235321700572967529e-01
9.263016581535339355e-01
1.163783371448516846e-01
7.930315099656581879e-03
2.026548981666564941e-02
5.472092330455780029e-02
7.705018855631351471e-03
2.045498229563236237e-02
7.481484860181808472e-02
8.394592255353927612e-02
2.105500549077987671e-02
3.809035941958427429e-02
2.915635891258716583e-02
7.610682863742113113e-03
2.433126419782638550e-02
3.293055891990661621e-01
8.835055828094482422e-01
7.056600600481033325e-02
2.873294986784458160e-02
1.504483669996261597e-01
4.414430260658264160e-02
7.240302860736846924e-02
2.243518978357315063e-01
1.988459974527359009e-01
1.686597242951393127e-02
6.001750379800796509e-02
1.509200632572174072e-01
2.200105488300323486e-01
1.243812516331672668e-01
9.809204190969467163e-02
5.216404795646667480e-02
1.274643391370773315e-01
1.185892224311828613e-01
1.591435968875885010e-01
6.447219103574752808e-02
2.731096744537353516e-02
1.014715656638145447e-01
6.038094162940979004e-01
4.951106384396553040e-02
1.099821850657463074e-01
7.886721491813659668e-01
4.991510137915611267e-02
6.159201636910438538e-02
9.635775536298751831e-02
4.552192240953445435e-02
6.888090074062347412e-02
4.148375988006591797e-02
2.048358917236328125e-01
9.508771449327468872e-02
7.004096359014511108e-02
9.154307097196578979e-02
8.198919147253036499e-02
1.466220319271087646e-01
5.769091472029685974e-02
1.620818525552749634e-01
4.652263969182968140e-02
4.699819162487983704e-02
6.979873776435852051e-02
1.225640028715133667e-01
7.450814843177795410e-01
9.814128875732421875e-01
5.268060415983200073e-02
1.067000031471252441e-01
1.257174909114837646e-01
1.503850072622299194e-01
8.068634569644927979e-02
3.121662698686122894e-02
4.235495626926422119e-02
1.545958071947097778e-01
2.535489499568939209e-01
2.496788799762725830e-01
4.509963840246200562e-02
1.362686157226562500e-01
3.203795850276947021e-01
5.983379483222961426e-02
6.738129258155822754e-02
6.904513388872146606e-02
9.359639883041381836e-02
8.266029953956604004e-01
8.975886106491088867e-01
5.066326633095741272e-02
9.885554015636444092e-02
7.176133990287780762e-01
5.373641252517700195e-01
2.924750931560993195e-02
8.549612015485763550e-02
4.901822209358215332e-01
3.867090046405792236e-01
7.850508391857147217e-02
9.726162254810333252e-02
1.505791209638118744e-02
5.428459867835044861e-02
1.786581613123416901e-02
1.089136227965354919e-01
5.985191464424133301e-02
7.825413346290588379e-02
2.193066477775573730e-02
5.299781635403633118e-02
3.575092181563377380e-02
2.876388430595397949e-01
4.362699389457702637e-01
3.554414212703704834e-01
1.393954008817672729e-01
1.350468099117279053e-01
1.326861381530761719e-01
7.441344112157821655e-02
9.115065634250640869e-02
1.123648807406425476e-01
6.845170259475708008e-02
6.874426454305648804e-02
8.400905132293701172e-02
3.062232397496700287e-02
8.584120124578475952e-02
4.680814966559410095e-02
1.818946003913879395e-01
6.470099836587905884e-02
6.232288107275962830e-02
1.805116683244705200e-01
8.452287316322326660e-02
1.734267324209213257e-01
5.234035104513168335e-02
7.644938677549362183e-02
1.128009855747222900e-01
1.806287467479705811e-01
2.169554829597473145e-01
1.138058304786682129e-01
7.020469754934310913e-02
1.314730644226074219e-01
1.291275322437286377e-01
1.169433295726776123e-01
1.233134865760803223e-01
5.318056046962738037e-02
5.730494484305381775e-02
6.162321940064430237e-02
5.859952419996261597e-02
6.136436015367507935e-02
4.955364018678665161e-02
7.772427052259445190e-02
9.158599376678466797e-02
2.757784537971019745e-02
2.647544443607330322e-02
6.351330876350402832e-02
1.449774056673049927e-01
1.073643639683723450e-01
7.259244471788406372e-02
4.949627816677093506e-02
2.870774269104003906e-02
1.646930575370788574e-01
1.321713328361511230e-01
2.891613543033599854e-01
5.750139430165290833e-02
5.600515604019165039e-01
8.161400258541107178e-02
7.314189523458480835e-02
1.343856304883956909e-01
9.626850485801696777e-02
9.981995820999145508e-02
4.920218884944915771e-02
7.965053617954254150e-02
2.498913742601871490e-02
4.400911927223205566e-02
7.197692990303039551e-02
1.356986016035079956e-01
2.475909888744354248e-02
1.532811671495437622e-02
4.345594346523284912e-02
7.112317532300949097e-02
6.665829569101333618e-02
7.080350816249847412e-02
6.365729570388793945e-01
4.294197633862495422e-02
4.737107828259468079e-02
2.390524558722972870e-02
2.707074023783206940e-02
8.205346018075942993e-02
9.814477525651454926e-03
3.005323745310306549e-02
1.535019185394048691e-02
5.891979485750198364e-02
1.606743484735488892e-01
5.442299321293830872e-02
6.809855997562408447e-02
4.161703586578369141e-02
1.222712546586990356e-01
8.100098371505737305e-02
5.972112715244293213e-02
9.781327098608016968e-02
6.012856215238571167e-02
6.307652592658996582e-02
7.775551825761795044e-02
1.194347906857728958e-02
7.243379019200801849e-03
1.617375575006008148e-02
9.133990854024887085e-02
2.568352408707141876e-02
9.916412644088268280e-03
1.547876186668872833e-02
2.958822995424270630e-02
3.136140061542391777e-03
1.334769837558269501e-02
2.422387525439262390e-02
2.835037745535373688e-02
6.333532929420471191e-02
5.172883719205856323e-02
9.033215045928955078e-02
7.027302682399749756e-02
1.208920218050479889e-02
8.461890742182731628e-03
4.054494202136993408e-02
1.131805106997489929e-01
1.508706212043762207e-01
4.691062122583389282e-02
1.093142405152320862e-01
7.973675429821014404e-02
6.554973125457763672e-02
9.511166065931320190e-02
1.179035827517509460e-01
8.274781703948974609e-02
9.994843006134033203e-01
1.044096425175666809e-01
1.041556745767593384e-01
2.171171084046363831e-02
2.382481843233108521e-01
1.028575673699378967e-01
8.046869039535522461e-01
2.078482806682586670e-01
5.141329169273376465e-01
8.001422882080078125e-02
7.065149396657943726e-02
1.249202415347099304e-01
5.990182980895042419e-02
1.489784866571426392e-01
9.500200301408767700e-02
1.468356549739837646e-01
1.155439093708992004e-01
7.668890058994293213e-02
1.181560680270195007e-01
3.154453635215759277e-02
8.268804848194122314e-02
5.677845701575279236e-02
1.023638248443603516e-01
1.515018939971923828e-01
6.114957481622695923e-02
1.369369626045227051e-01
1.117213219404220581e-01
1.752383261919021606e-01
2.264793068170547485e-01
1.171774417161941528e-02
5.141815915703773499e-02
3.959635645151138306e-02
4.023270606994628906e-01
1.020612418651580811e-01
6.566187739372253418e-02
5.785700306296348572e-02
2.324745506048202515e-01
1.897750794887542725e-01
2.375788800418376923e-02
5.623696371912956238e-02
4.345206916332244873e-02
1.586258560419082642e-01
1.902993768453598022e-02
7.196935266256332397e-02
4.275233671069145203e-02
1.179367601871490479e-01
7.017729431390762329e-02
7.735273838043212891e-01
9.999837875366210938e-01
1.616629064083099365e-01
4.774428606033325195e-01
6.283202767372131348e-02
2.438201196491718292e-02
6.014601513743400574e-02
1.836791932582855225e-01
5.910126864910125732e-02
9.779673814773559570e-02
3.057590723037719727e-01
5.330375581979751587e-02
1.071809977293014526e-01
7.231928706169128418e-01
7.971650958061218262e-01
4.230220317840576172e-01
9.497839212417602539e-02
2.203438580036163330e-01
5.842484161257743835e-02
3.725825622677803040e-02
7.665784098207950592e-03
1.583327539265155792e-02
9.943500161170959473e-02
4.742289334535598755e-02
2.238385751843452454e-02
4.098665341734886169e-02
1.087479367852210999e-01
4.201641678810119629e-01
1.115617081522941589e-01
7.479861378669738770e-02
6.375598162412643433e-02
1.758142113685607910e-01
1.885227262973785400e-01
8.268175274133682251e-02
6.331424415111541748e-02
3.464836776256561279e-01
2.218543440103530884e-01
1.857794634997844696e-02
7.424873858690261841e-02
8.686994016170501709e-02
1.131011098623275757e-01
6.945430487394332886e-02
3.811812028288841248e-02
4.406641423702239990e-01
1.208014339208602905e-01
1.893360167741775513e-01
5.862753093242645264e-02
5.387023091316223145e-01
3.334754407405853271e-01
2.878015302121639252e-02
9.640573710203170776e-02
5.878603830933570862e-02
1.297227591276168823e-01
3.823397681117057800e-02
9.603538364171981812e-02
4.287916421890258789e-02
7.661467045545578003e-02
6.008004024624824524e-02
6.475402414798736572e-02
6.199486926198005676e-02
3.364440798759460449e-01
7.334615290164947510e-02
1.606794297695159912e-01
1.915775053203105927e-02
1.993507146835327148e-02
4.589141905307769775e-01
4.746245220303535461e-02
8.909916132688522339e-02
1.626485288143157959e-01
5.655707791447639465e-02
7.654399424791336060e-02
2.260408736765384674e-02
5.756974220275878906e-02
1.413240432739257812e-01
1.999966986477375031e-02
8.998225629329681396e-02
1.032442152500152588e-01
4.400312155485153198e-02
6.329964101314544678e-02
1.255364865064620972e-01
7.967349141836166382e-02
1.108326092362403870e-01
6.783608347177505493e-02
4.094446823000907898e-02
4.307847097516059875e-02
2.449806779623031616e-01
6.601207256317138672e-01
3.490065932273864746e-01
2.832409143447875977e-01
6.826210021972656250e-02
4.621303826570510864e-02
4.360746964812278748e-02
3.573398664593696594e-02
8.170250803232192993e-02
9.964296221733093262e-01
9.975112676620483398e-01
1.165866851806640625e-01
1.196523532271385193e-01
6.345401704311370850e-02
4.481687769293785095e-02
4.708772897720336914e-02
2.936191484332084656e-02
1.003830414265394211e-02
9.265548549592494965e-03
9.743670374155044556e-02
7.709082961082458496e-02
1.171881053596735001e-02
3.022397682070732117e-02
5.541451647877693176e-02
2.050886675715446472e-02
5.098100751638412476e-02
3.970313817262649536e-02
3.825387358665466309e-02
2.120347321033477783e-01
2.979336306452751160e-02
3.122698701918125153e-02
6.670071184635162354e-02
1.836146116256713867e-01
7.100577652454376221e-02
2.059789141640067101e-03
3.695271164178848267e-02
2.336198277771472931e-02
3.759181126952171326e-02
5.674447864294052124e-02
7.320369035005569458e-02
6.823915988206863403e-02
4.432253912091255188e-02
3.255905210971832275e-02
3.945436794310808182e-03
1.088060345500707626e-02
3.023867867887020111e-02
6.541105359792709351e-02
3.136678040027618408e-02
1.478941645473241806e-02
3.403017297387123108e-02
7.450725883245468140e-02
6.722531467676162720e-02
4.395469650626182556e-02
4.360178112983703613e-02
1.637024432420730591e-01
6.644117087125778198e-02
5.777264758944511414e-02
3.308612480759620667e-02
5.495573580265045166e-02
9.704972803592681885e-02
4.038754478096961975e-02
3.222094476222991943e-02
5.376502871513366699e-02
7.258720695972442627e-02
6.678796559572219849e-02
4.393933713436126709e-02
2.575184404850006104e-01
8.570406585931777954e-02
4.603690654039382935e-02
5.328482016921043396e-02
1.046319007873535156e-01
4.207445681095123291e-02
7.412816286087036133e-01
1.357614845037460327e-01
1.021927408874034882e-02
2.536653280258178711e-01
6.569227576255798340e-02
9.090422093868255615e-02
6.388410180807113647e-02
1.509421318769454956e-01
3.598752915859222412e-01
1.849196851253509521e-01
3.645070269703865051e-02
4.144637659192085266e-02
5.876198410987854004e-02
4.430372640490531921e-02
4.684963077306747437e-02
4.069751501083374023e-02
3.567050397396087646e-02
6.625853478908538818e-02
1.125287264585494995e-01
1.932597309350967407e-01
4.870272055268287659e-02
1.064034178853034973e-01
7.079565525054931641e-02
4.806528985500335693e-02
6.189557909965515137e-02
5.481963604688644409e-02
2.313568070530891418e-02
8.855010382831096649e-03
3.928312566131353378e-03
6.420116126537322998e-02
4.680415987968444824e-02
8.787047266960144043e-01
9.989227652549743652e-01
4.470002651214599609e-02
6.985066086053848267e-02
5.392742529511451721e-02
4.773842915892601013e-02
1.452158298343420029e-02
2.070482075214385986e-02
3.288755938410758972e-02
3.611083701252937317e-02
1.213237866759300232e-01
1.381676197052001953e-01
4.307559505105018616e-02
1.503651291131973267e-01
4.767349734902381897e-02
5.122137069702148438e-02
3.986410051584243774e-02
9.071581065654754639e-03
2.229163050651550293e-02
3.195483610033988953e-02
2.896661683917045593e-02
1.179490983486175537e-02
4.906806349754333496e-02
1.326667815446853638e-01
1.179592534899711609e-01
3.388801589608192444e-02
1.020134463906288147e-01
8.828058242797851562e-01
1.661310046911239624e-01
4.891127720475196838e-02
1.696326211094856262e-02
2.887575030326843262e-01
8.570247888565063477e-02
6.068086251616477966e-02
7.006974518299102783e-02
4.867690503597259521e-01
1.456355303525924683e-01
9.771715998649597168e-01
2.406180948019027710e-01
3.900597989559173584e-02
2.142187580466270447e-02
6.807769834995269775e-02
8.241494186222553253e-03
6.199026945978403091e-03
9.960760474205017090e-01
7.254067063331604004e-01
1.659594848752021790e-02
1.015292257070541382e-01
2.107551321387290955e-02
6.031286716461181641e-02
3.891804441809654236e-02
4.226975515484809875e-02
1.020517572760581970e-01
1.016783490777015686e-01
3.657627105712890625e-02
2.904996462166309357e-02
3.983938694000244141e-02
1.555469483137130737e-01
1.369030028581619263e-01
4.364535957574844360e-02
7.877143472433090210e-02
4.497331380844116211e-02
1.450079530477523804e-01
9.532288461923599243e-02
5.435879901051521301e-02
6.217577308416366577e-02
3.531235828995704651e-02
1.055013108998537064e-02
9.083106182515621185e-03
4.228686913847923279e-02
2.786191403865814209e-01
1.975610405206680298e-01
1.580036990344524384e-02
2.701393365859985352e-01
4.765255749225616455e-02
1.621870324015617371e-02
8.645310066640377045e-03
7.852067798376083374e-02
2.330207675695419312e-01
3.616441041231155396e-02
2.135857008397579193e-02
9.779942631721496582e-01
3.949972987174987793e-02
9.763238020241260529e-03
6.314754020422697067e-03
1.126208007335662842e-01
5.191407352685928345e-02
4.840725287795066833e-02
7.676172256469726562e-02
2.202910631895065308e-01
2.027587406337261200e-02
5.820854008197784424e-02
1.176126971840858459e-01
6.792806833982467651e-02
1.265543699264526367e-01
6.132420897483825684e-02
9.999978542327880859e-01
9.999920129776000977e-01
1.119470968842506409e-01
1.510510146617889404e-01
8.414315432310104370e-02
2.270796708762645721e-02
7.787199318408966064e-02
1.490074545145034790e-01
3.586722910404205322e-02
3.977756947278976440e-02
1.790300197899341583e-02
5.823986977338790894e-02
9.120610356330871582e-02
5.715871974825859070e-02
1.645870208740234375e-01
1.296046972274780273e-01
1.223527491092681885e-01
1.544927358627319336e-01
3.307921290397644043e-01
9.784643650054931641e-01
5.925563722848892212e-02
1.171568501740694046e-02
6.452795118093490601e-02
2.250554263591766357e-01
1.297066174447536469e-02
1.720194071531295776e-01
3.604498878121376038e-02
2.718562819063663483e-02
1.387453675270080566e-01
4.237725958228111267e-02
4.503463208675384521e-02
8.964700251817703247e-02
1.161542758345603943e-01
4.315470457077026367e-01
7.560212612152099609e-01
6.605453044176101685e-02
1.957849040627479553e-02
9.968068450689315796e-02
2.369818091392517090e-01
1.853537559509277344e-01
3.962874412536621094e-01
1.664560586214065552e-01
5.387968197464942932e-02
1.328401118516921997e-01
9.433174133300781250e-02
9.861836433410644531e-01
9.999980926513671875e-01
1.302989572286605835e-01
9.990718960762023926e-02
4.417758435010910034e-02
1.659300625324249268e-01
3.071974590420722961e-02
7.523412257432937622e-02
2.132628709077835083e-01
5.372645333409309387e-02
7.855729013681411743e-02
1.365079283714294434e-01
1.035815253853797913e-01
3.483442962169647217e-02
3.158964216709136963e-01
5.470266938209533691e-02
7.140749692916870117e-02
8.970167487859725952e-02
6.157094612717628479e-02
1.314759254455566406e-01
4.069194942712783813e-02
1.609626263380050659e-01
8.945105224847793579e-02
4.940199851989746094e-02
7.418038696050643921e-02
1.185849308967590332e-01
2.038913518190383911e-01
1.179397851228713989e-01
3.697048723697662354e-01
5.584404245018959045e-02
1.014502421021461487e-01
3.483308851718902588e-01
9.481185674667358398e-01
1.025817990303039551e-01
4.027651995420455933e-02
1.406897604465484619e-01
4.566317200660705566e-01
2.143121510744094849e-01
3.334962129592895508e-01
1.366158425807952881e-01
1.509992778301239014e-01
1.198609918355941772e-02
5.400985106825828552e-02
6.415718793869018555e-02
4.389000684022903442e-02
5.907555669546127319e-02
4.505275189876556396e-02
1.547264158725738525e-01
1.029188781976699829e-01
1.067890524864196777e-01
5.745349824428558350e-02
3.071659244596958160e-02
3.735578805208206177e-02
2.052722871303558350e-01
4.679489433765411377e-01
2.144937776029109955e-02
8.942091464996337891e-02
6.535689234733581543e-01
1.803815513849258423e-01
1.444150805473327637e-01
3.932788223028182983e-02
8.416154235601425171e-02
8.939889073371887207e-01
1.135413348674774170e-01
1.461853682994842529e-01
3.341991081833839417e-02
8.943469822406768799e-02
9.894008189439773560e-02
3.162329271435737610e-02
5.999504402279853821e-02
1.027838811278343201e-01
6.529209017753601074e-02
8.651632070541381836e-02
8.452174812555313110e-02
8.581025898456573486e-02
5.402442067861557007e-02
4.733269289135932922e-02
9.268155097961425781e-01
4.515072703361511230e-02
3.584007173776626587e-02
5.167782306671142578e-02
8.370357006788253784e-02
9.986905455589294434e-01
1.749043464660644531e-01
8.321098238229751587e-02
5.357868596911430359e-02
4.929997771978378296e-02
1.205252707004547119e-01
7.348212599754333496e-02
2.393019013106822968e-02
2.422200739383697510e-01
4.542222917079925537e-01
6.214812025427818298e-02
1.601613499224185944e-02
1.631396077573299408e-02
2.249775081872940063e-02
9.180300682783126831e-02
1.180281490087509155e-01
6.732476949691772461e-01
2.380283623933792114e-01
2.893567979335784912e-01
1.249052733182907104e-01
1.148955151438713074e-01
3.964552655816078186e-02
3.936694934964179993e-02
5.229980126023292542e-02
3.454848229885101318e-01
8.072467893362045288e-02
1.877939887344837189e-02
1.740102656185626984e-02
5.413288250565528870e-02
2.294349968433380127e-01
8.612300455570220947e-02
8.916941285133361816e-01
3.711994886398315430e-01
2.324508428573608398e-01
1.040957588702440262e-02
5.515517666935920715e-02
4.957062378525733948e-02
3.128476813435554504e-02
5.325702205300331116e-02
7.871911674737930298e-02
2.568715810775756836e-01
5.315931513905525208e-02
5.077422037720680237e-02
1.277960091829299927e-01
1.184594184160232544e-01
5.414785351604223251e-03
3.053637780249118805e-02
6.206514686346054077e-02
6.869778782129287720e-02
1.391628235578536987e-01
1.480213701725006104e-01
2.829456515610218048e-02
7.866261526942253113e-03
4.297564923763275146e-02
9.999331235885620117e-01
9.999934434890747070e-01
6.266458332538604736e-02
3.918745741248130798e-02
2.317758649587631226e-01
1.544864326715469360e-01
3.329377993941307068e-02
3.080421686172485352e-01
4.888328909873962402e-02
2.111848741769790649e-01
3.200456127524375916e-02
2.074762880802154541e-01
1.982909291982650757e-01
2.130423188209533691e-01
3.830352425575256348e-02
1.776573807001113892e-01
1.390374451875686646e-01
1.045940667390823364e-01
3.438645601272583008e-02
1.025831848382949829e-01
2.235314995050430298e-01
6.445903796702623367e-03
1.773419789969921112e-02
3.011822514235973358e-02
4.885363578796386719e-02
1.131372526288032532e-01
2.860946953296661377e-02
1.583652198314666748e-02
1.464361883699893951e-02
1.212777867913246155e-01
1.937221735715866089e-01
5.515906214714050293e-01
9.553305059671401978e-02
5.147361382842063904e-02
4.365963116288185120e-02
8.102697730064392090e-01
1.258847415447235107e-01
3.668713942170143127e-02
3.160243481397628784e-02
6.544336676597595215e-02
6.507281213998794556e-02
5.902022123336791992e-02
3.069361113011837006e-02
4.890524223446846008e-02
2.615749603137373924e-03
3.419328108429908752e-02
7.205238938331604004e-02
1.507858484983444214e-01
1.654631346464157104e-01
6.136335432529449463e-02
6.238896027207374573e-02
1.486634612083435059e-01
8.781578391790390015e-03
2.643406391143798828e-02
2.504774183034896851e-02
1.265139728784561157e-01
8.824518322944641113e-02
8.774866908788681030e-02
8.993284404277801514e-02
8.041575551033020020e-01
7.394341230392456055e-01
8.293584734201431274e-02
6.495652794837951660e-01
9.070248901844024658e-02
1.070839166641235352e-02
2.808276563882827759e-02
5.098420009016990662e-02
3.061164729297161102e-02
4.804071187973022461e-01
4.056779146194458008e-01
1.336679160594940186e-01
8.287420123815536499e-02
1.764436364173889160e-01
1.001291573047637939e-01
1.360753029584884644e-01
4.383572190999984741e-02
7.687845826148986816e-02
2.659090161323547363e-01
1.306679546833038330e-01
8.164185285568237305e-02
6.945880502462387085e-02
9.493947774171829224e-02
7.374525815248489380e-02
7.640310376882553101e-02
2.582563459873199463e-02
7.530447095632553101e-02
4.951350018382072449e-02
6.761451810598373413e-02
7.803481221199035645e-01
2.039473205804824829e-01
1.374338101595640182e-02
2.303780615329742432e-02
6.567236185073852539e-01
3.874352872371673584e-01
1.179175823926925659e-01
9.082105010747909546e-02
8.198288828134536743e-02
7.710093259811401367e-01
4.090452790260314941e-01
3.905017673969268799e-01
9.555709958076477051e-01
3.401666507124900818e-02
3.003632463514804840e-02
6.677511334419250488e-02
7.077242732048034668e-01
5.249217152595520020e-01
7.346478849649429321e-02
5.235455557703971863e-02
4.928960278630256653e-02
7.658522576093673706e-02
9.203660488128662109e-02
6.426705420017242432e-02
1.190808601677417755e-02
1.144873071461915970e-02
6.905626971274614334e-03
2.163138091564178467e-01
6.557825803756713867e-01
3.643368184566497803e-02
1.009590364992618561e-02
2.756722085177898407e-02
1.001647412776947021e-01
3.218452632427215576e-02
2.012774907052516937e-02
2.066450752317905426e-02
3.249046579003334045e-02
1.511155664920806885e-01
1.669022627174854279e-02
1.362338569015264511e-02
7.741083949804306030e-02
4.277781024575233459e-02
6.182339042425155640e-02
3.554368764162063599e-02
9.638603776693344116e-02
4.769199714064598083e-02
2.731690742075443268e-02
3.498793020844459534e-02
3.234104812145233154e-02
8.579391986131668091e-03
2.412824891507625580e-02
1.386746317148208618e-01
2.554892748594284058e-02
2.986511029303073883e-02
6.436973214149475098e-01
5.828012228012084961e-01
4.106921330094337463e-02
6.568389385938644409e-02
2.638600952923297882e-02
1.079632993787527084e-02
2.205696329474449158e-02
3.910385817289352417e-02
2.971248328685760498e-01
6.943674087524414062e-01
4.681475460529327393e-02
5.786401778459548950e-02
1.060220524668693542e-01
6.401713192462921143e-02
3.515432402491569519e-02
6.156183034181594849e-02
1.886052638292312622e-02
6.311041861772537231e-02
8.236736059188842773e-02
1.611766666173934937e-01
4.471084773540496826e-01
3.005724847316741943e-01
8.041885495185852051e-01
7.245107740163803101e-02
3.310338035225868225e-02
6.144605949521064758e-02
1.046678721904754639e-01
6.911222636699676514e-02
1.100141182541847229e-01
8.132118731737136841e-02
7.318619638681411743e-02
9.988252818584442139e-02
8.379089087247848511e-02
1.922021657228469849e-01
2.762665785849094391e-02
2.766769379377365112e-03
1.714835688471794128e-02
3.463087230920791626e-02
2.509913779795169830e-02
8.307756483554840088e-02
4.009958729147911072e-02
6.037115119397640228e-03
1.584523357450962067e-02
1.122707873582839966e-01
1.742129921913146973e-01
7.399024069309234619e-02
4.401632025837898254e-02
2.239963412284851074e-02
3.067963011562824249e-02
7.679508626461029053e-02
3.359436616301536560e-02
4.669517278671264648e-03
1.883892267942428589e-01
6.181741878390312195e-02
4.953459650278091431e-02
5.246805027127265930e-02
9.873700141906738281e-02
5.136959999799728394e-02
1.730593591928482056e-01
1.332764327526092529e-02
1.265882235020399094e-02
6.154766678810119629e-02
7.479414343833923340e-02
1.633215881884098053e-02
4.543925449252128601e-02
6.612892728298902512e-03
1.703557372093200684e-02
9.622662328183650970e-03
4.925952479243278503e-02
9.359923005104064941e-02
6.833288073539733887e-02
6.734298914670944214e-02
4.608788713812828064e-02
4.847852140665054321e-02
1.046744585037231445e-01
1.880007386207580566e-01
4.356220830231904984e-03
5.415265914052724838e-03
1.740796677768230438e-02
1.070772483944892883e-02
1.094969455152750015e-02
4.922808334231376648e-02
4.762903600931167603e-02
4.863844066858291626e-02
1.332008838653564453e-01
1.011710166931152344e-01
9.727088361978530884e-02
7.618929445743560791e-02
7.445494830608367920e-02
7.537529617547988892e-02
7.764779925346374512e-01
6.872838735580444336e-02
7.541288435459136963e-02
6.051227077841758728e-02
3.742583841085433960e-02
1.213189959526062012e-01
6.697709858417510986e-02
1.530033499002456665e-01
3.051090985536575317e-03
1.820751279592514038e-02
2.532214857637882233e-02
5.652694776654243469e-02
5.191510543227195740e-02
1.778618842363357544e-01
9.363586455583572388e-02
6.631015986204147339e-02
2.439537830650806427e-02
1.702124774456024170e-01
3.294204920530319214e-02
9.243045449256896973e-01
6.716991066932678223e-01
3.367488980293273926e-01
1.787708401679992676e-01
5.428718775510787964e-02
9.284503012895584106e-02
3.887221962213516235e-02
8.928005397319793701e-02
1.300005465745925903e-01
1.374072134494781494e-01
1.519916504621505737e-01
3.852720931172370911e-02
7.615769654512405396e-02
7.779113948345184326e-02
1.145294010639190674e-01
3.990851938724517822e-01
3.232641145586967468e-02
5.024254694581031799e-02
1.709674149751663208e-01
2.032475732266902924e-02
6.420829892158508301e-02
1.378796100616455078e-01
6.487590819597244263e-02
1.874277484603226185e-03
2.942957915365695953e-02
6.915156543254852295e-02
4.779070615768432617e-02
4.606068134307861328e-02
8.614370971918106079e-02
1.112001910805702209e-01
8.034448325634002686e-02
3.994522243738174438e-02
1.897928491234779358e-02
9.273388981819152832e-02
5.315709486603736877e-02
2.379472926259040833e-02
9.441163390874862671e-02
1.192457154393196106e-01
6.786910444498062134e-02
1.391027718782424927e-01
9.943098574876785278e-02
1.329299956560134888e-01
1.045379638671875000e-01
6.263413280248641968e-02
1.689231395721435547e-02
4.182444419711828232e-03
2.202125824987888336e-02
7.959549874067306519e-02
7.284433394670486450e-02
5.798521637916564941e-01
8.735234141349792480e-01
1.018638387322425842e-01
5.981175974011421204e-02
8.483902364969253540e-02
2.226095646619796753e-02
4.745227843523025513e-02
1.500784903764724731e-01
9.740211069583892822e-02
4.676018059253692627e-01
1.837732642889022827e-02
6.040635332465171814e-02
7.888954877853393555e-02
6.815385073423385620e-02
8.235400915145874023e-02
1.139331981539726257e-01
6.977621465921401978e-02
2.083496004343032837e-01
7.030245065689086914e-01
2.007029205560684204e-01
1.003907695412635803e-01
6.320053339004516602e-02
5.186067149043083191e-02
2.049648910760879517e-01
1.384941935539245605e-01
1.250453740358352661e-01
2.656756713986396790e-02
1.201347261667251587e-02
1.605423353612422943e-02
1.351910680532455444e-01
2.980818226933479309e-02
1.543946936726570129e-02
2.843795530498027802e-02
4.262057319283485413e-02
7.284817844629287720e-02
3.885798528790473938e-02
5.347980558872222900e-02
8.547418564558029175e-02
3.217957541346549988e-02
6.219592317938804626e-02
2.389399521052837372e-02
9.623335301876068115e-02
5.405905842781066895e-02
4.262967035174369812e-02
1.562072336673736572e-01
5.644298195838928223e-01
2.430485785007476807e-01
6.038025021553039551e-02
5.933894962072372437e-02
5.856844782829284668e-01
6.727943569421768188e-02
2.363490909337997437e-01
1.906767934560775757e-01
4.823604971170425415e-02
8.827920258045196533e-02
1.354758292436599731e-01
2.925790548324584961e-01
3.913310170173645020e-02
4.923484846949577332e-02
2.598775625228881836e-01
1.485512405633926392e-01
1.361224148422479630e-02
1.003171205520629883e-01
3.259937465190887451e-02
3.376695513725280762e-02
4.255980253219604492e-02
1.017662584781646729e-01
4.741283133625984192e-02
1.067364364862442017e-01
3.779515624046325684e-02
1.387331634759902954e-01
4.533429071307182312e-02
9.430719912052154541e-02
6.206870079040527344e-02
5.809651687741279602e-02
4.004745930433273315e-02
1.222356501966714859e-02
2.638320438563823700e-02
4.627236723899841309e-02
1.866804659366607666e-01
1.175235062837600708e-01
7.582481205463409424e-02
8.807075023651123047e-02
5.880012512207031250e-01
2.904219627380371094e-01
5.429005995392799377e-02
3.861810266971588135e-02
1.114165112376213074e-01
2.114754766225814819e-01
3.460150584578514099e-02
7.982473075389862061e-02
1.891220360994338989e-01
2.279068157076835632e-02
1.025736406445503235e-01
3.596265986561775208e-02
7.119479775428771973e-01
4.097801446914672852e-02
1.503072828054428101e-01
5.701854825019836426e-02
3.895089402794837952e-02
7.447049766778945923e-02
1.091636121273040771e-01
1.689569354057312012e-01
1.343514919281005859e-01
5.893186330795288086e-01
6.579803824424743652e-01
8.616835623979568481e-02
7.652557641267776489e-02
3.448254242539405823e-02
2.484730817377567291e-02
4.526339471340179443e-02
3.160357847809791565e-02
2.534580975770950317e-02
4.564280807971954346e-02
1.225028932094573975e-02
1.036531943827867508e-02
1.892578229308128357e-02
2.803755104541778564e-01
5.148668587207794189e-02
1.027131974697113037e-01
7.021199911832809448e-02
6.451125442981719971e-02
3.693749383091926575e-02
6.934112310409545898e-02
5.071990936994552612e-02
7.901527732610702515e-02
2.320560663938522339e-01
3.056273758411407471e-01
4.681471884250640869e-01
8.459641784429550171e-02
6.245509907603263855e-02
9.654288291931152344e-01
1.757520884275436401e-01
5.450052618980407715e-01
5.183297991752624512e-01
9.998950958251953125e-01
9.999145269393920898e-01
1.355094648897647858e-02
3.898675367236137390e-02
6.410709023475646973e-01
2.454326152801513672e-01
5.607730895280838013e-02
1.153154149651527405e-01
2.520420588552951813e-02
6.516425311565399170e-02
1.089736297726631165e-01
5.316344276070594788e-02
8.946621417999267578e-02
6.453524529933929443e-02
5.325657874345779419e-02
1.180364415049552917e-01
1.078582629561424255e-01
3.532449156045913696e-02
5.311479791998863220e-02
5.370614677667617798e-02
9.555490016937255859e-01
6.108792871236801147e-02
1.048740670084953308e-01
9.404495358467102051e-02
1.404360979795455933e-01
4.788931086659431458e-02
8.062494546175003052e-02
1.307330429553985596e-01
1.850862056016921997e-02
5.748899281024932861e-02
9.677600115537643433e-02
1.844243258237838745e-01
3.918845206499099731e-02
8.948171883821487427e-02
9.101329743862152100e-02
3.804128170013427734e-01
1.306286901235580444e-01
3.417879343032836914e-02
2.074207738041877747e-02
3.111612983047962189e-02
8.992622494697570801e-01
4.757827520370483398e-02
8.727083355188369751e-02
3.488191217184066772e-02
8.290839195251464844e-01
1.107752025127410889e-01
4.193563759326934814e-02
1.600405573844909668e-01
2.417974621057510376e-01
9.565773606300354004e-02
8.608728647232055664e-02
7.790414988994598389e-02
2.293088659644126892e-02
1.563012301921844482e-01
3.841092064976692200e-02
1.751112639904022217e-01
1.737229973077774048e-01
4.649946689605712891e-01
1.018004119396209717e-01
1.670451611280441284e-01
3.973776102066040039e-02
9.761798381805419922e-02
3.851101547479629517e-02
3.373917937278747559e-01
9.210326522588729858e-02
9.724416583776473999e-02
6.867070496082305908e-02
1.579438000917434692e-01
4.674083739519119263e-02
6.262797117233276367e-02
9.782631695270538330e-02
4.976385086774826050e-02
9.073430299758911133e-02
1.558244824409484863e-01
3.382182493805885315e-02
6.885477155447006226e-02
2.418482862412929535e-02
2.954826503992080688e-02
2.155679166316986084e-01
4.410402849316596985e-02
5.004956722259521484e-01
8.295134305953979492e-01
4.881414026021957397e-02
7.422509789466857910e-02
1.618654131889343262e-01
4.291391372680664062e-02
4.735983908176422119e-02
6.756785511970520020e-02
6.658704578876495361e-02
3.818037733435630798e-02
4.418699815869331360e-02
6.420587748289108276e-02
2.187259867787361145e-02
1.257184334099292755e-02
8.753709495067596436e-02
1.499491184949874878e-01
5.407881364226341248e-02
1.175799034535884857e-02
6.496926397085189819e-02
9.253076463937759399e-02
3.834323212504386902e-02
1.557184457778930664e-01
5.466923117637634277e-02
1.073962543159723282e-02
2.924327924847602844e-02
2.591922692954540253e-02
4.840822890400886536e-02
1.152474358677864075e-01
7.661718130111694336e-02
3.438281640410423279e-02
1.112616434693336487e-01
9.021539986133575439e-02
9.010095149278640747e-02
6.909500062465667725e-02
3.322586119174957275e-01
4.479632526636123657e-02
4.902311414480209351e-02
5.692012235522270203e-02
1.111037656664848328e-01
2.288979291915893555e-02
6.867373734712600708e-02
3.960146382451057434e-02
8.613453060388565063e-02
4.165468364953994751e-02
1.522711068391799927e-01
1.099504753947257996e-01
7.364515215158462524e-02
1.538948863744735718e-01
4.097604751586914062e-02
4.084702208638191223e-02
3.225977122783660889e-01
1.208043023943901062e-01
2.604529857635498047e-01
6.913708150386810303e-02
6.566993147134780884e-02
4.524165019392967224e-02
1.229223236441612244e-02
1.145484112203121185e-02
4.109537973999977112e-02
1.058388948440551758e-01
2.423839271068572998e-01
4.240671545267105103e-02
1.080892086029052734e-01
8.898273855447769165e-02
6.542199105024337769e-02
4.678031802177429199e-02
1.158976778388023376e-01
5.228597670793533325e-02
2.279641572386026382e-03
5.988445505499839783e-02
2.573817223310470581e-02
1.313627697527408600e-02
7.204574532806873322e-03
7.552592456340789795e-02
6.416792273521423340e-01
3.453704714775085449e-01
7.856201380491256714e-03
1.001969911158084869e-02
2.538373693823814392e-02
1.036514807492494583e-02
7.369939982891082764e-02
1.310235355049371719e-02
1.531854923814535141e-02
7.704631239175796509e-02
1.878283917903900146e-02
5.431496351957321167e-02
8.226092904806137085e-02
9.930641055107116699e-01
3.764742910861968994e-01
1.293711084872484207e-02
2.794407308101654053e-02
3.861422464251518250e-02
3.431287035346031189e-02
2.554882764816284180e-01
3.588705509901046753e-02
3.141699731349945068e-02
6.424351781606674194e-02
1.055645048618316650e-01
1.736310273408889771e-01
4.959394410252571106e-02
6.931520253419876099e-02
5.602585524320602417e-02
4.394045770168304443e-01
4.615309834480285645e-01
1.136891171336174011e-01
8.636388927698135376e-03
7.938141003251075745e-03
2.626316994428634644e-02
9.502201527357101440e-02
1.725849360227584839e-01
4.755757004022598267e-02
2.707384340465068817e-02
1.197584792971611023e-01
1.188615038990974426e-01
4.962154850363731384e-02
2.694467902183532715e-01
2.405124008655548096e-01
3.914162144064903259e-02
2.988334186375141144e-02
4.388378560543060303e-02
5.114585161209106445e-02
8.222492039203643799e-02
1.664374619722366333e-01
5.652970820665359497e-02
3.465493023395538330e-01
7.771618962287902832e-01
8.229306936264038086e-01
6.821439415216445923e-02
2.853881120681762695e-01
5.069704353809356689e-02
1.023378372192382812e-01
9.750720262527465820e-01
8.580124974250793457e-01
3.966962993144989014e-01
1.068580672144889832e-01
5.528530851006507874e-02
5.934884026646614075e-02
9.963142126798629761e-02
8.800739794969558716e-02
1.609088629484176636e-01
7.545297592878341675e-02
3.144775703549385071e-02
1.457929611206054688e-01
2.054896950721740723e-01
4.617726057767868042e-02
6.845320016145706177e-02
5.583685263991355896e-02
3.403366729617118835e-02
8.620373159646987915e-02
8.229137212038040161e-02
4.753867387771606445e-01
6.370293349027633667e-02
6.340558826923370361e-02
4.661741852760314941e-02
6.085826456546783447e-02
6.929891556501388550e-02
4.728517681360244751e-02
1.065978966653347015e-02
3.978032246232032776e-02
1.107420921325683594e-01
7.574303448200225830e-02
7.328087091445922852e-02
7.519090920686721802e-02
3.160971775650978088e-02
3.678459301590919495e-02
1.116075813770294189e-01
4.152704775333404541e-02
1.116779297590255737e-01
3.607558459043502808e-02
1.252584159374237061e-01
4.243822023272514343e-02
8.943999558687210083e-02
5.856272950768470764e-02
6.442939490079879761e-02
4.448133334517478943e-02
8.035069704055786133e-02
1.765144914388656616e-01
1.709185242652893066e-01
7.284594327211380005e-02
5.554846301674842834e-02
4.849687218666076660e-02
4.617165401577949524e-02
7.009266316890716553e-02
2.401974983513355255e-02
1.564560681581497192e-01
4.521299898624420166e-02
1.141056120395660400e-01
4.579028114676475525e-02
6.753966212272644043e-02
3.123871609568595886e-02
1.419968903064727783e-01
7.933200150728225708e-02
7.138022687286138535e-03
1.229233108460903168e-02
2.469916455447673798e-02
6.084306165575981140e-02
1.237258594483137131e-02
4.029840230941772461e-02
2.577762305736541748e-02
7.185848802328109741e-02
1.423138827085494995e-01
5.852531641721725464e-02
3.667169213294982910e-01
9.546650201082229614e-02
4.052168428897857666e-01
1.086812019348144531e-01
3.254020214080810547e-02
1.304081678390502930e-01
4.851579368114471436e-01
1.070569455623626709e-01
1.304912865161895752e-01
5.047811940312385559e-02
9.063999354839324951e-02
2.202581167221069336e-01
1.030924841761589050e-01
9.313163906335830688e-02
7.338263839483261108e-02
2.798095531761646271e-02
1.279285550117492676e-01
2.897460162639617920e-01
9.235862493515014648e-01
6.266101598739624023e-01
5.584070086479187012e-01
3.701716288924217224e-02
7.411842793226242065e-02
5.433310568332672119e-02
1.708698421716690063e-01
8.587023615837097168e-02
1.047207042574882507e-02
2.726872824132442474e-02
2.463165111839771271e-02
1.053625792264938354e-01
4.941134899854660034e-02
7.949066162109375000e-02
2.231041155755519867e-02
2.756778150796890259e-02
3.049485944211483002e-02
5.456566065549850464e-02
9.121754765510559082e-02
8.533056080341339111e-02
1.717891842126846313e-01
2.628855109214782715e-01
1.132274046540260315e-01
2.487753778696060181e-01
8.691938221454620361e-02
7.129231095314025879e-01
7.856961339712142944e-02
2.794064953923225403e-02
1.074293348938226700e-02
1.978621259331703186e-02
1.622849889099597931e-02
2.710933610796928406e-02
3.954758122563362122e-02
1.891382038593292236e-01
1.563016921281814575e-01
1.898366063833236694e-01
1.039383038878440857e-01
7.243593782186508179e-02
3.262014091014862061e-01
9.784052371978759766e-01
8.937574625015258789e-01
7.150094509124755859e-01
3.607963621616363525e-01
2.289989404380321503e-02
5.010307952761650085e-02
5.391770973801612854e-02
6.432886123657226562e-01
3.269117176532745361e-01
5.901519209146499634e-02
7.403584569692611694e-02
3.226750716567039490e-02
5.283625796437263489e-02
6.231551524251699448e-03
9.158468805253505707e-03
1.468841545283794403e-02
2.547916769981384277e-02
1.056198403239250183e-02
5.330785736441612244e-02
7.374719530344009399e-02
6.950901448726654053e-02
6.954157352447509766e-02
4.546535387635231018e-02
4.213517904281616211e-02
6.064884830266237259e-03
8.699845522642135620e-03
5.325537547469139099e-02
3.417480736970901489e-02
1.721847243607044220e-02
3.533609583973884583e-02
3.813204765319824219e-01
1.375874131917953491e-01
1.110052838921546936e-01
1.639373749494552612e-01
1.675614528357982635e-02
1.288711428642272949e-01
5.914494395256042480e-02
4.104503989219665527e-02
6.330210715532302856e-02
1.030693873763084412e-01
3.332825750112533569e-02
1.331598162651062012e-01
1.427211761474609375e-01
1.097876504063606262e-01
1.916007697582244873e-01
1.113417074084281921e-01
4.994303360581398010e-02
2.449396252632141113e-01
1.268987916409969330e-02
1.806867308914661407e-02
2.172665484249591827e-02
1.885609030723571777e-01
1.135345473885536194e-01
5.210354924201965332e-02
1.338457167148590088e-01
4.450105503201484680e-02
1.510703861713409424e-01
6.647294759750366211e-02
4.332230240106582642e-02
1.833836138248443604e-01
1.036450341343879700e-01
2.381179109215736389e-02
4.895410686731338501e-02
3.768721595406532288e-02
2.799117565155029297e-02
2.439542300999164581e-02
3.436028957366943359e-02
3.415498137474060059e-02
5.008752271533012390e-02
9.970928542315959930e-03
2.543353661894798279e-02
1.452117506414651871e-02
1.272557228803634644e-01
5.913361907005310059e-02
1.905065402388572693e-02
6.642349064350128174e-03
9.547348320484161377e-02
7.680283486843109131e-02
4.877325519919395447e-02
3.869265690445899963e-02
4.436590522527694702e-02
2.155640907585620880e-02
6.580694112926721573e-03
5.714369937777519226e-02
9.916940331459045410e-02
7.021171599626541138e-02
4.588244110345840454e-02
9.772540628910064697e-02
6.480766087770462036e-02
6.230778619647026062e-02
1.042608544230461121e-01
4.428390413522720337e-03
2.205702289938926697e-02
2.540128864347934723e-02
1.947274804115295410e-02
1.791492849588394165e-02
2.657333947718143463e-02
2.342555113136768341e-02
3.361515700817108154e-02
3.065924532711505890e-02
7.060161978006362915e-02
3.590684756636619568e-02
1.379178762435913086e-01
4.160375148057937622e-02
2.078349329531192780e-02
1.964835263788700104e-02
3.015285171568393707e-02
1.182788163423538208e-01
5.803880691528320312e-01
2.150922417640686035e-01
3.604312986135482788e-02
1.183123365044593811e-01
1.104244068264961243e-01
4.507214948534965515e-02
7.236332446336746216e-02
9.980829060077667236e-02
6.216626986861228943e-02
6.888037174940109253e-02
2.035485766828060150e-02
9.922444224357604980e-01
8.305331468582153320e-01
1.833428144454956055e-01
9.420652687549591064e-02
9.502585977315902710e-02
4.472914338111877441e-02
7.021255791187286377e-02
9.981314092874526978e-02
6.360678374767303467e-02
6.907811164855957031e-01
2.340954989194869995e-01
3.366263806819915771e-01
2.350481003522872925e-01
1.296829879283905029e-01
1.252457052469253540e-01
1.239860728383064270e-01
6.923865079879760742e-01
3.658061325550079346e-01
1.161024719476699829e-01
1.613508462905883789e-01
8.721112459897994995e-02
7.980392873287200928e-02
1.262190490961074829e-01
5.688004940748214722e-02
1.258872896432876587e-01
4.348501190543174744e-02
5.263506248593330383e-02
2.160879969596862793e-02
3.056949935853481293e-02
9.372592717409133911e-02
5.073246732354164124e-02
8.711536973714828491e-02
2.239131368696689606e-02
1.632024347782135010e-02
5.848584696650505066e-02
3.411260992288589478e-02
5.115059763193130493e-02
5.900573357939720154e-02
1.748384349048137665e-02
2.462207153439521790e-02
8.159571141004562378e-02
1.201381385326385498e-01
2.089402638375759125e-02
3.646180778741836548e-02
6.640554219484329224e-02
4.223095998167991638e-02
1.391358971595764160e-01
2.111617662012577057e-02
3.890032321214675903e-02
1.949959620833396912e-02
7.159186899662017822e-02
1.682991534471511841e-02
3.039533272385597229e-02
6.933490931987762451e-02
4.030458629131317139e-02
1.388286203145980835e-01
6.994435191154479980e-02
6.324601918458938599e-02
5.814165994524955750e-02
5.908309295773506165e-02
1.424958650022745132e-02
7.982242107391357422e-02
4.618548229336738586e-02
6.511918455362319946e-02
9.133141487836837769e-02
6.531880050897598267e-02
5.200510472059249878e-02
4.865315929055213928e-02
7.764349132776260376e-02
2.738124430179595947e-01
5.242143273353576660e-01
1.605428308248519897e-01
1.254962086677551270e-01
1.700627952814102173e-01
5.486792698502540588e-02
5.001028627157211304e-02
6.189435347914695740e-02
2.658122777938842773e-01
3.252880275249481201e-01
1.060752291232347488e-02
1.152097899466753006e-02
2.877952754497528076e-01
1.039088591933250427e-01
2.814504317939281464e-02
6.857563555240631104e-02
2.157970964908599854e-01
1.608880013227462769e-01
1.437121629714965820e-01
6.741952151060104370e-02
9.318771213293075562e-02
1.043464243412017822e-01
7.567167282104492188e-01
9.656115174293518066e-01
1.202996373176574707e-01
1.843949556350708008e-01
1.568836346268653870e-02
4.365220665931701660e-02
5.794431641697883606e-02
2.471359223127365112e-01
7.825728505849838257e-02
1.083566322922706604e-01
1.035898700356483459e-01
1.184205114841461182e-01
1.626749932765960693e-01
1.476039290428161621e-01
1.648950576782226562e-02
1.397217661142349243e-01
3.465807810425758362e-02
6.155481934547424316e-02
1.141762286424636841e-01
5.593085289001464844e-02
3.872517123818397522e-02
1.282576322555541992e-01
6.335540860891342163e-02
1.197301670908927917e-01
2.372647225856781006e-01
3.314140737056732178e-01
1.819653622806072235e-02
1.408188790082931519e-01
3.631454110145568848e-01
2.197037637233734131e-01
8.226380497217178345e-02
7.963898032903671265e-02
1.118137538433074951e-01
1.597301810979843140e-01
1.070657894015312195e-01
