1.280853450298309326e-01
9.991439580917358398e-01
9.892673492431640625e-01
2.829464972019195557e-01
9.864604473114013672e-02
1.561491340398788452e-01
8.709318190813064575e-02
1.158580034971237183e-01
6.114188581705093384e-02
9.939218312501907349e-02
3.876837342977523804e-02
4.109791666269302368e-02
7.379814237356185913e-02
2.511005401611328125e-01
7.189677953720092773e-01
5.845919847488403320e-01
4.708081856369972229e-02
1.890539005398750305e-02
3.715380281209945679e-02
4.987559318542480469e-01
6.963050365447998047e-02
1.488128900527954102e-01
7.566130161285400391e-01
4.347013235092163086e-01
3.968545049428939819e-02
3.973853215575218201e-02
8.904691040515899658e-02
4.501487910747528076e-01
9.904528856277465820e-01
9.662676453590393066e-01
9.570808708667755127e-02
4.849245026707649231e-02
3.234681859612464905e-02
5.599204450845718384e-02
2.263971865177154541e-01
5.029028058052062988e-01
2.174357324838638306e-01
5.634602531790733337e-02
6.370545178651809692e-02
5.336198210716247559e-02
6.876602023839950562e-02
2.219029068946838379e-01
1.579027995467185974e-02
2.136281132698059082e-02
6.778220534324645996e-01
4.069618880748748779e-01
4.879053216427564621e-03
3.499046433717012405e-03
8.419292978942394257e-03
2.637337520718574524e-02
3.976056352257728577e-02
2.627883292734622955e-02
7.655560225248336792e-02
2.030333690345287323e-02
3.821137174963951111e-02
8.272904902696609497e-02
1.031776741147041321e-01
7.111742347478866577e-02
9.881666302680969238e-01
2.050206251442432404e-02
2.345369383692741394e-02
4.290886968374252319e-02
6.655289232730865479e-02
7.328023016452789307e-02
2.113074511289596558e-01
1.100569069385528564e-01
5.020915344357490540e-02
1.266682799905538559e-02
5.927788466215133667e-02
4.385233670473098755e-02
6.831115484237670898e-02
1.105882599949836731e-01
4.630015417933464050e-02
1.427814215421676636e-01
3.590145334601402283e-02
3.287892639636993408e-01
4.164865612983703613e-02
2.359548769891262054e-02
2.462317422032356262e-02
7.390716671943664551e-02
5.751235038042068481e-02
4.230125993490219116e-02
7.177469879388809204e-02
2.414524927735328674e-02
1.664247512817382812e-01
3.384393453598022461e-02
2.540525048971176147e-02
3.794746473431587219e-02
6.952498108148574829e-02
7.396511435508728027e-01
5.033154413104057312e-02
6.164508685469627380e-02
2.453420683741569519e-02
1.958756707608699799e-02
4.013936221599578857e-02
1.943670399487018585e-02
4.442675411701202393e-02
1.641707122325897217e-02
1.099277511239051819e-01
5.200639367103576660e-02
5.042765289545059204e-02
1.103540044277906418e-02
6.877713836729526520e-03
1.323639787733554840e-02
5.719226226210594177e-02
2.671500481665134430e-02
4.869563132524490356e-02
2.876686304807662964e-02
6.177489832043647766e-02
9.636872261762619019e-02
9.570846706628799438e-02
7.535126805305480957e-02
4.964062571525573730e-02
4.681006073951721191e-02
4.730487167835235596e-01
5.136175751686096191e-01
9.331732392311096191e-01
3.844499289989471436e-01
7.842873036861419678e-02
3.645647168159484863e-01
2.272300422191619873e-01
1.206471771001815796e-01
1.170241832733154297e-01
2.719408869743347168e-01
6.264078021049499512e-01
7.073565721511840820e-01
1.976674236357212067e-02
2.092905156314373016e-02
3.604624047875404358e-02
9.619969725608825684e-01
9.799278974533081055e-01
1.271706074476242065e-01
2.553137242794036865e-01
4.570134729146957397e-02
7.019194960594177246e-02
4.894326254725456238e-02
6.237242221832275391e-01
1.297010779380798340e-01
3.221696615219116211e-02
2.303154468536376953e-01
6.551791429519653320e-01
4.554961994290351868e-02
8.147330582141876221e-02
9.723552316427230835e-02
1.511113643646240234e-01
7.340210024267435074e-03
2.170474827289581299e-02
2.545263804495334625e-02
5.767253041267395020e-01
9.809964895248413086e-02
4.422898590564727783e-02
1.590999364852905273e-01
1.187248229980468750e-01
4.203210771083831787e-02
7.004315406084060669e-02
1.071265935897827148e-01
4.786740988492965698e-02
4.631068184971809387e-02
3.468647226691246033e-02
5.951990559697151184e-02
3.642524406313896179e-02
4.272292926907539368e-02
1.151329129934310913e-01
3.876505792140960693e-02
2.222998254001140594e-02
3.564160466194152832e-01
3.876748308539390564e-02
8.244277909398078918e-03
6.097866222262382507e-02
7.392123341560363770e-02
7.170298695564270020e-02
4.718444347381591797e-01
5.216441154479980469e-01
1.841674000024795532e-02
2.196035534143447876e-02
5.674500465393066406e-01
4.238770902156829834e-02
1.171864569187164307e-01
4.096326977014541626e-02
3.550780564546585083e-02
1.186959296464920044e-01
9.409463405609130859e-02
2.793298289179801941e-02
2.384803630411624908e-02
1.529847178608179092e-02
8.934620767831802368e-02
2.356481924653053284e-02
1.374122127890586853e-02
3.394795209169387817e-02
6.293483078479766846e-02
1.323857158422470093e-01
3.898228704929351807e-02
3.474419564008712769e-02
9.992335736751556396e-02
7.761238515377044678e-02
1.273653954267501831e-01
1.827213019132614136e-01
6.584540009498596191e-02
8.353561908006668091e-02
6.798172369599342346e-03
2.265107445418834686e-02
1.349346432834863663e-02
3.217859938740730286e-02
4.279583692550659180e-02
3.903508186340332031e-02
9.024005383253097534e-02
4.211414977908134460e-02
1.077117118984460831e-02
5.016019344329833984e-01
5.577648803591728210e-02
1.902141235768795013e-02
5.327624734491109848e-03
2.136443555355072021e-02
3.359911143779754639e-01
3.597133234143257141e-02
9.772585332393646240e-02
8.941654115915298462e-02
6.276917457580566406e-02
7.424394041299819946e-02
2.020340040326118469e-02
1.501696929335594177e-02
4.584886506199836731e-02
7.776303589344024658e-02
4.636099934577941895e-02
9.412044286727905273e-02
1.909694820642471313e-02
2.762069180607795715e-02
4.874387383460998535e-02
3.628288581967353821e-02
3.184506297111511230e-02
1.057547926902770996e-01
5.494862198829650879e-01
1.134788710623979568e-02
1.321982145309448242e-01
4.197473824024200439e-02
8.157102018594741821e-02
1.787216365337371826e-01
5.585340857505798340e-01
8.071911334991455078e-01
3.700451254844665527e-01
8.565681427717208862e-02
2.785156853497028351e-02
2.250940799713134766e-01
7.361766695976257324e-02
4.638832807540893555e-02
3.841207548975944519e-02
2.979018986225128174e-01
8.263297677040100098e-01
2.640370428562164307e-01
5.219101160764694214e-02
6.464760750532150269e-02
2.857289835810661316e-02
1.139672994613647461e-01
2.446135282516479492e-01
1.168259233236312866e-01
1.583575457334518433e-01
5.166673660278320312e-01
1.199524104595184326e-01
2.995316982269287109e-01
5.895007029175758362e-02
9.120002388954162598e-02
5.908623337745666504e-02
3.624694049358367920e-01
4.484438151121139526e-02
6.391900032758712769e-02
3.942072764039039612e-02
6.354946494102478027e-01
6.737878918647766113e-01
1.367232650518417358e-01
1.679145693778991699e-01
1.635437607765197754e-01
4.394773021340370178e-02
1.109301373362541199e-01
9.565560519695281982e-02
3.159738779067993164e-01
5.473718792200088501e-02
1.024117842316627502e-01
1.096142455935478210e-01
1.401983648538589478e-01
2.920010127127170563e-02
1.192383095622062683e-01
9.559783339500427246e-02
1.475815773010253906e-01
2.758632302284240723e-01
6.940239667892456055e-02
5.760155990719795227e-02
2.839020192623138428e-01
7.256103157997131348e-01
2.289669662714004517e-01
4.590110182762145996e-01
7.573412060737609863e-01
6.918495148420333862e-02
7.108966112136840820e-01
4.053969085216522217e-01
1.038462072610855103e-01
1.328150331974029541e-01
3.663795888423919678e-01
4.111933410167694092e-01
9.466778486967086792e-02
7.323028147220611572e-02
3.899916261434555054e-02
4.736716151237487793e-01
3.898318707942962646e-01
2.240907996892929077e-01
2.039034813642501831e-01
1.125986650586128235e-01
1.245355084538459778e-01
1.861331239342689514e-02
1.573560982942581177e-01
1.714550107717514038e-01
9.441301822662353516e-01
1.698364913463592529e-01
1.111853793263435364e-01
5.759426206350326538e-02
8.606188744306564331e-02
9.301768243312835693e-02
7.809263467788696289e-02
1.406780034303665161e-01
5.477779358625411987e-02
6.522861123085021973e-02
5.917187780141830444e-02
1.431409083306789398e-02
3.921840339899063110e-02
2.571440115571022034e-02
1.602646112442016602e-01
3.780711591243743896e-01
2.053373605012893677e-01
1.514260619878768921e-01
1.768634766340255737e-01
7.394268512725830078e-01
2.153510786592960358e-02
1.121713519096374512e-01
5.163577198982238770e-02
1.035826951265335083e-01
8.799003809690475464e-02
7.396525144577026367e-01
7.551706433296203613e-01
4.108569398522377014e-02
9.882607460021972656e-01
8.911898732185363770e-01
1.385143399238586426e-01
5.084270834922790527e-01
8.622808754444122314e-02
1.148215383291244507e-01
4.887331649661064148e-02
6.687027961015701294e-02
2.949275672435760498e-01
7.129657864570617676e-01
6.377413272857666016e-01
5.791059732437133789e-01
5.135762095451354980e-01
4.628796279430389404e-01
2.404699474573135376e-02
2.506113424897193909e-02
5.503803864121437073e-02
2.244749963283538818e-01
2.489794604480266571e-02
4.541527852416038513e-02
8.495258539915084839e-02
9.385093301534652710e-02
5.189066529273986816e-01
5.522553324699401855e-01
2.474030405282974243e-01
7.768341153860092163e-02
1.454383581876754761e-01
1.267839819192886353e-01
3.826209530234336853e-02
1.395971179008483887e-01
4.525727406144142151e-02
3.381803035736083984e-01
2.832432687282562256e-01
8.553574085235595703e-01
9.027504324913024902e-01
8.761902153491973877e-02
1.859864145517349243e-01
8.317543566226959229e-02
4.988980293273925781e-02
3.965583443641662598e-02
6.795136723667383194e-03
2.402767539024353027e-02
4.206778481602668762e-02
2.650918997824192047e-02
5.293288081884384155e-02
1.072048209607601166e-02
1.890566386282444000e-02
3.336564823985099792e-02
2.201920300722122192e-01
8.762302808463573456e-03
3.834364935755729675e-02
5.699601769447326660e-02
2.007516324520111084e-01
3.616179153323173523e-02
4.229764640331268311e-02
8.052147924900054932e-02
5.820332840085029602e-02
6.942050904035568237e-02
3.515239059925079346e-02
2.364337742328643799e-01
4.468733370304107666e-01
8.325881510972976685e-02
5.423086285591125488e-01
2.480503022670745850e-01
7.122800499200820923e-02
1.666346490383148193e-01
6.340682506561279297e-02
6.566139310598373413e-02
5.051086843013763428e-02
2.032473385334014893e-01
1.347923427820205688e-01
3.804351016879081726e-02
1.086187437176704407e-01
3.849493339657783508e-02
1.274583190679550171e-01
4.197646304965019226e-02
1.826050877571105957e-02
5.901934951543807983e-02
9.970498085021972656e-01
1.582824289798736572e-01
7.166413217782974243e-02
1.806666702032089233e-01
9.362392872571945190e-02
9.991330504417419434e-01
7.002413272857666016e-02
3.749828413128852844e-02
1.469868887215852737e-02
7.800443470478057861e-02
2.617957256734371185e-02
4.720607027411460876e-02
6.215723231434822083e-02
5.917906016111373901e-02
1.756308078765869141e-01
2.898586355149745941e-02
2.966645359992980957e-02
7.218937575817108154e-02
7.244734466075897217e-02
6.485923379659652710e-02
1.113317757844924927e-01
5.908755958080291748e-02
2.932992018759250641e-02
8.971749804913997650e-03
9.454970248043537140e-03
4.655646905303001404e-02
6.132503971457481384e-02
6.433411687612533569e-02
5.262680649757385254e-01
2.017666772007942200e-02
3.333577886223793030e-02
3.639737144112586975e-02
8.468282967805862427e-02
5.684131011366844177e-02
4.608197137713432312e-02
6.604553461074829102e-01
9.850486367940902710e-02
4.187127575278282166e-02
4.213956296443939209e-01
2.405624240636825562e-01
1.957351863384246826e-01
6.315071880817413330e-02
5.762765556573867798e-02
7.230512797832489014e-02
4.442842900753021240e-01
1.764336675405502319e-01
4.682378172874450684e-01
5.638324469327926636e-02
2.338259220123291016e-01
4.649916663765907288e-02
4.048340022563934326e-02
1.802504956722259521e-01
7.155559957027435303e-02
9.055174142122268677e-02
3.463770449161529541e-02
1.806762255728244781e-02
8.249374106526374817e-03
2.091910131275653839e-02
4.928051307797431946e-02
2.088393121957778931e-01
1.758634448051452637e-01
6.447808444499969482e-02
1.226228699088096619e-01
1.357372850179672241e-01
2.642133831977844238e-01
1.022375971078872681e-01
9.999758005142211914e-01
6.747741699218750000e-01
7.957817912101745605e-01
2.997276186943054199e-01
8.139349520206451416e-02
9.873347282409667969e-01
9.872845411300659180e-01
1.376663297414779663e-01
8.390171080827713013e-02
2.107845097780227661e-01
1.113369911909103394e-01
4.071186110377311707e-02
1.291343290358781815e-02
4.253938794136047363e-02
1.532751619815826416e-01
3.412925824522972107e-02
5.933672189712524414e-01
3.982488811016082764e-01
1.580763794481754303e-02
9.341456890106201172e-01
9.707946181297302246e-01
9.025612473487854004e-02
8.773819357156753540e-02
5.202387645840644836e-02
2.300153374671936035e-01
1.500571668148040771e-01
6.376331299543380737e-02
1.089775711297988892e-01
8.928521722555160522e-02
1.157631874084472656e-01
8.431079238653182983e-02
3.492271900177001953e-02
5.993653461337089539e-02
1.129397004842758179e-01
8.128642290830612183e-02
1.406248062849044800e-01
7.802905887365341187e-02
3.672422096133232117e-02
5.542974546551704407e-02
1.807404607534408569e-01
1.107513234019279480e-01
1.423016376793384552e-02
5.820025876164436340e-02
4.682489484548568726e-02
1.488865166902542114e-01
4.550435766577720642e-02
5.542225763201713562e-02
3.757546097040176392e-02
3.273316100239753723e-02
2.200948297977447510e-01
5.566179752349853516e-02
8.409904688596725464e-02
2.143081724643707275e-01
8.161740005016326904e-02
5.052401870489120483e-02
5.059891566634178162e-02
9.704765677452087402e-02
7.867749780416488647e-03
2.394115179777145386e-01
2.494385987520217896e-01
1.323161870241165161e-01
4.788456112146377563e-02
1.263038255274295807e-02
2.564432099461555481e-02
1.151361223310232162e-02
3.038203716278076172e-02
7.226452976465225220e-02
5.535359680652618408e-02
9.334204792976379395e-01
1.054762899875640869e-01
2.548571825027465820e-01
3.274744004011154175e-02
4.219669699668884277e-01
1.440339535474777222e-01
1.503555774688720703e-01
7.070560008287429810e-02
9.958380460739135742e-01
3.271584808826446533e-01
5.330181866884231567e-02
1.185615062713623047e-01
5.241981521248817444e-02
8.158708363771438599e-02
8.145759999752044678e-02
5.767974629998207092e-02
5.397104024887084961e-01
9.264666438102722168e-01
1.478572338819503784e-01
6.792450696229934692e-02
5.439634993672370911e-02
6.727790832519531250e-01
2.611652314662933350e-01
2.070882357656955719e-02
2.784316837787628174e-01
4.731174409389495850e-01
2.614142596721649170e-01
5.715918540954589844e-01
8.102031052112579346e-02
2.190051227807998657e-02
4.983432218432426453e-02
9.788693487644195557e-02
1.101746633648872375e-01
6.672880053520202637e-02
6.038525607436895370e-03
1.309513580054044724e-02
9.725159406661987305e-02
9.361274540424346924e-02
8.091422170400619507e-02
6.790093332529067993e-02
9.820297360420227051e-01
8.813834190368652344e-01
4.128676280379295349e-02
1.025470420718193054e-01
1.588514074683189392e-02
1.064486056566238403e-01
9.999991655349731445e-01
9.999278783798217773e-01
5.679110884666442871e-01
5.612546578049659729e-02
7.890526205301284790e-02
1.733930967748165131e-02
6.581496447324752808e-02
1.322114747017621994e-02
5.188792198896408081e-02
7.351610064506530762e-02
8.365134149789810181e-02
7.750720530748367310e-02
2.726129442453384399e-02
9.682812690734863281e-01
9.904477596282958984e-01
9.770694375038146973e-02
8.905407786369323730e-02
7.429845631122589111e-02
3.987901508808135986e-01
9.527472257614135742e-01
1.109120547771453857e-01
7.681409269571304321e-02
9.180541336536407471e-02
4.744288325309753418e-02
3.409124910831451416e-02
4.324376210570335388e-02
3.367472067475318909e-02
1.507666856050491333e-01
5.586017295718193054e-02
1.303857415914535522e-01
1.041303128004074097e-01
7.896010577678680420e-02
6.343837827444076538e-02
4.277889430522918701e-02
3.421194106340408325e-02
8.929614722728729248e-02
1.151652112603187561e-01
2.848079986870288849e-02
4.583732783794403076e-02
3.409042954444885254e-02
1.062583476305007935e-01
4.509242624044418335e-02
1.747061870992183685e-02
3.826637566089630127e-02
1.363028734922409058e-01
8.832851052284240723e-02
6.706653833389282227e-01
1.084101498126983643e-01
8.960815519094467163e-02
6.529440283775329590e-01
1.739280223846435547e-01
3.344424813985824585e-02
1.311784237623214722e-01
7.410295307636260986e-02
3.516263142228126526e-02
4.217598959803581238e-02
2.183626592159271240e-02
1.504399180412292480e-01
3.849918842315673828e-01
1.966458559036254883e-01
1.279282867908477783e-01
1.657080650329589844e-02
9.416634589433670044e-02
6.758616864681243896e-02
2.222386598587036133e-01
2.912014536559581757e-02
1.659226268529891968e-01
2.803598716855049133e-02
8.266364037990570068e-02
5.129398405551910400e-02
6.477318704128265381e-02
8.988510072231292725e-02
2.655282989144325256e-02
6.361154466867446899e-02
1.904830038547515869e-01
7.813464850187301636e-02
2.052823752164840698e-01
1.058457121253013611e-01
1.053372211754322052e-02
4.855159297585487366e-02
7.578266859054565430e-01
9.257149696350097656e-01
2.857191674411296844e-02
9.510347247123718262e-02
2.942065149545669556e-02
2.351030148565769196e-02
1.796590723097324371e-02
8.589406013488769531e-01
5.058287084102630615e-02
8.558697998523712158e-02
4.684109240770339966e-02
2.003473341464996338e-01
1.715378761291503906e-01
5.958558917045593262e-01
4.015652835369110107e-02
5.902179330587387085e-02
2.183451876044273376e-02
9.207931160926818848e-02
1.025976985692977905e-01
2.787771821022033691e-02
7.682991772890090942e-02
8.663006871938705444e-02
5.979671701788902283e-02
1.589138507843017578e-01
7.275732755661010742e-01
3.561407327651977539e-01
7.190434634685516357e-02
1.506112962961196899e-01
1.190009564161300659e-01
6.253559142351150513e-02
1.179934814572334290e-01
7.684829831123352051e-01
6.874404549598693848e-01
3.124047219753265381e-01
4.727881774306297302e-02
8.506005257368087769e-02
4.450826346874237061e-02
3.248362243175506592e-02
6.926452368497848511e-02
3.163279220461845398e-02
1.305211931467056274e-01
3.858111798763275146e-02
1.080309525132179260e-01
9.861369431018829346e-02
1.707997471094131470e-01
6.667326390743255615e-02
3.303832560777664185e-02
2.556027472019195557e-01
1.849019080400466919e-01
9.842859208583831787e-02
1.860638558864593506e-01
1.249274760484695435e-01
1.542720943689346313e-01
2.926996350288391113e-01
5.641525983810424805e-01
2.362616509199142456e-01
3.074361085891723633e-01
9.793278574943542480e-02
3.257535099983215332e-01
2.740387320518493652e-01
9.553284198045730591e-02
1.509072631597518921e-01
2.795720472931861877e-02
1.084884107112884521e-01
1.196019351482391357e-01
8.799717575311660767e-02
5.324981212615966797e-01
1.577874124050140381e-01
9.274088591337203979e-02
2.141621410846710205e-01
8.637200295925140381e-02
3.845106661319732666e-01
9.328415989875793457e-02
7.519942522048950195e-01
1.898064613342285156e-01
1.135149896144866943e-01
1.134669035673141479e-01
3.960046768188476562e-01
2.139734923839569092e-01
2.073831409215927124e-01
6.645007431507110596e-02
2.569207549095153809e-02
1.041586101055145264e-01
1.145832389593124390e-01
8.300476521253585815e-02
3.481488302350044250e-02
7.930304110050201416e-02
5.848249197006225586e-01
1.565722376108169556e-02
3.783669769763946533e-01
4.844701290130615234e-01
9.032617509365081787e-02
2.040851414203643799e-01
1.020197346806526184e-01
7.632343471050262451e-02
3.584374189376831055e-01
4.229943454265594482e-02
5.816877484321594238e-01
8.659534454345703125e-01
3.847092762589454651e-02
4.583834856748580933e-02
8.875735104084014893e-02
2.716807276010513306e-02
4.519930779933929443e-01
4.997462034225463867e-01
1.458295434713363647e-01
2.152614146471023560e-01
9.132350236177444458e-02
1.067406684160232544e-01
3.105664253234863281e-01
9.748328328132629395e-01
1.130192130804061890e-01
6.436704844236373901e-02
9.744775295257568359e-02
1.798612624406814575e-02
9.962239116430282593e-02
4.291140660643577576e-02
1.084033325314521790e-01
1.007109358906745911e-01
3.369826078414916992e-01
7.981567382812500000e-01
1.070870980620384216e-01
2.173931151628494263e-01
6.115980073809623718e-02
1.497306525707244873e-01
4.442442953586578369e-02
7.807021588087081909e-02
1.440291404724121094e-01
6.048723682761192322e-02
7.235247492790222168e-01
8.432133793830871582e-01
6.051076650619506836e-01
9.942697286605834961e-01
2.854300141334533691e-01
7.607844471931457520e-02
5.557684972882270813e-02
4.023969173431396484e-02
5.406766757369041443e-02
4.915695637464523315e-02
1.029149591922760010e-01
1.837830543518066406e-01
4.913056641817092896e-02
5.350609868764877319e-02
7.310277968645095825e-02
1.334997564554214478e-01
1.130989864468574524e-01
9.306523203849792480e-02
4.087935760617256165e-02
6.022955104708671570e-02
8.308586478233337402e-02
7.452548295259475708e-02
1.719255596399307251e-01
2.179241552948951721e-02
1.253887414932250977e-01
3.614453598856925964e-02
1.674108803272247314e-01
1.793369799852371216e-01
2.169815152883529663e-01
6.310420483350753784e-02
7.254311442375183105e-02
7.341492176055908203e-02
8.259484916925430298e-02
6.209596991539001465e-02
1.181698739528656006e-01
4.601942747831344604e-02
1.364026963710784912e-01
4.584252089262008667e-02
1.305930763483047485e-01
2.672560811042785645e-01
1.220492646098136902e-01
2.573854848742485046e-02
1.737847030162811279e-01
2.898430526256561279e-01
5.250205472111701965e-02
7.573036849498748779e-02
7.572886347770690918e-02
7.512369006872177124e-02
5.466101318597793579e-02
1.589206792414188385e-02
3.196492791175842285e-02
4.154828190803527832e-02
3.150482177734375000e-01
3.605641126632690430e-01
3.029704838991165161e-02
6.456148624420166016e-02
7.475026696920394897e-02
2.205844074487686157e-01
1.043962389230728149e-01
6.799323856830596924e-02
9.905115514993667603e-02
4.598691686987876892e-02
3.888303413987159729e-02
6.170894950628280640e-02
6.057778373360633850e-02
5.037415027618408203e-02
1.010842472314834595e-01
6.371188908815383911e-02
7.447703182697296143e-02
1.270430684089660645e-01
2.118091881275177002e-01
7.037224769592285156e-01
