3.703647106885910034e-02
3.964722156524658203e-01
3.710389137268066406e-02
1.194754317402839661e-01
5.631786584854125977e-01
1.320265382528305054e-01
8.082044124603271484e-02
8.262294530868530273e-02
5.819769948720932007e-02
9.261983633041381836e-02
1.251479983329772949e-01
6.101243197917938232e-02
9.576641768217086792e-02
4.003565385937690735e-02
3.745796531438827515e-02
4.658024385571479797e-02
1.779613941907882690e-01
5.065274611115455627e-02
8.464121073484420776e-02
1.518844366073608398e-01
1.194612234830856323e-01
6.906982511281967163e-02
7.632488012313842773e-02
6.126518920063972473e-02
2.083809375762939453e-01
1.911272406578063965e-01
5.877736210823059082e-02
4.259959608316421509e-02
1.525132078677415848e-02
9.863347560167312622e-02
6.800653040409088135e-02
6.738944351673126221e-02
8.069507479667663574e-01
7.543591409921646118e-02
3.710154816508293152e-02
9.938928484916687012e-02
1.013540253043174744e-01
7.274272292852401733e-02
8.654581010341644287e-02
6.219468265771865845e-02
4.715633764863014221e-02
9.120959043502807617e-02
5.496119707822799683e-02
6.146826222538948059e-02
7.123354077339172363e-02
3.874430060386657715e-02
2.864844910800457001e-02
3.923946991562843323e-03
6.993920356035232544e-02
1.067373156547546387e-01
5.314304307103157043e-02
6.234784424304962158e-02
6.034263968467712402e-02
1.188960373401641846e-01
3.296914324164390564e-02
6.678717583417892456e-02
5.621294304728507996e-02
6.675885617733001709e-02
8.672416210174560547e-02
9.999737739562988281e-01
7.808526158332824707e-01
1.713802218437194824e-01
1.362051814794540405e-01
7.382195442914962769e-02
5.434484034776687622e-02
6.727614253759384155e-02
4.991609230637550354e-02
2.077076397836208344e-02
1.090839281678199768e-01
1.430004369467496872e-02
2.429852262139320374e-02
7.978729903697967529e-02
9.156518429517745972e-02
6.470882892608642578e-02
4.940310493111610413e-02
6.571441888809204102e-02
5.137084424495697021e-02
5.490837991237640381e-02
8.424349129199981689e-02
4.040706530213356018e-02
1.228649634867906570e-02
8.431638590991497040e-03
1.189955510199069977e-02
4.777831956744194031e-02
5.434935092926025391e-01
4.247416928410530090e-02
2.254709303379058838e-01
6.678811460733413696e-02
4.086917638778686523e-02
2.403044402599334717e-01
9.491603076457977295e-02
8.039642125368118286e-02
2.086208164691925049e-01
3.495655581355094910e-02
7.917036116123199463e-02
1.602205038070678711e-01
7.200714945793151855e-02
2.653557956218719482e-01
8.434644937515258789e-01
7.364428788423538208e-02
9.078559279441833496e-02
5.824628844857215881e-02
6.527744233608245850e-02
9.479991346597671509e-02
1.152807921171188354e-01
1.429360359907150269e-01
2.325053513050079346e-01
3.676730394363403320e-02
2.007988244295120239e-01
3.350035548210144043e-01
9.625964611768722534e-02
1.113462373614311218e-01
9.387362748384475708e-02
3.250209987163543701e-02
1.979813911020755768e-02
4.903625696897506714e-02
2.891053557395935059e-01
5.002485588192939758e-02
1.096942499279975891e-01
2.250038273632526398e-02
8.738247305154800415e-02
7.925098538398742676e-01
1.829922646284103394e-01
5.193658173084259033e-02
1.137147992849349976e-01
1.980701833963394165e-02
1.373548433184623718e-02
4.126601666212081909e-02
5.607229843735694885e-02
7.065422087907791138e-02
4.444215446710586548e-02
3.568363562226295471e-02
2.498771250247955322e-02
2.601097524166107178e-02
1.135638952255249023e-01
7.836790382862091064e-02
9.024512767791748047e-02
5.535369366407394409e-02
1.065797135233879089e-01
7.581199705600738525e-02
4.679832980036735535e-02
3.877345621585845947e-01
4.421310424804687500e-01
1.298356615006923676e-02
3.923024609684944153e-02
1.920134574174880981e-02
2.121067233383655548e-02
4.187358915805816650e-02
5.154507160186767578e-01
5.110596418380737305e-01
5.666704103350639343e-02
5.777232348918914795e-02
6.658095121383666992e-02
2.519262023270130157e-02
6.381053924560546875e-01
9.132053703069686890e-02
3.346160799264907837e-02
1.601088233292102814e-02
1.093941181898117065e-02
2.375908382236957550e-02
7.345458120107650757e-02
2.833373248577117920e-01
5.071353539824485779e-02
1.339165419340133667e-01
4.069864004850387573e-02
1.562621444463729858e-01
2.484919317066669464e-02
2.489097714424133301e-01
2.746126353740692139e-01
2.958996407687664032e-02
7.853385061025619507e-03
1.173587590456008911e-01
5.586522817611694336e-02
4.843228682875633240e-02
4.237551987171173096e-02
5.622413754463195801e-02
3.129802644252777100e-02
8.297652751207351685e-02
6.363357603549957275e-02
1.397872418165206909e-01
4.469789937138557434e-02
2.921728603541851044e-02
4.460112005472183228e-02
3.543985635042190552e-02
2.413005977869033813e-01
3.951125741004943848e-01
8.243434876203536987e-02
7.028701901435852051e-02
3.438143804669380188e-02
1.202954277396202087e-01
1.183186005800962448e-02
1.115956716239452362e-02
3.475776687264442444e-02
7.597716897726058960e-02
1.474067866802215576e-01
5.053125694394111633e-02
8.363100886344909668e-02
6.975539028644561768e-02
9.100069850683212280e-02
1.573950201272964478e-01
2.265546470880508423e-01
2.821752130985260010e-01
1.361101120710372925e-01
1.039147004485130310e-01
2.656338922679424286e-02
9.893652983009815216e-03
5.255607888102531433e-02
9.791752696037292480e-02
1.531733721494674683e-01
1.675376668572425842e-02
4.908521845936775208e-02
1.478392183780670166e-01
2.169756889343261719e-01
3.507308289408683777e-02
6.143546104431152344e-02
2.571115083992481232e-02
8.479213714599609375e-02
3.727909550070762634e-02
4.971442744135856628e-02
1.078172475099563599e-01
9.228611737489700317e-02
7.074934989213943481e-02
4.636708274483680725e-02
7.999523542821407318e-03
2.702805586159229279e-02
1.311870068311691284e-01
2.534470558166503906e-01
6.297371536493301392e-02
7.208348065614700317e-02
1.073006447404623032e-02
2.614410035312175751e-02
9.601340442895889282e-02
3.780670464038848877e-02
1.276062577962875366e-01
3.745324537158012390e-02
6.972786784172058105e-02
6.356105953454971313e-02
6.212643906474113464e-02
6.650486588478088379e-02
6.391963958740234375e-01
7.902678847312927246e-02
5.839747190475463867e-02
6.941927224397659302e-02
1.116596385836601257e-01
6.006555259227752686e-02
1.650905050337314606e-02
1.819410733878612518e-02
9.674518555402755737e-02
1.129778102040290833e-01
7.721894234418869019e-02
4.365402087569236755e-02
8.898430317640304565e-02
3.142841532826423645e-02
6.035609543323516846e-02
4.112038761377334595e-02
8.179090172052383423e-02
5.661081150174140930e-02
8.357404917478561401e-02
8.222460001707077026e-02
8.036628365516662598e-02
4.673511162400245667e-02
8.495817333459854126e-02
1.010506972670555115e-01
2.547605521976947784e-02
4.798546433448791504e-02
1.257976293563842773e-01
1.504097580909729004e-01
4.720136150717735291e-02
3.927657008171081543e-02
9.167642146348953247e-02
6.628573685884475708e-02
5.232405662536621094e-02
9.128313511610031128e-02
2.504628598690032959e-01
1.601550132036209106e-01
1.270312070846557617e-01
2.621409595012664795e-01
3.475873470306396484e-01
1.141207367181777954e-01
3.418400883674621582e-02
1.731936335563659668e-01
2.537560760974884033e-01
6.155643612146377563e-02
5.148879438638687134e-02
3.781151771545410156e-02
9.200754575431346893e-03
5.351348593831062317e-02
6.611606478691101074e-02
1.245782803744077682e-02
9.671252220869064331e-02
8.719615638256072998e-02
1.274707317352294922e-01
6.130685284733772278e-02
7.249784469604492188e-02
6.276160478591918945e-02
1.020256616175174713e-02
6.477949675172567368e-03
5.041467398405075073e-02
9.013670682907104492e-02
7.226707041263580322e-02
4.455183446407318115e-02
9.605169296264648438e-02
5.064223706722259521e-02
7.267029583454132080e-02
7.432309538125991821e-02
9.721720963716506958e-02
4.753194749355316162e-02
8.054321259260177612e-02
4.504029825329780579e-02
8.772083371877670288e-02
8.442331105470657349e-02
3.240234777331352234e-02
5.967936664819717407e-02
7.377508282661437988e-02
1.055564433336257935e-01
2.238900773227214813e-02
4.496259242296218872e-02
7.576455175876617432e-02
2.775932848453521729e-02
9.406308829784393311e-02
5.783731862902641296e-02
8.615367114543914795e-02
1.150793135166168213e-01
5.222540348768234253e-02
2.421286404132843018e-01
5.207854509353637695e-02
5.123710259795188904e-02
5.408699810504913330e-02
3.341167792677879333e-02
7.075769454240798950e-02
1.300047188997268677e-01
6.197243183851242065e-02
7.014470547437667847e-02
4.693353176116943359e-02
4.813886806368827820e-02
5.895304679870605469e-02
3.922808170318603516e-02
5.637880787253379822e-02
3.013932704925537109e-02
6.020866334438323975e-02
5.516296252608299255e-02
1.682638935744762421e-02
8.123300224542617798e-02
5.636082589626312256e-02
1.998330280184745789e-02
1.068022325634956360e-01
6.882497668266296387e-02
7.155583798885345459e-02
6.574068218469619751e-02
4.597252607345581055e-02
5.364524722099304199e-01
5.028543248772621155e-02
6.706424057483673096e-02
5.594791844487190247e-02
8.316696435213088989e-02
1.173961907625198364e-01
1.110994815826416016e-01
8.446025848388671875e-02
1.798081248998641968e-01
8.464030176401138306e-02
1.423195600509643555e-01
8.036650717258453369e-02
5.431873798370361328e-01
3.151162564754486084e-01
1.116143092513084412e-01
2.292136251926422119e-01
2.316563948988914490e-02
1.125578880310058594e-01
5.421555042266845703e-01
3.688302934169769287e-01
1.000070571899414062e-01
6.098554655909538269e-02
4.307794943451881409e-02
3.347072377800941467e-02
5.231602862477302551e-02
1.133288294076919556e-01
8.425490558147430420e-02
6.232627481222152710e-02
1.381290555000305176e-01
8.016487210988998413e-02
4.772700965404510498e-01
9.985866546630859375e-01
3.413859754800796509e-02
6.444323062896728516e-02
2.651429176330566406e-02
1.546033006161451340e-02
2.200631983578205109e-02
5.697823315858840942e-02
7.112046331167221069e-02
1.271935552358627319e-01
1.019876748323440552e-01
1.441996637731790543e-02
5.242833495140075684e-02
1.046341955661773682e-01
1.166812255978584290e-01
8.760528266429901123e-02
6.536807119846343994e-02
2.870715260505676270e-01
5.783983692526817322e-02
8.345340937376022339e-02
7.051018625497817993e-02
3.932703286409378052e-02
2.752691507339477539e-01
2.933855950832366943e-01
1.144040971994400024e-01
3.474268913269042969e-01
1.481913328170776367e-01
4.354639723896980286e-02
2.414672635495662689e-02
9.416367113590240479e-02
1.094211637973785400e-01
4.873553663492202759e-02
5.055142566561698914e-02
6.154085323214530945e-02
8.858530223369598389e-02
4.238138347864151001e-02
2.527251541614532471e-01
5.617270469665527344e-01
3.983371332287788391e-02
7.897096127271652222e-02
3.766430169343948364e-02
6.392004340887069702e-02
7.580726593732833862e-02
1.857179254293441772e-01
9.036558121442794800e-02
3.498312458395957947e-02
1.216596662998199463e-01
6.733520328998565674e-02
7.484263181686401367e-02
1.156153306365013123e-01
1.145111769437789917e-01
2.530954033136367798e-02
2.572438865900039673e-02
7.565965410321950912e-03
3.059389069676399231e-02
3.088462948799133301e-01
6.833937019109725952e-02
7.202296853065490723e-01
1.154192462563514709e-01
1.146268546581268311e-01
8.088550716638565063e-02
2.283204905688762665e-02
1.897440664470195770e-02
6.048873066902160645e-02
2.526580989360809326e-01
2.279492020606994629e-01
9.557200223207473755e-02
5.687359720468521118e-02
7.555191218852996826e-02
8.416467159986495972e-02
9.921441972255706787e-02
1.583845019340515137e-01
9.400356560945510864e-02
1.591211706399917603e-01
2.069237977266311646e-01
4.781128093600273132e-02
7.180880755186080933e-02
6.057212874293327332e-02
5.019071698188781738e-02
5.795089527964591980e-02
5.635429173707962036e-02
1.079914718866348267e-01
7.564926892518997192e-02
5.302018672227859497e-02
4.951805621385574341e-02
8.903973549604415894e-02
3.690376132726669312e-02
6.492020934820175171e-02
4.657893255352973938e-02
3.719672933220863342e-02
3.222645074129104614e-02
2.964391000568866730e-02
3.199302405118942261e-02
7.386007159948348999e-02
8.239170163869857788e-02
1.565569937229156494e-01
5.767171084880828857e-02
3.715423122048377991e-02
1.807544194161891937e-02
1.158819906413555145e-02
1.474020909518003464e-02
1.349309980869293213e-01
8.624502271413803101e-02
2.015163898468017578e-01
1.002427712082862854e-01
7.879178971052169800e-02
1.146028786897659302e-01
5.538874864578247070e-01
4.595535993576049805e-02
2.884232439100742340e-02
1.641202419996261597e-01
8.766057342290878296e-02
6.660149246454238892e-02
6.056620925664901733e-02
3.830948844552040100e-02
6.741318106651306152e-02
4.598496258258819580e-01
4.824893176555633545e-02
5.799516290426254272e-02
1.854243874549865723e-01
5.420474335551261902e-02
7.631561905145645142e-02
9.161323308944702148e-02
5.705868452787399292e-02
4.758705198764801025e-02
2.677684277296066284e-02
9.951975941658020020e-01
1.080942898988723755e-01
4.895596951246261597e-02
6.134487316012382507e-02
9.267658740282058716e-02
2.869516611099243164e-01
6.396093964576721191e-02
6.060624122619628906e-02
7.358401268720626831e-02
5.823637545108795166e-02
9.900246560573577881e-02
1.774301193654537201e-02
2.690292149782180786e-02
2.941628359258174896e-02
1.166251897811889648e-01
1.214716657996177673e-01
5.824732407927513123e-02
4.285103455185890198e-02
1.834205724298954010e-02
9.457324445247650146e-02
2.889350987970829010e-02
5.043416097760200500e-02
4.751999676227569580e-01
5.672190189361572266e-01
7.795491814613342285e-02
4.753202572464942932e-02
1.152588576078414917e-01
1.579491645097732544e-01
6.905409693717956543e-02
1.585989072918891907e-02
1.954668201506137848e-02
3.563021868467330933e-02
4.029726982116699219e-02
2.458212524652481079e-02
3.346574902534484863e-01
5.674206465482711792e-02
7.995841652154922485e-02
3.333212435245513916e-02
5.627311393618583679e-02
1.286343038082122803e-01
4.080170094966888428e-01
4.642130061984062195e-02
2.528523840010166168e-02
5.169768631458282471e-02
9.895028918981552124e-02
1.885042525827884674e-02
4.221475496888160706e-02
4.587970674037933350e-02
1.312927901744842529e-01
7.754863798618316650e-02
2.937005646526813507e-02
7.978533953428268433e-02
7.432369887828826904e-02
7.800882309675216675e-02
8.694415539503097534e-02
4.350618124008178711e-01
5.405333042144775391e-01
3.492358699440956116e-02
1.171851232647895813e-01
4.798339679837226868e-02
5.994921177625656128e-02
8.073146641254425049e-02
1.511030048131942749e-01
3.060284443199634552e-02
2.950314283370971680e-01
5.600783973932266235e-02
1.001717299222946167e-01
6.334401667118072510e-02
8.711813390254974365e-02
3.767951205372810364e-02
1.993656754493713379e-01
9.281909465789794922e-02
8.624128997325897217e-03
5.265203863382339478e-02
7.076434046030044556e-02
7.556830346584320068e-02
9.313472360372543335e-02
7.711131870746612549e-02
7.222379744052886963e-02
7.739660888910293579e-02
4.466496407985687256e-02
3.359994664788246155e-02
9.675385802984237671e-02
2.881532907485961914e-02
2.962698042392730713e-02
7.905783504247665405e-02
4.811217635869979858e-02
1.358121782541275024e-01
6.560498476028442383e-02
8.800866007804870605e-01
4.897527769207954407e-02
1.689889132976531982e-01
4.270572662353515625e-01
1.192372813820838928e-01
3.566414862871170044e-02
1.362904906272888184e-01
1.574704051017761230e-02
2.085599862039089203e-02
4.502263367176055908e-01
4.254554510116577148e-01
3.073367476463317871e-01
1.181105617433786392e-02
3.239364922046661377e-02
2.798529341816902161e-02
1.601197421550750732e-01
4.828084632754325867e-02
4.887877032160758972e-02
2.149561606347560883e-02
7.799884676933288574e-02
7.316192239522933960e-02
1.165921092033386230e-01
6.656173616647720337e-02
5.021639913320541382e-02
4.685205966234207153e-02
2.523773163557052612e-02
1.405393797904253006e-02
9.314475208520889282e-02
6.391301006078720093e-02
3.565152287483215332e-01
1.223827451467514038e-01
3.956747055053710938e-02
8.791275620460510254e-01
1.850494593381881714e-01
2.373265288770198822e-02
1.182278990745544434e-01
7.845469564199447632e-02
7.572115212678909302e-02
4.169238731265068054e-02
7.491868734359741211e-02
6.892968714237213135e-02
1.367923468351364136e-01
6.197130307555198669e-02
1.732276007533073425e-02
6.704981625080108643e-02
8.978314697742462158e-02
1.796197891235351562e-01
8.522866964340209961e-01
2.213043160736560822e-02
1.602071896195411682e-02
3.542621433734893799e-02
8.719274401664733887e-02
6.875363737344741821e-02
3.644352406263351440e-02
7.855313271284103394e-02
7.964232563972473145e-02
1.940322369337081909e-01
6.792476773262023926e-02
3.123032152652740479e-01
1.778507977724075317e-01
1.028068587183952332e-01
1.375828832387924194e-01
4.303202778100967407e-02
2.970102988183498383e-02
2.431844919919967651e-02
5.187932401895523071e-02
1.246692538261413574e-01
4.006375744938850403e-02
5.586125701665878296e-02
2.435046434402465820e-02
1.369493156671524048e-01
5.644972622394561768e-02
6.850182265043258667e-02
6.035670265555381775e-02
5.130816251039505005e-02
8.386230468750000000e-02
5.981047824025154114e-02
5.880656838417053223e-01
9.106634557247161865e-02
7.188811153173446655e-02
3.828703612089157104e-02
7.189062982797622681e-02
1.231328863650560379e-02
3.347475826740264893e-02
9.941455721855163574e-02
9.459500759840011597e-02
1.747387200593948364e-01
6.111900508403778076e-02
8.244986087083816528e-02
7.295012474060058594e-02
5.845021083950996399e-02
6.068492308259010315e-02
4.060254991054534912e-02
1.943512707948684692e-01
3.139871358871459961e-02
1.592225879430770874e-01
1.276780813932418823e-01
4.754823073744773865e-02
9.519989788532257080e-02
1.075705140829086304e-01
5.557309836149215698e-02
1.387939415872097015e-02
1.730280183255672455e-02
1.349171251058578491e-02
1.507927775382995605e-01
1.071499213576316833e-01
3.300615027546882629e-02
4.811046272516250610e-02
3.333493322134017944e-02
8.885261416435241699e-02
1.706827059388160706e-02
5.450698733329772949e-02
6.595008373260498047e-01
1.787284910678863525e-01
1.154566183686256409e-01
8.586417883634567261e-02
2.776717394590377808e-02
9.219871461391448975e-02
1.270155161619186401e-01
4.158093631267547607e-01
1.081129014492034912e-01
1.603529900312423706e-01
1.817979663610458374e-01
7.848338782787322998e-02
6.823793053627014160e-01
9.947633743286132812e-01
9.779338240623474121e-01
1.180634349584579468e-01
5.860556289553642273e-02
1.957933306694030762e-01
9.537491202354431152e-02
1.049047335982322693e-01
5.859285593032836914e-02
9.868198633193969727e-02
1.108051761984825134e-01
2.845189869403839111e-01
1.640670448541641235e-01
8.521747589111328125e-02
9.461609274148941040e-02
5.306130647659301758e-02
2.936329320073127747e-02
6.030070781707763672e-02
6.359083950519561768e-02
1.450836807489395142e-01
9.765502810478210449e-02
1.143812611699104309e-01
5.609240382909774780e-02
3.532122075557708740e-01
3.374171257019042969e-01
8.005817234516143799e-02
6.604199856519699097e-02
7.542616873979568481e-02
9.840984642505645752e-02
7.212460041046142578e-02
8.143277466297149658e-02
2.020441554486751556e-02
8.969645947217941284e-02
4.148182645440101624e-02
5.812560394406318665e-02
6.062376126646995544e-02
6.595207005739212036e-02
1.685772649943828583e-02
8.559179306030273438e-02
9.237214922904968262e-02
1.482826024293899536e-01
5.844438821077346802e-02
4.263868555426597595e-02
6.714601814746856689e-02
1.815825328230857849e-02
8.178415149450302124e-02
1.440030485391616821e-01
6.823331117630004883e-02
2.939992956817150116e-02
4.420407861471176147e-02
9.597916156053543091e-02
1.763398647308349609e-01
1.880341917276382446e-01
1.058005467057228088e-01
1.060906723141670227e-01
5.176780745387077332e-02
2.809936366975307465e-02
1.820316761732101440e-01
5.918098241090774536e-02
9.952113777399063110e-02
4.358768835663795471e-02
4.960710927844047546e-02
3.429264575242996216e-02
1.171158850193023682e-01
1.280044317245483398e-01
2.901326119899749756e-01
1.570674180984497070e-01
6.142937019467353821e-02
3.752682209014892578e-01
2.273479662835597992e-02
1.067077964544296265e-01
6.780815124511718750e-02
7.052069157361984253e-02
6.458278745412826538e-02
5.718763545155525208e-02
1.063341647386550903e-01
1.173594966530799866e-01
1.158364117145538330e-01
1.146106943488121033e-01
4.230766370892524719e-02
7.911080867052078247e-02
1.164498329162597656e-01
7.399426400661468506e-02
5.182306095957756042e-02
6.657526642084121704e-02
6.258001923561096191e-02
6.433928757905960083e-02
3.007841110229492188e-02
1.795683354139328003e-01
2.105634808540344238e-01
8.862721920013427734e-01
7.343810200691223145e-01
8.203255534172058105e-01
9.658145308494567871e-01
1.536809802055358887e-01
1.853236258029937744e-01
1.738834083080291748e-01
8.506947159767150879e-01
8.428483009338378906e-01
7.175921648740768433e-02
3.372251987457275391e-02
6.478062272071838379e-02
6.191214174032211304e-02
2.919623441994190216e-02
4.805789515376091003e-02
7.431493699550628662e-02
2.438984625041484833e-02
2.875365614891052246e-01
8.628562837839126587e-02
6.311590224504470825e-02
5.954172089695930481e-02
1.363438516855239868e-01
1.750056743621826172e-01
5.191399902105331421e-02
5.322322994470596313e-02
1.472927182912826538e-01
6.929614394903182983e-02
6.621992588043212891e-02
7.590362429618835449e-02
1.108398959040641785e-01
4.024025425314903259e-02
5.218832567334175110e-02
1.556868851184844971e-01
5.119739100337028503e-02
3.639770448207855225e-01
5.106516182422637939e-02
1.852462254464626312e-02
1.129182614386081696e-02
2.165570110082626343e-02
4.790128022432327271e-02
1.120829880237579346e-01
4.300401732325553894e-02
5.115934088826179504e-02
5.273874104022979736e-02
6.202775612473487854e-02
9.522926062345504761e-02
9.228505194187164307e-02
6.860984116792678833e-02
6.245537474751472473e-02
1.057595163583755493e-01
8.001482486724853516e-02
1.620428450405597687e-02
7.423820905387401581e-03
1.984918117523193359e-02
5.605662986636161804e-02
6.883656978607177734e-02
4.843543097376823425e-02
1.801130771636962891e-01
6.373863667249679565e-02
5.544845759868621826e-02
1.137733608484268188e-01
8.075870573520660400e-02
4.758760333061218262e-02
6.866346113383769989e-03
2.820486202836036682e-02
4.029106199741363525e-01
7.431713398545980453e-03
5.221014842391014099e-02
1.948620975017547607e-01
1.989893317222595215e-01
6.457249075174331665e-02
1.307060271501541138e-01
1.090664491057395935e-01
1.584091335535049438e-01
3.338253870606422424e-02
1.802327036857604980e-01
6.003312394022941589e-02
3.543558344244956970e-02
3.297239542007446289e-01
4.326943755149841309e-01
5.972094088792800903e-02
2.270296066999435425e-01
4.014493897557258606e-02
3.572423011064529419e-02
5.210459977388381958e-02
4.928442463278770447e-02
1.201119646430015564e-01
8.835171908140182495e-02
5.513902753591537476e-02
1.773494035005569458e-01
3.223934024572372437e-02
8.365213125944137573e-02
7.022046297788619995e-02
9.347020089626312256e-02
1.573569923639297485e-01
7.948260009288787842e-02
1.645250432193279266e-02
6.112450733780860901e-02
3.445225581526756287e-02
5.159819126129150391e-02
8.869419991970062256e-02
5.527649074792861938e-02
8.071383088827133179e-02
4.857171699404716492e-02
1.151377931237220764e-01
6.245973333716392517e-02
6.041866168379783630e-02
5.073323473334312439e-02
1.183310598134994507e-01
6.669437885284423828e-02
8.636996895074844360e-02
9.037634134292602539e-01
9.933421015739440918e-02
2.325656451284885406e-02
1.361157596111297607e-01
2.964732609689235687e-02
1.566803157329559326e-01
8.468708992004394531e-01
5.633196979761123657e-02
9.659311175346374512e-02
4.629871249198913574e-02
4.061252996325492859e-02
7.628715038299560547e-02
8.492041379213333130e-02
8.922635763883590698e-02
4.114466011524200439e-01
6.776273846626281738e-01
8.773847669363021851e-02
5.200355127453804016e-02
6.048185005784034729e-02
9.343443065881729126e-02
1.578899621963500977e-01
1.080471053719520569e-01
2.230347394943237305e-01
3.272320330142974854e-01
1.892007328569889069e-02
9.998139739036560059e-01
9.995506405830383301e-01
4.957259446382522583e-02
2.008229941129684448e-01
2.239490896463394165e-01
5.616271123290061951e-02
8.800808340311050415e-02
4.229604452848434448e-02
4.883989691734313965e-02
7.701069116592407227e-02
9.007381647825241089e-02
3.019561991095542908e-02
6.083000823855400085e-02
6.900630891323089600e-02
7.687930762767791748e-02
3.996625915169715881e-02
5.584406852722167969e-02
1.305801272392272949e-01
3.660149499773979187e-02
3.538892045617103577e-02
9.182131290435791016e-02
1.692411601543426514e-01
6.373716145753860474e-02
7.214898616075515747e-02
9.999972581863403320e-01
4.997557774186134338e-02
2.793859541416168213e-01
2.418980374932289124e-02
3.131205588579177856e-02
3.258972987532615662e-02
4.832598567008972168e-01
1.481204479932785034e-01
8.416592329740524292e-02
2.959316037595272064e-02
6.818835437297821045e-02
2.024295926094055176e-02
1.146932598203420639e-02
8.585067465901374817e-03
7.519403845071792603e-02
6.015636771917343140e-02
9.301728755235671997e-02
4.865347221493721008e-02
4.562056064605712891e-02
5.885035544633865356e-02
4.085229337215423584e-02
6.851708143949508667e-02
1.843342185020446777e-01
8.208841085433959961e-02
4.970560371875762939e-01
6.313426047563552856e-02
5.630316585302352905e-02
4.165653511881828308e-02
9.107845425605773926e-01
9.684404730796813965e-01
3.089611232280731201e-02
6.423126161098480225e-02
6.723639369010925293e-02
5.515852943062782288e-02
7.464356720447540283e-02
6.895522773265838623e-02
6.705682724714279175e-02
1.227385401725769043e-01
2.876460365951061249e-02
2.266723476350307465e-02
4.932779818773269653e-02
3.611611574888229370e-02
2.584966830909252167e-03
2.475296705961227417e-02
4.994196072220802307e-02
2.785131148993968964e-02
7.494974136352539062e-02
1.093378290534019470e-01
9.511033445596694946e-02
3.891349956393241882e-02
8.005645126104354858e-02
3.590116277337074280e-02
1.172587946057319641e-01
2.575077861547470093e-02
1.463019549846649170e-01
7.709182053804397583e-02
1.744556725025177002e-01
2.018470130860805511e-02
6.677860859781503677e-03
8.999502658843994141e-02
2.129810154438018799e-01
5.818979442119598389e-02
7.788662612438201904e-02
4.643285647034645081e-02
1.896700412034988403e-01
9.999408721923828125e-01
7.699044346809387207e-01
3.769185245037078857e-01
1.390423327684402466e-01
9.147924184799194336e-01
2.850035130977630615e-01
1.110642626881599426e-01
1.107955202460289001e-01
4.764475300908088684e-02
8.495968580245971680e-02
1.006559804081916809e-01
7.951456308364868164e-02
7.292833179235458374e-02
4.719912260770797729e-02
8.746089786291122437e-02
3.979982435703277588e-02
2.391082234680652618e-02
4.468100145459175110e-02
1.614229530096054077e-01
4.104832932353019714e-02
4.766494780778884888e-02
6.858402490615844727e-02
1.203948408365249634e-01
9.659055620431900024e-02
8.684755861759185791e-02
1.137791574001312256e-01
2.178478986024856567e-01
6.463228166103363037e-02
3.113685362040996552e-02
5.353610962629318237e-02
9.650724381208419800e-02
6.157586351037025452e-02
9.981489926576614380e-02
1.098662018775939941e-01
1.939594596624374390e-01
6.964004784822463989e-02
9.382432699203491211e-01
9.966853260993957520e-01
1.507558375597000122e-01
1.028690710663795471e-01
6.239740923047065735e-02
3.579437732696533203e-02
7.625545561313629150e-02
6.645175814628601074e-02
1.459639519453048706e-01
7.071445137262344360e-02
6.140854582190513611e-02
1.364417523145675659e-01
7.751673460006713867e-01
9.489557147026062012e-01
1.562260240316390991e-01
6.816932559013366699e-02
3.738438189029693604e-01
2.796380817890167236e-01
2.234021015465259552e-02
4.629547148942947388e-02
7.820574194192886353e-02
4.032376036047935486e-02
5.134676396846771240e-02
2.500124461948871613e-02
1.587376929819583893e-02
3.502492234110832214e-02
4.770137369632720947e-02
4.442072659730911255e-02
7.425413280725479126e-02
7.551888376474380493e-02
7.132078707218170166e-02
1.152783855795860291e-01
1.269460916519165039e-01
6.718510389328002930e-02
6.643420457839965820e-02
4.806042462587356567e-02
7.269552350044250488e-02
8.628465235233306885e-02
1.057117506861686707e-01
6.046582013368606567e-02
8.026698976755142212e-02
5.394940078258514404e-02
8.438561111688613892e-02
2.057468146085739136e-01
9.931944608688354492e-01
9.906951189041137695e-01
6.760390847921371460e-02
4.637367427349090576e-01
7.478924095630645752e-02
1.184529438614845276e-01
6.566423177719116211e-02
8.282003551721572876e-02
5.041639879345893860e-02
3.911776840686798096e-02
2.085918486118316650e-01
2.608699500560760498e-01
8.123359829187393188e-02
6.672564148902893066e-02
2.159776240587234497e-01
8.989012986421585083e-02
2.014876902103424072e-01
1.814497411251068115e-01
7.527344673871994019e-02
6.132141873240470886e-02
6.266936659812927246e-02
8.658631145954132080e-02
5.200376361608505249e-02
8.064628392457962036e-02
1.425908058881759644e-01
1.006247848272323608e-01
6.174418330192565918e-02
4.903492629528045654e-01
8.026978373527526855e-02
6.765263527631759644e-02
5.171272531151771545e-02
8.997995406389236450e-02
2.703704237937927246e-01
2.036615312099456787e-01
4.825976490974426270e-02
5.379242077469825745e-02
3.912858292460441589e-02
1.867587119340896606e-01
9.994040727615356445e-01
8.417276144027709961e-01
4.954307526350021362e-02
5.890754610300064087e-02
3.502382710576057434e-02
3.894575312733650208e-02
4.887863248586654663e-02
3.911256790161132812e-02
2.911643385887145996e-01
9.110268950462341309e-02
5.483567342162132263e-02
2.588533461093902588e-01
3.287953510880470276e-02
7.060689479112625122e-02
4.923468828201293945e-02
9.728810936212539673e-02
1.801570318639278412e-02
6.618525832891464233e-02
6.012122705578804016e-02
3.554182946681976318e-01
1.601544767618179321e-01
7.751119136810302734e-02
7.471629232168197632e-02
4.446273297071456909e-02
5.946568399667739868e-02
3.949980437755584717e-01
1.941327303647994995e-01
7.828497886657714844e-02
7.386338710784912109e-02
1.693101599812507629e-02
5.074313282966613770e-02
8.669966459274291992e-02
4.855079948902130127e-02
6.820168346166610718e-02
5.664714798331260681e-02
4.350396618247032166e-02
5.470447242259979248e-02
8.749628067016601562e-02
4.510781541466712952e-02
6.960375607013702393e-02
9.448862075805664062e-02
6.351653486490249634e-02
3.356346487998962402e-02
2.465354055166244507e-01
1.526965349912643433e-01
8.452208340167999268e-02
1.980570256710052490e-01
6.300532072782516479e-02
4.248634353280067444e-02
1.305660754442214966e-01
1.275376826524734497e-01
7.443974912166595459e-02
4.110079258680343628e-02
8.267696201801300049e-02
5.781632289290428162e-02
8.131844997406005859e-01
2.349876612424850464e-02
7.337005436420440674e-02
6.190995872020721436e-02
3.165568411350250244e-02
5.933861061930656433e-02
7.444108277559280396e-02
4.056549817323684692e-02
6.920403242111206055e-02
4.038036614656448364e-02
8.914396166801452637e-02
3.814110457897186279e-01
6.015961766242980957e-01
1.113208755850791931e-01
6.153557822108268738e-02
8.092302083969116211e-02
6.216735392808914185e-02
8.413653820753097534e-02
1.021815687417984009e-01
1.234924644231796265e-01
8.206063508987426758e-02
1.300551742315292358e-01
1.974608451128005981e-01
1.133129447698593140e-01
1.672974228858947754e-01
6.806167960166931152e-02
7.605986297130584717e-02
2.270622253417968750e-01
2.954718284308910370e-02
2.387093938887119293e-02
1.521556973457336426e-01
6.791308522224426270e-02
6.263389438390731812e-02
1.117988117039203644e-02
2.803524769842624664e-02
4.950134083628654480e-02
7.025206834077835083e-02
4.744927212595939636e-02
8.109731972217559814e-02
2.790381386876106262e-02
1.064629852771759033e-01
2.063905261456966400e-02
2.705766260623931885e-01
1.242375969886779785e-01
4.472423344850540161e-02
7.705222815275192261e-02
2.714131027460098267e-02
5.939354375004768372e-02
2.013569176197052002e-01
1.204245164990425110e-01
3.175626397132873535e-01
5.544157698750495911e-02
3.816435486078262329e-02
8.900798112154006958e-02
4.384797438979148865e-02
5.740261450409889221e-02
6.616529077291488647e-02
4.832450300455093384e-02
7.825080305337905884e-02
3.652628883719444275e-02
9.651834517717361450e-02
8.341994881629943848e-02
9.827353060245513916e-02
1.890876442193984985e-01
9.892573952674865723e-02
1.171794161200523376e-01
2.318649888038635254e-01
1.728902161121368408e-01
7.431553006172180176e-01
1.633745282888412476e-01
9.138637781143188477e-01
9.472231268882751465e-01
5.622009932994842529e-02
1.008611470460891724e-01
4.875752702355384827e-02
1.766700595617294312e-01
5.938595905900001526e-02
4.808270037174224854e-01
1.346255838871002197e-01
1.100634709000587463e-01
1.152274757623672485e-01
2.490113675594329834e-02
3.252049982547760010e-01
5.279061794281005859e-01
4.358545318245887756e-02
2.406145036220550537e-01
1.218982264399528503e-01
9.569392800331115723e-01
2.683085799217224121e-01
8.203133195638656616e-02
1.043773889541625977e-01
1.553480476140975952e-01
1.470914334058761597e-01
4.040822759270668030e-02
7.017391920089721680e-02
7.348222285509109497e-02
1.065362170338630676e-01
4.929172620177268982e-02
2.299639433622360229e-01
6.763286143541336060e-02
7.489983737468719482e-02
9.924489259719848633e-02
2.583068981766700745e-02
5.419474840164184570e-02
1.350696980953216553e-01
6.304370611906051636e-02
8.541545271873474121e-02
6.095554307103157043e-02
6.233004480600357056e-02
3.653462231159210205e-02
2.579007148742675781e-01
5.522823426872491837e-03
1.233654841780662537e-02
2.925350517034530640e-02
1.329944282770156860e-01
1.222496107220649719e-01
7.434841990470886230e-02
2.445994503796100616e-02
3.661948069930076599e-02
3.314583003520965576e-02
7.068671286106109619e-02
8.469858020544052124e-02
4.147249087691307068e-02
6.373056024312973022e-02
1.354719400405883789e-01
8.037421107292175293e-02
8.823794871568679810e-02
5.179894715547561646e-02
4.722285270690917969e-01
2.494207918643951416e-01
1.041273325681686401e-01
6.122618913650512695e-02
2.190715633332729340e-02
8.890119194984436035e-02
6.737256050109863281e-02
3.726669773459434509e-02
8.040060847997665405e-02
3.443709388375282288e-02
8.088602125644683838e-02
5.298067256808280945e-02
5.627356097102165222e-02
4.392948374152183533e-02
1.027209535241127014e-01
5.759047344326972961e-02
2.127641625702381134e-02
1.011080592870712280e-01
4.701646789908409119e-02
4.910849779844284058e-02
9.274294972419738770e-02
8.543919026851654053e-02
1.355310380458831787e-01
6.329085826873779297e-01
5.001107975840568542e-02
1.646666973829269409e-02
4.202273115515708923e-02
5.116994678974151611e-02
1.386197954416275024e-01
8.139373734593391418e-03
3.803701326251029968e-02
4.273366555571556091e-02
8.316588997840881348e-01
4.241220355033874512e-01
4.599174857139587402e-02
7.290408015251159668e-02
1.061534136533737183e-01
1.194398552179336548e-01
3.698732703924179077e-02
5.505284294486045837e-02
6.049401313066482544e-02
1.329931318759918213e-01
3.357824683189392090e-02
2.511552534997463226e-02
1.253077983856201172e-01
6.399420648813247681e-02
1.104702875018119812e-01
3.601786866784095764e-02
1.257178634405136108e-01
5.712692439556121826e-02
1.004184409976005554e-01
5.325458645820617676e-01
2.247743606567382812e-01
5.069723129272460938e-01
9.993388056755065918e-01
9.986659288406372070e-01
1.741769909858703613e-02
1.322173327207565308e-02
1.068519726395606995e-01
6.069938540458679199e-01
4.154869914054870605e-02
5.526518821716308594e-01
8.672039955854415894e-02
6.139580532908439636e-02
7.166782021522521973e-02
7.597333192825317383e-02
9.206081181764602661e-02
6.094295904040336609e-02
3.785506635904312134e-02
4.521645978093147278e-02
1.196348741650581360e-01
9.843768179416656494e-02
2.963991835713386536e-02
1.319746114313602448e-02
1.795077025890350342e-01
6.379451602697372437e-02
3.729447349905967712e-02
7.597853988409042358e-02
4.152536690235137939e-01
8.003398030996322632e-02
6.505779176950454712e-02
1.286701261997222900e-01
1.264414787292480469e-01
6.202928349375724792e-02
1.691524237394332886e-01
1.154908686876296997e-01
5.612460523843765259e-02
2.018068730831146240e-01
1.171528175473213196e-02
1.832640729844570160e-02
4.311509802937507629e-02
1.537133455276489258e-01
1.250897049903869629e-01
5.502303689718246460e-02
3.861471265554428101e-02
8.947596698999404907e-02
1.232084780931472778e-01
1.213153079152107239e-01
9.326925873756408691e-01
5.156948789954185486e-02
8.058904111385345459e-02
4.346474260091781616e-02
2.090678177773952484e-02
1.517308056354522705e-01
9.741347283124923706e-02
6.617722660303115845e-02
1.727447956800460815e-01
9.773903340101242065e-02
2.384438365697860718e-02
7.603432983160018921e-02
1.640836298465728760e-01
8.580062389373779297e-01
4.891873896121978760e-02
1.175565496087074280e-01
7.330556958913803101e-02
5.548328161239624023e-02
2.064034789800643921e-01
4.498042762279510498e-01
5.069981217384338379e-01
8.477950096130371094e-02
8.215128630399703979e-02
3.767682239413261414e-02
2.511965855956077576e-02
2.871167287230491638e-02
6.687752902507781982e-02
4.303168132901191711e-02
7.194637507200241089e-02
3.870470076799392700e-02
6.551549583673477173e-02
1.093093678355216980e-01
1.019071564078330994e-01
8.612216264009475708e-02
4.866897687315940857e-02
5.316871032118797302e-02
9.867646545171737671e-02
1.365455090999603271e-01
1.740537397563457489e-02
4.104472324252128601e-02
3.135310485959053040e-02
4.495959877967834473e-01
1.012601181864738464e-01
3.218579664826393127e-02
8.064696937799453735e-02
2.644841969013214111e-01
5.399589538574218750e-01
2.535774372518062592e-02
1.132390573620796204e-01
6.428700685501098633e-02
7.997378110885620117e-01
4.367999732494354248e-01
6.006601452827453613e-02
5.106257647275924683e-02
8.911032974720001221e-02
1.282499879598617554e-01
2.763813138008117676e-01
3.150723502039909363e-02
1.300145387649536133e-01
4.333967342972755432e-02
4.185122624039649963e-02
4.687979072332382202e-02
7.803242653608322144e-02
1.764475852251052856e-01
3.960759192705154419e-02
8.971594274044036865e-02
6.511224806308746338e-02
1.187362000346183777e-01
1.944789290428161621e-01
3.921690210700035095e-02
4.162054881453514099e-02
1.873929500579833984e-01
6.316147446632385254e-01
8.504223078489303589e-03
5.623903870582580566e-01
2.286206185817718506e-01
5.145845934748649597e-02
1.179860755801200867e-01
9.931175410747528076e-02
6.411143392324447632e-02
1.233004331588745117e-01
3.984448686242103577e-02
4.447892308235168457e-02
4.315131157636642456e-02
8.964671492576599121e-01
1.754938364028930664e-01
6.883444637060165405e-02
1.052877753973007202e-01
7.276241481304168701e-02
1.104910671710968018e-01
1.376482248306274414e-01
9.419138729572296143e-02
5.957517772912979126e-02
9.169315546751022339e-02
8.719742298126220703e-02
1.131377965211868286e-01
6.980178505182266235e-02
5.399664491415023804e-02
6.831087172031402588e-02
9.814788401126861572e-02
9.099872410297393799e-02
4.055074602365493774e-02
7.684743404388427734e-01
1.863694787025451660e-01
1.092151179909706116e-01
6.947243213653564453e-02
6.477902829647064209e-02
1.668933182954788208e-01
8.007864654064178467e-02
4.799540340900421143e-02
2.231813669204711914e-01
1.559966355562210083e-01
7.497887313365936279e-02
1.897987127304077148e-01
1.039197891950607300e-01
7.599557936191558838e-02
1.433508843183517456e-01
1.639966368675231934e-01
7.255660742521286011e-02
1.100938618183135986e-01
5.175334215164184570e-02
1.577210724353790283e-01
9.873849153518676758e-01
7.126343995332717896e-02
1.817734539508819580e-02
1.328627765178680420e-02
4.124669358134269714e-02
3.334366530179977417e-02
4.032462090253829956e-02
3.016739711165428162e-02
3.139985725283622742e-02
1.402630656957626343e-01
1.825206279754638672e-01
6.431826204061508179e-02
6.313318014144897461e-02
9.512691199779510498e-02
6.634825468063354492e-02
6.665326356887817383e-01
6.165020465850830078e-01
5.690919235348701477e-02
4.402034729719161987e-02
8.176407963037490845e-02
1.637758165597915649e-01
5.520160868763923645e-02
9.823666512966156006e-02
9.535787999629974365e-02
7.079350948333740234e-01
1.238709129393100739e-02
1.999417506158351898e-02
1.914466917514801025e-02
4.127759113907814026e-02
9.058761596679687500e-02
1.468676477670669556e-01
1.642320752143859863e-01
5.026806145906448364e-02
6.714379042387008667e-02
1.801840811967849731e-01
5.581029132008552551e-02
3.319086134433746338e-02
1.310518383979797363e-01
7.334943860769271851e-02
7.305873185396194458e-02
6.788574159145355225e-02
4.421021416783332825e-02
6.948376446962356567e-02
1.038432195782661438e-01
3.557415306568145752e-02
3.935438022017478943e-02
2.025463432073593140e-02
5.386074632406234741e-02
1.240784004330635071e-01
5.420639738440513611e-02
7.215037941932678223e-02
6.795311719179153442e-02
1.043494418263435364e-01
6.351906806230545044e-02
1.092556416988372803e-01
6.276094168424606323e-02
2.572189271450042725e-02
1.415835022926330566e-01
6.280814856290817261e-02
9.881724417209625244e-02
6.591135263442993164e-02
7.113609462976455688e-02
5.322995781898498535e-02
1.073441207408905029e-01
9.233343601226806641e-02
3.082336857914924622e-02
1.570918560028076172e-01
6.344598531723022461e-02
4.493732005357742310e-02
4.695033282041549683e-02
5.080500990152359009e-02
1.345375031232833862e-01
9.032636880874633789e-01
4.039253666996955872e-02
6.732168793678283691e-02
2.420355081558227539e-01
6.540101766586303711e-01
1.454770416021347046e-01
1.006169542670249939e-01
1.104284971952438354e-01
4.776244983077049255e-02
1.732224822044372559e-01
2.019849717617034912e-01
1.279769092798233032e-01
4.519690200686454773e-02
3.297861665487289429e-02
5.732111260294914246e-02
3.266691789031028748e-02
2.805631048977375031e-02
5.533715337514877319e-02
7.573162019252777100e-02
7.189815491437911987e-02
6.948092579841613770e-02
1.831493973731994629e-01
7.353740930557250977e-02
7.574007660150527954e-02
2.359533756971359253e-01
5.653382837772369385e-02
5.109221115708351135e-02
6.804820895195007324e-02
1.441137492656707764e-01
1.024712398648262024e-01
9.910139441490173340e-02
1.950915604829788208e-01
1.348890513181686401e-01
2.907508015632629395e-01
9.723347425460815430e-02
1.141243875026702881e-01
6.033912897109985352e-01
1.656113415956497192e-01
9.473415464162826538e-02
3.179108723998069763e-02
7.086009532213211060e-02
8.703491091728210449e-02
1.850216835737228394e-01
1.120489686727523804e-01
8.757580071687698364e-02
2.925692684948444366e-02
1.137968152761459351e-01
3.082583285868167877e-02
1.451781243085861206e-01
1.924081705510616302e-02
1.023101620376110077e-02
3.002485819160938263e-02
4.507894814014434814e-02
9.162957668304443359e-01
7.576990872621536255e-02
1.122676432132720947e-01
1.545537356287240982e-02
2.894261106848716736e-02
1.208131108433008194e-02
2.360034361481666565e-02
5.432741716504096985e-02
4.993161186575889587e-02
4.614595696330070496e-02
3.767165541648864746e-02
3.525986149907112122e-02
7.929301261901855469e-02
4.207454994320869446e-02
4.671764373779296875e-02
1.319863460958003998e-02
1.655894517898559570e-02
7.726462185382843018e-02
3.009670674800872803e-01
1.477373987436294556e-01
1.225611269474029541e-01
1.709957271814346313e-01
7.609066367149353027e-02
3.338409215211868286e-02
7.273685932159423828e-01
9.761728048324584961e-01
8.157131075859069824e-02
2.143262512981891632e-02
1.065438240766525269e-01
4.771612957119941711e-02
1.121193915605545044e-01
5.075861886143684387e-02
2.640004754066467285e-01
1.133552789688110352e-01
2.214979678392410278e-01
3.025439754128456116e-02
6.518942862749099731e-02
6.966117024421691895e-02
1.301417201757431030e-01
8.222714811563491821e-02
1.248457878828048706e-01
1.598851084709167480e-01
2.407748438417911530e-02
1.297471486032009125e-02
8.932655677199363708e-03
2.393396385014057159e-02
4.183265194296836853e-02
7.653010636568069458e-02
2.987691946327686310e-02
1.123717203736305237e-01
3.846698626875877380e-02
4.661519080400466919e-02
6.116325408220291138e-02
4.017905890941619873e-02
1.221074238419532776e-01
6.265866011381149292e-02
9.264271706342697144e-02
4.205015897750854492e-01
3.463647514581680298e-02
3.416105732321739197e-02
4.931536316871643066e-02
1.432217210531234741e-01
1.586566567420959473e-01
2.776811830699443817e-02
9.530281275510787964e-02
2.798485942184925079e-02
2.439626306295394897e-02
6.894841790199279785e-02
1.216363385319709778e-01
3.199016153812408447e-01
2.605319321155548096e-01
8.635533601045608521e-02
8.008021116256713867e-02
1.409609615802764893e-01
7.145446538925170898e-02
7.153157889842987061e-02
5.113846063613891602e-02
5.697770789265632629e-02
4.151017963886260986e-02
3.785358369350433350e-02
3.835820779204368591e-02
3.896815702319145203e-02
2.786746025085449219e-01
4.050129950046539307e-01
2.038937658071517944e-01
6.371974200010299683e-02
8.439785987138748169e-02
1.380623579025268555e-01
9.973862767219543457e-01
9.853890538215637207e-01
6.254063546657562256e-02
1.011076271533966064e-01
1.677040159702301025e-01
8.945066481828689575e-02
1.018492802977561951e-01
6.325333565473556519e-02
6.279468536376953125e-02
7.367905229330062866e-02
1.285421401262283325e-01
4.784265160560607910e-02
1.745502650737762451e-01
8.360648900270462036e-02
1.277827024459838867e-01
7.800622284412384033e-02
1.989785023033618927e-02
3.446608409285545349e-02
5.990456789731979370e-02
6.720979511737823486e-02
7.194745540618896484e-02
2.789178118109703064e-02
4.324422404170036316e-02
7.098910957574844360e-02
4.623239114880561829e-02
3.517894074320793152e-02
2.220838889479637146e-02
2.188808470964431763e-02
4.196728020906448364e-02
1.587998569011688232e-01
5.969087481498718262e-01
3.363222777843475342e-01
5.701139196753501892e-02
6.000367552042007446e-02
1.154755428433418274e-01
4.270378351211547852e-01
9.580036252737045288e-02
2.740183100104331970e-02
4.625937715172767639e-02
1.422350853681564331e-01
1.126674860715866089e-01
1.018406823277473450e-01
5.751515179872512817e-02
1.350919008255004883e-01
3.202962875366210938e-01
4.993462190032005310e-02
1.457396000623703003e-01
2.940539456903934479e-02
9.829218685626983643e-02
8.588790893554687500e-02
1.624700278043746948e-01
1.517511308193206787e-01
4.972705617547035217e-02
7.848997414112091064e-02
3.685332462191581726e-02
1.238059252500534058e-01
3.435440361499786377e-02
4.700288176536560059e-02
4.208838939666748047e-02
8.033056557178497314e-02
7.101172208786010742e-02
3.249866887927055359e-02
3.199467808008193970e-02
7.916096597909927368e-02
1.556998789310455322e-01
7.176274061203002930e-01
8.529339730739593506e-02
2.945310436189174652e-02
1.404518336057662964e-01
5.446940660476684570e-01
1.299963742494583130e-01
4.939266294240951538e-02
8.235365897417068481e-02
1.693842560052871704e-01
4.415037855505943298e-02
1.503293663263320923e-01
4.620364680886268616e-02
5.617234855890274048e-02
4.606516659259796143e-01
4.229363054037094116e-02
6.049002707004547119e-02
5.381989479064941406e-02
1.897811591625213623e-01
1.000254005193710327e-01
8.614122867584228516e-02
4.682088643312454224e-02
4.275600612163543701e-02
2.608442306518554688e-02
4.297338426113128662e-02
5.758067592978477478e-02
3.486965224146842957e-02
7.570537179708480835e-02
9.126861393451690674e-02
6.994759291410446167e-02
6.427727639675140381e-02
3.494245931506156921e-02
3.287438750267028809e-01
1.736800223588943481e-01
1.507117748260498047e-01
3.583877980709075928e-01
5.270617827773094177e-02
1.002591326832771301e-01
8.067859709262847900e-02
6.666103750467300415e-02
5.293953418731689453e-02
3.693244159221649170e-01
2.791171967983245850e-01
4.212039113044738770e-01
1.844990067183971405e-02
2.070485353469848633e-01
2.856000140309333801e-02
8.406659960746765137e-02
3.403519093990325928e-02
4.402408599853515625e-01
8.500733226537704468e-02
4.561590030789375305e-02
1.477161496877670288e-01
1.220792010426521301e-01
5.476482510566711426e-01
8.633423596620559692e-02
5.068659409880638123e-02
6.022847071290016174e-02
4.016195610165596008e-02
1.276303231716156006e-01
5.121235176920890808e-02
5.265536159276962280e-02
8.092530816793441772e-02
8.854095339775085449e-01
7.348319143056869507e-02
1.426736265420913696e-01
6.756753474473953247e-02
7.191858440637588501e-02
5.811734125018119812e-02
8.855945616960525513e-02
5.740221217274665833e-02
1.045719385147094727e-01
5.451711639761924744e-02
1.433225721120834351e-01
8.552622795104980469e-02
2.172914706170558929e-02
3.047893941402435303e-02
6.993907690048217773e-02
6.806662678718566895e-02
1.088323444128036499e-01
5.097788758575916290e-03
5.180690903216600418e-03
1.052030175924301147e-02
5.396759510040283203e-02
1.042548939585685730e-01
1.376022249460220337e-01
3.903177380561828613e-02
3.345232456922531128e-02
5.069081485271453857e-02
9.306088835000991821e-02
1.163023337721824646e-01
8.806179463863372803e-02
1.150046661496162415e-01
9.367746114730834961e-02
6.531913578510284424e-02
1.290993206202983856e-02
2.465583942830562592e-02
7.991708815097808838e-02
9.151177108287811279e-02
9.994216263294219971e-02
2.059394493699073792e-02
1.151556223630905151e-01
3.602351248264312744e-02
8.948723971843719482e-02
4.978971928358078003e-02
3.174263611435890198e-02
4.481141641736030579e-02
6.644263118505477905e-02
8.546672761440277100e-02
4.794274866580963135e-01
9.616476297378540039e-01
1.123433485627174377e-01
3.390051126480102539e-01
8.163270354270935059e-02
9.785988181829452515e-02
9.722012281417846680e-02
6.910043209791183472e-02
3.858677670359611511e-02
9.818501770496368408e-02
3.363890945911407471e-02
5.719022825360298157e-02
9.076425433158874512e-02
3.962329402565956116e-02
5.894501879811286926e-02
1.050552725791931152e-01
1.128854602575302124e-01
9.886448085308074951e-02
5.208390951156616211e-02
1.422556117177009583e-02
2.624085918068885803e-02
1.466639786958694458e-01
5.070621520280838013e-02
5.327527597546577454e-02
1.143799498677253723e-01
6.986233592033386230e-02
6.916138529777526855e-02
1.214617639780044556e-01
4.292190819978713989e-02
8.339219726622104645e-03
2.551880851387977600e-02
1.448983885347843170e-02
5.751032009720802307e-02
1.314702630043029785e-01
9.656029194593429565e-02
1.959880068898200989e-02
9.340060502290725708e-02
1.552527695894241333e-01
1.187409460544586182e-01
7.427641004323959351e-02
4.619957134127616882e-02
1.989542394876480103e-01
1.207260936498641968e-01
5.073040351271629333e-02
7.015963643789291382e-02
9.954451322555541992e-01
6.922580599784851074e-01
4.050320088863372803e-01
7.912937402725219727e-01
3.097567008808255196e-03
6.515087932348251343e-02
1.795510500669479370e-01
1.140058785676956177e-01
9.184204041957855225e-02
5.944601725786924362e-03
1.683808490633964539e-02
1.490703523159027100e-01
6.067297607660293579e-02
1.556190997362136841e-01
7.073085755109786987e-02
8.430565893650054932e-02
5.777630209922790527e-01
4.572129249572753906e-01
5.847617983818054199e-01
1.481530219316482544e-01
7.128696888685226440e-02
8.237110078334808350e-02
4.521346092224121094e-02
1.141033247113227844e-01
4.309955984354019165e-02
1.087192222476005554e-01
3.549605980515480042e-02
1.886799558997154236e-02
3.833537548780441284e-02
9.215505421161651611e-02
7.004015892744064331e-02
7.469191402196884155e-02
3.123362362384796143e-01
1.700277477502822876e-01
5.161672458052635193e-02
2.075057476758956909e-01
8.754837512969970703e-02
6.009683012962341309e-02
2.032017707824707031e-01
5.066009983420372009e-02
1.840936690568923950e-01
1.077761352062225342e-01
1.058292165398597717e-01
8.770374581217765808e-03
4.482724517583847046e-02
1.847533732652664185e-01
6.539620459079742432e-02
3.710876405239105225e-01
1.854108572006225586e-01
6.117567420005798340e-02
8.335258066654205322e-02
7.112833857536315918e-02
3.782104328274726868e-02
1.126180887222290039e-01
9.175270795822143555e-02
1.032220050692558289e-01
3.906824067234992981e-02
3.687849268317222595e-02
8.199143409729003906e-02
5.268974974751472473e-02
8.797618746757507324e-02
5.839926749467849731e-02
1.203615963459014893e-01
7.103955000638961792e-02
1.011826246976852417e-01
7.882169634103775024e-02
4.258470982313156128e-02
6.034418195486068726e-02
9.138923138380050659e-02
8.702610433101654053e-02
6.590266525745391846e-02
1.069554910063743591e-01
1.674028337001800537e-01
3.669069707393646240e-02
7.357327640056610107e-02
6.095720082521438599e-02
1.019344925880432129e-01
1.749194413423538208e-01
1.035346239805221558e-01
2.961581200361251831e-02
1.444682478904724121e-01
6.088732928037643433e-02
7.013144344091415405e-02
8.889341354370117188e-02
1.117049828171730042e-01
6.434497982263565063e-02
4.444187879562377930e-02
4.435437172651290894e-02
1.308299005031585693e-01
1.611757129430770874e-01
1.148322224617004395e-01
5.711521953344345093e-02
7.904432713985443115e-02
3.193393722176551819e-02
8.055606484413146973e-02
7.095859199762344360e-02
4.692906513810157776e-02
1.141092106699943542e-01
7.351214438676834106e-02
2.984276115894317627e-01
7.219432294368743896e-02
5.029297247529029846e-02
7.310611754655838013e-02
1.078948602080345154e-01
1.712013781070709229e-02
1.827293820679187775e-02
6.025913730263710022e-02
9.396275877952575684e-01
7.151877135038375854e-02
1.046318113803863525e-01
2.557753026485443115e-02
7.856646180152893066e-02
3.623389080166816711e-02
9.950622171163558960e-02
6.276474148035049438e-02
8.507887274026870728e-02
9.924892336130142212e-02
1.027098521590232849e-01
7.968825846910476685e-02
2.214084416627883911e-01
7.099436223506927490e-02
8.305487781763076782e-02
3.069642558693885803e-02
3.866441249847412109e-01
1.349077969789505005e-01
8.760895580053329468e-02
7.166322320699691772e-02
2.147588580846786499e-01
2.632146775722503662e-01
7.695002853870391846e-02
6.795002520084381104e-02
4.793830960988998413e-02
3.838316723704338074e-02
6.917518377304077148e-02
9.108019471168518066e-01
5.384315922856330872e-02
2.622683905065059662e-02
5.178835708647966385e-03
4.404004197567701340e-03
1.019056215882301331e-01
5.661324411630630493e-02
4.429647326469421387e-02
3.800151497125625610e-02
4.063406214118003845e-02
1.621199697256088257e-01
9.340133517980575562e-02
1.533222198486328125e-01
1.403991039842367172e-02
1.269563380628824234e-02
1.995350234210491180e-02
4.348034039139747620e-02
6.215998157858848572e-02
7.836839556694030762e-02
5.956606566905975342e-02
2.110892347991466522e-02
2.260500341653823853e-01
2.358923666179180145e-02
1.353951096534729004e-01
6.627630442380905151e-02
6.240976974368095398e-02
5.899060890078544617e-02
7.408000528812408447e-02
4.858031123876571655e-02
2.916234433650970459e-01
6.287765502929687500e-02
5.130217224359512329e-02
7.695988565683364868e-02
2.452701479196548462e-01
3.416444957256317139e-01
4.696359485387802124e-02
1.261781007051467896e-01
6.291552633047103882e-02
9.415860474109649658e-02
5.875801295042037964e-02
3.735983371734619141e-02
5.364670976996421814e-02
5.963838845491409302e-02
2.015366405248641968e-01
4.607932269573211670e-02
6.117433309555053711e-02
8.293236792087554932e-02
6.403471529483795166e-02
5.036875233054161072e-02
1.038934588432312012e-01
7.475183904170989990e-02
2.332453243434429169e-02
8.079150319099426270e-02
5.135583132505416870e-02
5.899027734994888306e-02
8.285874128341674805e-02
6.205663084983825684e-02
6.111347675323486328e-02
1.091167405247688293e-01
4.060145094990730286e-02
9.179792553186416626e-02
1.455540806055068970e-01
2.226984798908233643e-01
8.634760975837707520e-02
6.693729758262634277e-02
6.722626276314258575e-03
1.204632371664047241e-01
6.982242316007614136e-02
2.058375254273414612e-02
2.343259900808334351e-01
7.877344638109207153e-02
2.459201030433177948e-02
1.317705661058425903e-01
1.062180176377296448e-01
2.517465353012084961e-01
5.456744506955146790e-02
2.392186969518661499e-02
3.861501440405845642e-02
9.552548825740814209e-02
5.990593507885932922e-02
6.960712373256683350e-02
1.443572789430618286e-01
8.983315825462341309e-01
5.962711572647094727e-02
7.427158951759338379e-02
8.344355970621109009e-02
1.754334382712841034e-02
2.290422618389129639e-01
3.171481490135192871e-01
5.581241101026535034e-02
1.112748906016349792e-01
4.522046074271202087e-02
1.047483906149864197e-01
6.921724230051040649e-02
7.078381627798080444e-02
3.688176348805427551e-02
4.339829087257385254e-02
8.894751220941543579e-02
8.034709095954895020e-02
7.075905054807662964e-02
6.582408398389816284e-02
6.950573623180389404e-02
7.593929767608642578e-02
9.710197895765304565e-02
2.946360222995281219e-02
1.239710003137588501e-01
1.124867945909500122e-01
1.100749671459197998e-01
1.744632422924041748e-01
1.039126366376876831e-01
1.620662063360214233e-01
9.133826941251754761e-02
1.153924986720085144e-01
1.619951240718364716e-02
2.676724456250667572e-02
7.534746080636978149e-02
9.298465400934219360e-02
4.471506550908088684e-02
6.593015044927597046e-02
6.640479713678359985e-02
6.867414712905883789e-02
6.913873553276062012e-02
6.058071181178092957e-02
5.616491660475730896e-02
5.467730760574340820e-01
1.313119977712631226e-01
4.017316922545433044e-02
2.178609967231750488e-01
9.911116212606430054e-02
9.575306624174118042e-02
7.612263411283493042e-02
6.081338524818420410e-01
1.569494456052780151e-01
4.762633517384529114e-02
7.915172725915908813e-02
5.582166910171508789e-01
2.510670721530914307e-01
2.976423203945159912e-01
2.833116613328456879e-02
9.905543178319931030e-02
1.458708941936492920e-01
3.391376137733459473e-02
4.810082167387008667e-02
5.162322521209716797e-02
2.392242662608623505e-02
6.794171780347824097e-02
3.800278306007385254e-01
3.580117970705032349e-02
1.108052302151918411e-02
1.890577003359794617e-02
5.962803959846496582e-02
5.884800478816032410e-02
2.052020728588104248e-01
5.532100424170494080e-02
6.014844402670860291e-02
5.445883050560951233e-02
1.680510789155960083e-01
6.883487850427627563e-02
6.422381103038787842e-02
4.432957619428634644e-02
1.190980970859527588e-01
1.568057835102081299e-01
3.098566643893718719e-02
7.035340368747711182e-02
6.861443072557449341e-02
3.562039509415626526e-02
3.845943510532379150e-02
3.838839828968048096e-01
4.254554510116577148e-01
4.254554510116577148e-01
4.450672566890716553e-01
2.495315298438072205e-02
3.584410995244979858e-02
2.098660469055175781e-01
5.758551508188247681e-02
7.113771140575408936e-02
4.342475533485412598e-02
6.098878383636474609e-02
6.969604641199111938e-02
4.074466601014137268e-02
9.733937680721282959e-02
1.037498936057090759e-01
6.180991977453231812e-02
7.898880541324615479e-02
7.328522950410842896e-02
7.130804657936096191e-02
3.973886072635650635e-01
5.490202084183692932e-02
7.281010597944259644e-02
2.838211357593536377e-01
9.429697692394256592e-02
7.113851606845855713e-02
4.713733866810798645e-02
6.033473834395408630e-02
1.369892954826354980e-01
1.802651137113571167e-01
7.892405241727828979e-02
2.855984307825565338e-02
6.015458703041076660e-02
2.537145838141441345e-02
1.920413039624691010e-02
2.541967667639255524e-02
3.517385572195053101e-02
8.492152690887451172e-01
5.039870142936706543e-01
2.310832291841506958e-01
4.299776628613471985e-02
2.454356104135513306e-01
9.771700501441955566e-01
5.500569939613342285e-01
1.138870418071746826e-01
1.175300925970077515e-01
6.450177729129791260e-02
1.072080507874488831e-01
8.793455362319946289e-02
1.248000189661979675e-01
7.676333189010620117e-02
1.057718992233276367e-01
1.068669855594635010e-01
1.203174814581871033e-01
1.011807993054389954e-01
4.557983204722404480e-02
1.210465580224990845e-01
7.488498836755752563e-02
5.918599292635917664e-02
1.245992705225944519e-01
4.618512839078903198e-02
6.376565992832183838e-02
2.902832999825477600e-02
1.350775808095932007e-01
7.981668412685394287e-02
1.385106146335601807e-01
2.061824351549148560e-01
9.116137623786926270e-01
3.877365961670875549e-02
1.760194003582000732e-01
5.976674705743789673e-02
1.163305342197418213e-01
5.185464620590209961e-01
7.229211330413818359e-01
1.338295191526412964e-01
1.971801072359085083e-01
5.689843371510505676e-02
9.595687687397003174e-02
4.769459739327430725e-02
1.188358590006828308e-01
1.370134353637695312e-01
2.137465216219425201e-02
9.158668667078018188e-02
3.305936753749847412e-01
1.476836651563644409e-01
1.235834434628486633e-01
3.241759911179542542e-02
3.462208062410354614e-02
5.758350715041160583e-02
2.929135039448738098e-02
6.417621672153472900e-02
7.392604369670152664e-03
3.937424346804618835e-02
8.228047937154769897e-02
2.454424463212490082e-02
2.469569072127342224e-02
5.081856623291969299e-02
7.270988076925277710e-02
3.103561513125896454e-02
2.312248498201370239e-01
4.424785822629928589e-02
5.021915212273597717e-02
5.016317591071128845e-02
9.848929941654205322e-02
2.685101926326751709e-01
8.637994527816772461e-02
4.859542250633239746e-01
1.277966350317001343e-01
6.153614446520805359e-02
1.065170913934707642e-01
1.026381850242614746e-01
1.160732954740524292e-01
6.731104105710983276e-02
3.910638019442558289e-02
6.953322887420654297e-02
6.824055314064025879e-02
7.581906020641326904e-02
1.355073153972625732e-01
1.045887991786003113e-01
8.908938616514205933e-02
4.245495423674583435e-02
7.335662096738815308e-02
3.593897074460983276e-02
3.791908547282218933e-02
4.493371024727821350e-02
4.793507233262062073e-02
9.545380622148513794e-02
1.115440428256988525e-01
1.048516258597373962e-01
2.878424525260925293e-02
4.728585481643676758e-02
4.021104890853166580e-03
3.589320182800292969e-02
2.459976635873317719e-02
3.216401487588882446e-02
9.003929793834686279e-02
7.982943952083587646e-02
7.593443244695663452e-02
6.095092743635177612e-02
1.769695132970809937e-01
7.305671274662017822e-02
8.201375603675842285e-02
5.982730388641357422e-01
2.417982816696166992e-01
8.784651756286621094e-02
1.862009428441524506e-02
1.153459995985031128e-01
9.996385574340820312e-01
8.340256661176681519e-02
6.590779870748519897e-02
1.281086802482604980e-01
1.130168661475181580e-01
1.186584159731864929e-01
4.918918386101722717e-02
1.580647379159927368e-01
1.606685519218444824e-01
7.817923091351985931e-03
1.061144098639488220e-02
5.283396691083908081e-02
6.369262188673019409e-02
6.566215306520462036e-02
1.712736040353775024e-01
7.512895762920379639e-02
4.069313034415245056e-02
2.614761590957641602e-01
1.839871853590011597e-01
1.313115507364273071e-01
1.425433754920959473e-01
1.691558212041854858e-01
6.695794314146041870e-02
8.798879384994506836e-02
6.959188729524612427e-02
1.525877416133880615e-01
8.314017206430435181e-02
2.300402671098709106e-01
6.243650987744331360e-02
1.098088398575782776e-01
7.514884322881698608e-02
5.886119976639747620e-02
4.006489738821983337e-02
4.014572873711585999e-02
4.803934320807456970e-02
3.122695386409759521e-01
5.093302726745605469e-01
8.914435654878616333e-02
6.158100441098213196e-02
1.515580117702484131e-01
1.027510389685630798e-01
6.267152726650238037e-02
7.722811400890350342e-02
1.086912229657173157e-01
2.093235999345779419e-01
1.033822149038314819e-01
9.976401329040527344e-01
9.995911717414855957e-01
4.338961094617843628e-02
1.096075177192687988e-01
1.512850224971771240e-01
6.427811086177825928e-02
8.297827094793319702e-02
5.925601720809936523e-02
8.462701737880706787e-02
6.212189048528671265e-02
9.819372892379760742e-01
9.791215062141418457e-01
3.394357487559318542e-02
4.649297147989273071e-02
4.330698400735855103e-02
7.603389769792556763e-02
8.772066235542297363e-02
1.489039063453674316e-01
9.802718460559844971e-02
5.028876066207885742e-01
9.880351424217224121e-01
1.436646003276109695e-02
7.012233603745698929e-03
5.994259193539619446e-02
1.196948513388633728e-01
6.798024475574493408e-02
4.664540663361549377e-02
7.821589708328247070e-02
5.197717994451522827e-02
8.978416025638580322e-02
1.000568047165870667e-01
1.621871590614318848e-01
1.099737659096717834e-01
1.142027303576469421e-01
1.935621500015258789e-01
6.338985264301300049e-02
2.875243127346038818e-01
4.773530960083007812e-01
5.234163999557495117e-02
4.439326375722885132e-02
6.692976504564285278e-02
2.931329905986785889e-01
5.619590356945991516e-02
1.185807883739471436e-01
4.542995989322662354e-02
5.185289680957794189e-02
1.088762562721967697e-02
1.009598001837730408e-02
3.417729586362838745e-02
6.702911853790283203e-02
1.200197413563728333e-01
2.435402572154998779e-01
6.218966841697692871e-02
1.047264412045478821e-01
1.711095273494720459e-01
7.482665777206420898e-01
6.231839954853057861e-02
8.030422031879425049e-02
5.603301897644996643e-02
1.312812566757202148e-01
7.514333724975585938e-02
6.758899986743927002e-02
6.924282014369964600e-02
3.218507021665573120e-02
1.554126292467117310e-02
4.484953731298446655e-02
4.097105562686920166e-02
9.672747552394866943e-02
4.326057434082031250e-02
1.574782878160476685e-01
9.037651866674423218e-02
4.023742675781250000e-02
7.203071564435958862e-02
7.156776636838912964e-02
1.222086474299430847e-01
5.029319524765014648e-01
1.050303205847740173e-01
4.290518909692764282e-02
1.189973130822181702e-01
5.736297369003295898e-02
8.240880817174911499e-02
1.474878340959548950e-01
5.119508504867553711e-02
6.359080970287322998e-02
8.534463495016098022e-02
6.806592643260955811e-02
8.682784438133239746e-02
8.310446888208389282e-02
3.990676254034042358e-02
8.543400466442108154e-02
9.172348678112030029e-02
1.274232417345046997e-01
3.140775859355926514e-01
4.490101039409637451e-01
3.195616975426673889e-02
6.266959756612777710e-02
8.386676758527755737e-02
1.217452883720397949e-01
9.940744936466217041e-02
5.810114368796348572e-02
1.277409493923187256e-01
1.499076038599014282e-01
1.686185412108898163e-02
7.779721170663833618e-02
5.114736780524253845e-02
2.177817560732364655e-02
1.119692623615264893e-02
5.575431510806083679e-02
2.377343773841857910e-01
6.151044741272926331e-02
4.112659022212028503e-02
4.396999627351760864e-02
7.390798535197973251e-03
3.423466160893440247e-02
8.144529163837432861e-02
4.312998428940773010e-02
8.562347292900085449e-02
8.424602448940277100e-02
7.497164607048034668e-02
1.505282074213027954e-01
3.092390298843383789e-01
3.423184528946876526e-02
1.271017268300056458e-02
3.282583504915237427e-02
1.906504109501838684e-02
1.704500019550323486e-01
1.450056433677673340e-01
2.216910868883132935e-01
5.951698869466781616e-02
9.761649370193481445e-02
6.758222728967666626e-02
1.128683164715766907e-01
3.487111926078796387e-01
2.015378475189208984e-01
7.864926010370254517e-02
4.929163679480552673e-02
1.201976314187049866e-01
5.091499537229537964e-02
4.999332875013351440e-02
1.242295429110527039e-01
5.637150257825851440e-02
2.453746460378170013e-02
1.784503459930419922e-02
1.102128624916076660e-02
1.937548220157623291e-01
4.713288322091102600e-02
1.265731006860733032e-01
1.016985177993774414e-01
8.956304192543029785e-02
6.931143254041671753e-02
1.006105095148086548e-01
9.521963447332382202e-02
9.605374932289123535e-02
2.673917822539806366e-02
1.233169063925743103e-01
6.811264902353286743e-02
5.088697001338005066e-02
7.778871059417724609e-02
8.092071115970611572e-02
1.274832189083099365e-01
6.966934353113174438e-02
8.702825903892517090e-01
7.484312355518341064e-02
3.823404014110565186e-01
1.912270635366439819e-01
1.011408939957618713e-01
6.382073462009429932e-02
1.919201016426086426e-01
5.525572597980499268e-02
4.927967488765716553e-02
3.270033597946166992e-01
1.942633390426635742e-01
1.643220707774162292e-02
1.568863540887832642e-02
8.034758269786834717e-02
6.957767009735107422e-01
1.859761923551559448e-01
1.069622114300727844e-01
5.257380008697509766e-02
1.469638105481863022e-02
1.492172013968229294e-02
7.906187325716018677e-02
5.285494402050971985e-02
5.236439779400825500e-02
1.208741813898086548e-01
1.200547516345977783e-01
7.616211473941802979e-02
9.165819734334945679e-02
8.668277412652969360e-02
5.367303639650344849e-02
1.359841134399175644e-02
2.915249019861221313e-02
3.066054731607437134e-02
5.693031549453735352e-01
5.655944347381591797e-02
3.799503743648529053e-01
9.643293023109436035e-01
4.415039122104644775e-01
3.573529422283172607e-02
3.790669143199920654e-02
1.304751932621002197e-01
6.634130328893661499e-02
1.601306907832622528e-02
2.399577200412750244e-02
4.911368340253829956e-02
1.911685913801193237e-01
4.995092004537582397e-02
1.314157992601394653e-01
8.390075713396072388e-02
6.733442842960357666e-02
9.593632817268371582e-02
8.305085450410842896e-02
9.802688956260681152e-01
9.678221344947814941e-01
1.050128936767578125e-01
1.370001584291458130e-01
2.718664892017841339e-02
1.329306885600090027e-02
6.868962943553924561e-02
7.299479097127914429e-02
3.364726006984710693e-01
3.500284999608993530e-02
7.697411626577377319e-02
7.678823918104171753e-02
4.310185834765434265e-02
4.959136992692947388e-02
1.238966453820466995e-02
7.084004115313291550e-03
1.248259618878364563e-01
5.482383817434310913e-02
3.509094566106796265e-02
2.559366635978221893e-02
1.111186966300010681e-01
5.003905668854713440e-02
2.484513819217681885e-02
6.442292779684066772e-02
1.222218945622444153e-01
6.499897688627243042e-02
6.705760955810546875e-02
7.790046930313110352e-02
2.229774184525012970e-02
1.586366593837738037e-01
5.896534398198127747e-02
4.163400456309318542e-02
7.538848370313644409e-02
4.622206836938858032e-02
5.890820920467376709e-02
2.581159397959709167e-02
1.149318963289260864e-01
8.546518534421920776e-02
8.267293125391006470e-02
3.495128080248832703e-02
4.011572524905204773e-02
1.016251593828201294e-01
1.073824837803840637e-01
9.104786068201065063e-02
3.100260719656944275e-02
5.439563840627670288e-02
5.391431599855422974e-02
2.185134962201118469e-02
3.260952606797218323e-02
8.319556713104248047e-02
1.339778751134872437e-01
3.932351469993591309e-01
4.462937116622924805e-01
8.898130804300308228e-02
9.016985446214675903e-02
4.769951105117797852e-02
4.823867604136466980e-02
4.627453535795211792e-02
1.746336743235588074e-02
1.045488379895687103e-02
7.999054156243801117e-03
8.799241483211517334e-02
9.122108668088912964e-02
9.711587429046630859e-02
7.658828049898147583e-02
2.828048542141914368e-02
3.712708503007888794e-02
3.317105174064636230e-01
4.254554510116577148e-01
4.254554510116577148e-01
4.254554510116577148e-01
5.018901824951171875e-01
9.357823431491851807e-02
3.939958289265632629e-02
7.469158619642257690e-02
1.316933333873748779e-01
1.223450228571891785e-01
1.549222618341445923e-01
4.536709934473037720e-02
9.794802963733673096e-02
2.602440118789672852e-02
9.960266202688217163e-02
6.058858036994934082e-01
3.249028623104095459e-01
1.249791383743286133e-01
3.902202472090721130e-02
7.199056446552276611e-02
7.024716585874557495e-02
9.141993522644042969e-02
8.332178741693496704e-02
6.254985928535461426e-02
1.162091642618179321e-01
2.340304553508758545e-01
1.460743397474288940e-01
8.607606589794158936e-02
1.033496186137199402e-01
6.335067749023437500e-02
9.660354256629943848e-02
1.986717581748962402e-01
1.983447559177875519e-02
7.136936485767364502e-02
1.108750998973846436e-01
3.869250118732452393e-01
6.373813748359680176e-01
2.667375802993774414e-01
2.509861588478088379e-01
1.057347655296325684e-01
5.129702389240264893e-02
6.909714639186859131e-02
6.324070692062377930e-02
1.107559073716402054e-02
2.728170156478881836e-02
6.686529517173767090e-02
9.178187698125839233e-02
1.164944544434547424e-01
1.091330498456954956e-01
4.289076328277587891e-01
2.513724267482757568e-01
3.875081986188888550e-02
8.941784501075744629e-02
6.630465388298034668e-02
6.490500271320343018e-02
2.740749120712280273e-01
1.075409948825836182e-01
7.846610993146896362e-02
6.683204323053359985e-02
9.692037105560302734e-02
7.365523278713226318e-02
6.959508359432220459e-02
8.066054433584213257e-02
7.055424898862838745e-02
5.936658754944801331e-02
5.883856862783432007e-02
1.137079074978828430e-01
9.160213917493820190e-02
6.094767525792121887e-02
5.513134971261024475e-02
9.749301522970199585e-02
2.372153103351593018e-01
9.723311662673950195e-02
2.426424026489257812e-01
5.282670855522155762e-01
4.254554510116577148e-01
5.920328944921493530e-02
6.493838429450988770e-01
1.616653800010681152e-01
5.822211131453514099e-02
1.649408787488937378e-01
4.748063087463378906e-01
7.317763566970825195e-02
3.946473821997642517e-02
1.735133863985538483e-02
7.162981480360031128e-02
4.521416127681732178e-02
5.743777751922607422e-02
8.469850569963455200e-02
6.686968356370925903e-02
8.256620168685913086e-02
8.715120702981948853e-02
4.740653187036514282e-02
4.817971214652061462e-02
6.017374992370605469e-02
1.533302217721939087e-01
3.232449889183044434e-01
8.965425491333007812e-01
7.612370699644088745e-02
1.339360624551773071e-01
5.255215167999267578e-01
3.166503012180328369e-01
1.072804182767868042e-01
9.067343175411224365e-02
1.949031949043273926e-01
7.246150821447372437e-02
8.420014381408691406e-02
8.110776543617248535e-02
7.725877314805984497e-02
7.321041077375411987e-02
1.321596093475818634e-02
1.049080397933721542e-02
2.861636877059936523e-02
6.247597187757492065e-02
5.505872517824172974e-02
4.689508303999900818e-02
1.122054923325777054e-02
1.658791862428188324e-02
9.299369901418685913e-02
7.267503440380096436e-02
1.334246806800365448e-02
4.534665495157241821e-02
2.796360552310943604e-01
1.038657352328300476e-01
1.053495109081268311e-01
6.719993893057107925e-03
2.097571268677711487e-02
2.691623754799365997e-02
5.806523934006690979e-02
5.855707526206970215e-01
1.915984153747558594e-01
9.660410135984420776e-02
2.400012314319610596e-02
4.121819138526916504e-02
1.427708417177200317e-01
7.782655209302902222e-02
6.957453489303588867e-02
6.130028888583183289e-02
1.509811915457248688e-02
4.752153530716896057e-02
1.461177319288253784e-01
5.986802652478218079e-02
3.700502216815948486e-02
7.316077500581741333e-02
9.500870108604431152e-02
1.144646927714347839e-01
6.771020591259002686e-02
1.978902891278266907e-02
9.278248250484466553e-02
2.123383432626724243e-01
5.810075998306274414e-02
1.386356800794601440e-01
7.406654953956604004e-02
1.321630924940109253e-01
3.259671479463577271e-02
7.779517024755477905e-02
4.364623501896858215e-02
5.103701725602149963e-02
4.224393144249916077e-02
8.476141095161437988e-02
9.758189320564270020e-01
6.694310307502746582e-01
6.511933356523513794e-02
5.992261320352554321e-02
5.768880248069763184e-02
1.722542196512222290e-01
1.994346231222152710e-01
7.888119667768478394e-02
8.993422240018844604e-02
6.763093918561935425e-02
1.521913520991802216e-02
2.640894427895545959e-02
2.859269082546234131e-02
4.013737291097640991e-02
5.011481419205665588e-02
9.579776227474212646e-02
1.233235523104667664e-01
8.555494993925094604e-02
3.846302628517150879e-02
8.566245436668395996e-02
5.577156320214271545e-02
4.920708388090133667e-02
3.942003473639488220e-02
3.076293319463729858e-02
5.465170368552207947e-02
1.480202972888946533e-01
5.879087746143341064e-02
7.698189001530408859e-03
1.156064569950103760e-01
1.752233803272247314e-01
6.325042806565761566e-03
2.667978107929229736e-01
8.103238791227340698e-02
3.602861166000366211e-01
7.140872478485107422e-01
8.138217031955718994e-02
8.996084332466125488e-02
4.186471998691558838e-01
3.694947063922882080e-01
4.311819747090339661e-02
5.707462783902883530e-03
3.097348846495151520e-02
3.777202963829040527e-02
2.313958853483200073e-02
9.962898492813110352e-02
9.545594453811645508e-02
5.068699643015861511e-02
7.801631838083267212e-02
5.867725238204002380e-02
7.579276710748672485e-02
6.706162542104721069e-02
1.168108582496643066e-01
1.182937622070312500e-01
1.797811090946197510e-01
8.577364683151245117e-01
7.020995765924453735e-02
6.865801662206649780e-02
3.298829868435859680e-02
2.220087684690952301e-02
4.290372133255004883e-02
9.875174611806869507e-02
4.406887292861938477e-02
7.170882821083068848e-02
3.491785004734992981e-02
7.278916984796524048e-02
3.248570859432220459e-02
7.007100582122802734e-01
3.140905126929283142e-02
1.205783113837242126e-01
1.466563045978546143e-01
6.765064001083374023e-01
6.811938434839248657e-02
4.665556550025939941e-02
3.650741651654243469e-02
2.298990786075592041e-01
6.199598312377929688e-02
5.850867554545402527e-02
6.392940133810043335e-02
7.400353997945785522e-02
8.130349963903427124e-02
6.712389737367630005e-02
7.295473664999008179e-02
1.133914887905120850e-01
1.581309884786605835e-01
2.004699409008026123e-01
5.308816954493522644e-02
1.391240954399108887e-02
9.141142480075359344e-03
7.178191095590591431e-02
1.997881978750228882e-01
3.221898898482322693e-02
1.065957397222518921e-01
7.042070478200912476e-02
1.372127383947372437e-01
6.134385988116264343e-02
1.228443756699562073e-01
3.872887045145034790e-02
8.365735411643981934e-02
4.332542419433593750e-02
1.683364957571029663e-01
4.188591241836547852e-01
1.821401566267013550e-01
7.403717190027236938e-02
1.504921019077301025e-01
7.041316479444503784e-02
5.698142200708389282e-02
6.090196967124938965e-02
1.425288990139961243e-02
8.891430497169494629e-02
2.668354511260986328e-01
3.190291523933410645e-01
3.586120530962944031e-02
1.710390485823154449e-02
7.591664791107177734e-02
1.271712481975555420e-01
2.940424084663391113e-01
8.895597606897354126e-02
3.137668222188949585e-02
1.083979532122612000e-01
6.022650748491287231e-02
3.756397217512130737e-02
5.437746644020080566e-01
3.326534628868103027e-01
7.387205958366394043e-02
9.574244916439056396e-02
9.972435235977172852e-02
9.532838314771652222e-02
1.598995625972747803e-01
1.243386417627334595e-01
9.425731748342514038e-02
4.933186247944831848e-02
2.444010972976684570e-02
3.430050238966941833e-02
6.258224695920944214e-02
7.104218006134033203e-02
2.171443961560726166e-02
2.706162445247173309e-02
5.191656947135925293e-02
1.114899143576622009e-01
5.994253605604171753e-02
2.529193647205829620e-02
9.394058957695960999e-03
3.986303135752677917e-02
1.491158902645111084e-01
1.232939958572387695e-01
8.676244318485260010e-02
7.751924544572830200e-02
8.359967172145843506e-02
1.944775879383087158e-01
8.725570142269134521e-02
4.657215997576713562e-02
4.358582943677902222e-02
7.833465188741683960e-02
3.364441916346549988e-02
5.036856979131698608e-02
5.437372624874114990e-02
7.229340728372335434e-03
1.716647297143936157e-02
3.112039342522621155e-02
5.846904218196868896e-02
4.237332195043563843e-02
8.039669692516326904e-02
1.301897615194320679e-01
2.280493639409542084e-02
8.228089660406112671e-03
2.874329872429370880e-02
8.362800627946853638e-02
9.203694760799407959e-02
1.861691474914550781e-01
3.942231833934783936e-02
3.447250276803970337e-02
6.767246127128601074e-02
4.258187487721443176e-02
1.077038496732711792e-01
8.199943602085113525e-02
8.639351278543472290e-02
7.032937556505203247e-02
2.835768163204193115e-01
9.704923629760742188e-01
9.290680885314941406e-01
1.112855076789855957e-01
2.660967037081718445e-02
1.287792176008224487e-01
1.121217161417007446e-01
1.028364449739456177e-01
8.647663146257400513e-02
1.283105164766311646e-01
7.661532610654830933e-02
8.437514305114746094e-02
4.679408669471740723e-02
7.346507906913757324e-02
1.317058354616165161e-01
5.702875182032585144e-02
1.037244647741317749e-01
6.354613602161407471e-02
7.890321612358093262e-01
8.261506557464599609e-01
9.087493270635604858e-02
2.394239753484725952e-01
2.417699545621871948e-01
1.331151425838470459e-01
3.602163493633270264e-02
3.166507557034492493e-02
4.104354977607727051e-01
1.237439885735511780e-01
9.221310615539550781e-01
9.721525311470031738e-01
1.088841482996940613e-01
4.011403396725654602e-02
3.237622603774070740e-02
9.774853289127349854e-02
8.988686650991439819e-02
9.800647944211959839e-02
1.217663735151290894e-01
1.422017812728881836e-01
1.174555048346519470e-01
6.994255632162094116e-02
9.420583397150039673e-02
4.015615954995155334e-02
4.224674031138420105e-02
3.602849692106246948e-02
7.772067934274673462e-02
4.260268062353134155e-02
1.075629070401191711e-01
3.939239680767059326e-01
6.058824062347412109e-01
6.911130249500274658e-02
7.542342692613601685e-02
6.576853990554809570e-02
2.940973937511444092e-01
6.916300207376480103e-02
9.814865142107009888e-02
6.118549779057502747e-02
8.883084356784820557e-02
5.083552375435829163e-02
8.029717952013015747e-02
2.554097399115562439e-02
1.735929697751998901e-01
1.958767697215080261e-02
1.013771630823612213e-02
7.527712583541870117e-01
9.068034887313842773e-01
1.627049967646598816e-02
3.339354321360588074e-02
2.725298143923282623e-02
4.885385558009147644e-02
7.906440645456314087e-02
4.179413616657257080e-02
1.547703891992568970e-01
4.916824772953987122e-02
9.725490212440490723e-02
2.922219596803188324e-02
2.347090393304824829e-01
1.029109060764312744e-01
3.248080611228942871e-02
6.323710083961486816e-02
6.863946467638015747e-02
1.302973460406064987e-02
1.285140365362167358e-01
2.892572432756423950e-02
5.148156359791755676e-02
6.285953521728515625e-02
6.264436244964599609e-02
8.860415220260620117e-02
4.753164947032928467e-02
9.204763919115066528e-02
2.920338809490203857e-01
1.044019088149070740e-01
6.414413452148437500e-02
4.771979153156280518e-02
5.216462016105651855e-01
6.567090004682540894e-02
4.605884850025177002e-02
7.410021871328353882e-02
4.279290884733200073e-02
1.628922671079635620e-01
5.327725782990455627e-02
7.134209871292114258e-01
6.704751253128051758e-01
9.625566750764846802e-02
4.887042194604873657e-02
8.563236892223358154e-02
1.158710792660713196e-01
4.957185685634613037e-02
6.962031591683626175e-03
2.531954646110534668e-02
1.843417622148990631e-02
7.900428026914596558e-02
6.654762476682662964e-02
1.363432854413986206e-01
5.178102105855941772e-02
9.141833335161209106e-02
2.941171824932098389e-01
2.189829498529434204e-01
8.359262347221374512e-02
1.022772565484046936e-01
3.885117173194885254e-01
9.498520195484161377e-02
3.537704795598983765e-02
3.766792267560958862e-02
6.864956021308898926e-02
9.330842643976211548e-02
2.696095965802669525e-02
9.060636162757873535e-02
9.124490618705749512e-02
8.645917475223541260e-02
1.396204084157943726e-01
3.215366601943969727e-01
1.238608807325363159e-01
1.226204484701156616e-01
6.560853123664855957e-02
3.635236248373985291e-02
1.357123106718063354e-01
6.245882436633110046e-02
6.339996308088302612e-02
6.083595007658004761e-02
6.518547981977462769e-02
1.259160488843917847e-01
5.710548162460327148e-02
6.240705028176307678e-02
4.272311180830001831e-02
3.907722607254981995e-02
5.533622205257415771e-02
1.257590204477310181e-01
8.703353255987167358e-02
2.427450269460678101e-01
1.356006264686584473e-01
2.737780213356018066e-01
3.006082028150558472e-02
2.191424369812011719e-02
7.427497953176498413e-02
4.465897381305694580e-02
1.710999943315982819e-02
1.852426677942276001e-02
1.615613140165805817e-02
6.458735466003417969e-02
3.282890841364860535e-02
6.889452785253524780e-02
6.079998612403869629e-02
1.130432784557342529e-01
1.387521773576736450e-01
1.221480593085289001e-01
7.547374814748764038e-02
4.882438480854034424e-02
4.071169346570968628e-02
8.334320038557052612e-02
7.254361361265182495e-02
6.232235580682754517e-02
6.927938759326934814e-02
6.990242749452590942e-02
6.025325134396553040e-02
1.350421160459518433e-01
1.223095282912254333e-01
4.292589053511619568e-02
1.536406576633453369e-01
1.678403615951538086e-01
4.891671538352966309e-01
2.149030864238739014e-01
4.867305234074592590e-02
2.778224349021911621e-01
5.959793552756309509e-02
5.642196163535118103e-02
8.952189981937408447e-02
1.732319034636020660e-02
7.287697866559028625e-03
1.054496038705110550e-02
1.412705183029174805e-01
9.657131880521774292e-02
1.390967667102813721e-01
8.861431479454040527e-02
6.721664220094680786e-02
2.850172668695449829e-02
4.919958114624023438e-02
7.958460599184036255e-02
8.608777076005935669e-02
6.179484724998474121e-02
5.052484199404716492e-02
4.737141355872154236e-02
3.691826388239860535e-02
1.073419004678726196e-01
2.872773446142673492e-02
5.531576275825500488e-02
2.339896373450756073e-02
3.035285323858261108e-02
2.703663110733032227e-01
1.148513555526733398e-01
4.321539029479026794e-02
8.239366114139556885e-02
2.804859280586242676e-01
9.126956015825271606e-02
1.444026827812194824e-01
6.671264767646789551e-02
3.675420954823493958e-02
2.010337412357330322e-01
5.922364592552185059e-01
3.309960365295410156e-01
3.193996846675872803e-01
4.054570496082305908e-01
1.328420639038085938e-01
1.010267883539199829e-01
1.103385016322135925e-01
1.009209752082824707e-01
3.467740118503570557e-02
9.227710962295532227e-02
4.438196122646331787e-02
7.570245116949081421e-02
9.075471013784408569e-02
1.482258886098861694e-01
3.215300291776657104e-02
5.531175807118415833e-02
7.630150020122528076e-02
1.482144147157669067e-01
5.124841630458831787e-02
4.328204691410064697e-01
1.233281046152114868e-01
1.846811175346374512e-01
2.441673576831817627e-01
6.738904118537902832e-02
4.587744921445846558e-02
1.364315748214721680e-01
9.554915130138397217e-02
4.665590450167655945e-02
1.033349521458148956e-02
1.314283162355422974e-02
6.272436678409576416e-02
1.687627434730529785e-01
8.922404795885086060e-02
4.690273478627204895e-02
9.881014376878738403e-02
5.831929296255111694e-02
1.099132001399993896e-01
1.600202731788158417e-02
5.303849279880523682e-02
1.260140985250473022e-01
4.320663586258888245e-02
1.014152318239212036e-01
1.581446528434753418e-01
6.744327396154403687e-02
1.171328648924827576e-01
1.589258946478366852e-02
9.318667463958263397e-03
1.205562651157379150e-01
7.951813936233520508e-02
9.749509394168853760e-02
6.746295094490051270e-02
9.356968104839324951e-02
8.838396519422531128e-02
1.607164740562438965e-01
1.754420250654220581e-01
2.409702688455581665e-01
1.095832139253616333e-01
1.005453988909721375e-01
2.268980443477630615e-02
5.495877861976623535e-01
5.957440137863159180e-01
3.197360038757324219e-01
1.154337916523218155e-02
7.057435810565948486e-02
6.223500892519950867e-02
9.416922181844711304e-02
1.205948963761329651e-01
5.904008448123931885e-02
5.844867601990699768e-02
4.544293507933616638e-02
1.935395151376724243e-01
2.047731354832649231e-02
2.607524953782558441e-02
2.036568522453308105e-02
1.180458739399909973e-01
3.826197981834411621e-02
5.659294873476028442e-02
1.040414646267890930e-01
3.810725733637809753e-02
9.465818852186203003e-02
7.210060954093933105e-02
9.933734685182571411e-02
1.617680490016937256e-02
9.358638525009155273e-02
1.614709645509719849e-01
2.754934132099151611e-01
1.282025426626205444e-01
6.783806532621383667e-02
4.148724675178527832e-02
1.736598014831542969e-01
5.567706003785133362e-02
6.141693517565727234e-02
3.475669398903846741e-02
6.377106904983520508e-02
7.465620338916778564e-02
1.820621490478515625e-01
7.721384614706039429e-02
3.224710747599601746e-02
9.916840791702270508e-01
5.134611129760742188e-01
2.095787972211837769e-02
5.733559280633926392e-02
4.442930594086647034e-02
5.793228000402450562e-02
8.347815275192260742e-01
2.114133536815643311e-01
7.982550561428070068e-02
1.457089278846979141e-02
8.183287456631660461e-03
8.348990976810455322e-02
1.964756548404693604e-01
5.692777782678604126e-02
2.041472308337688446e-02
6.201883312314748764e-03
2.066417597234249115e-02
8.671443164348602295e-02
5.242067947983741760e-02
8.758211135864257812e-02
3.867069631814956665e-02
2.602931857109069824e-01
1.721693426370620728e-01
4.024535417556762695e-02
2.705463953316211700e-02
2.261129394173622131e-02
1.373254656791687012e-01
4.982189089059829712e-02
1.082282513380050659e-01
1.369595825672149658e-01
6.507550925016403198e-02
1.440641842782497406e-02
2.652139216661453247e-02
2.233832515776157379e-02
3.122053109109401703e-02
3.965373337268829346e-02
5.946993455290794373e-02
7.509697973728179932e-02
1.302489731460809708e-02
2.989122085273265839e-02
2.721465751528739929e-02
7.665796577930450439e-02
4.459480643272399902e-01
5.678428411483764648e-01
5.886310338973999023e-02
1.270091235637664795e-01
9.597998857498168945e-02
8.921275287866592407e-02
5.721610412001609802e-02
4.313350468873977661e-02
4.480848014354705811e-01
4.183802381157875061e-02
2.920802310109138489e-02
1.848082616925239563e-02
7.679300382733345032e-03
6.052483245730400085e-02
6.399788707494735718e-02
8.786105364561080933e-02
2.121159993112087250e-02
8.612874895334243774e-02
1.919178478419780731e-02
3.034655004739761353e-02
3.508497029542922974e-02
1.033741906285285950e-01
2.274249643087387085e-01
3.276778757572174072e-02
7.442319393157958984e-02
3.915743902325630188e-02
5.666254460811614990e-02
1.327455639839172363e-01
5.221704021096229553e-02
2.840808406472206116e-02
5.339827761054039001e-02
4.702079296112060547e-02
7.563826441764831543e-02
6.833314895629882812e-02
8.307117223739624023e-02
5.893344804644584656e-02
7.567470073699951172e-01
3.896695673465728760e-01
2.952174469828605652e-02
2.178924344480037689e-02
1.679357513785362244e-02
2.431498654186725616e-02
8.425163477659225464e-02
2.851769141852855682e-02
9.926924705505371094e-01
9.388575553894042969e-01
5.449973940849304199e-01
8.712737262248992920e-02
5.952139198780059814e-02
6.233751773834228516e-02
5.944221019744873047e-01
9.798073768615722656e-01
2.880118489265441895e-01
1.062287911772727966e-01
8.660305291414260864e-03
9.025275707244873047e-03
6.315495818853378296e-02
3.230165839195251465e-01
2.085377126932144165e-01
1.309644877910614014e-01
1.307501643896102905e-01
6.475291252136230469e-01
5.106832981109619141e-01
2.943167090415954590e-01
3.147078678011894226e-02
7.383153587579727173e-02
7.687871158123016357e-02
1.649051457643508911e-01
1.624287366867065430e-01
1.973913982510566711e-02
9.520835243165493011e-03
9.189129807054996490e-03
1.565068513154983521e-01
8.832424879074096680e-02
7.636416554450988770e-01
5.925847887992858887e-01
1.574267745018005371e-01
8.884404599666595459e-02
5.802520364522933960e-02
7.956264913082122803e-02
1.861777305603027344e-01
3.258035704493522644e-02
6.451313942670822144e-02
1.018933430314064026e-01
9.303188920021057129e-01
8.722668886184692383e-01
1.022366732358932495e-01
6.877536773681640625e-01
1.272198706865310669e-01
7.047449052333831787e-02
1.102815419435501099e-01
5.274389684200286865e-02
9.278696775436401367e-02
5.159006267786026001e-02
7.158520817756652832e-02
4.113142564892768860e-02
6.359162181615829468e-02
6.377633661031723022e-02
7.676872611045837402e-02
1.418216824531555176e-01
2.460424043238162994e-02
2.736727893352508545e-01
3.428775817155838013e-02
1.162829324603080750e-01
5.025975033640861511e-02
8.583040535449981689e-02
5.650233477354049683e-02
8.810279518365859985e-02
1.916986852884292603e-01
1.069651246070861816e-01
7.372501492500305176e-02
5.258332192897796631e-02
8.222139626741409302e-02
4.922545850276947021e-01
1.545986086130142212e-01
3.353484719991683960e-02
1.577511802315711975e-02
1.096251755952835083e-01
5.636083707213401794e-02
4.880753532052040100e-02
1.018284112215042114e-01
5.417715013027191162e-02
2.910617589950561523e-01
8.814101666212081909e-02
8.313135057687759399e-02
3.273628652095794678e-02
7.769182324409484863e-02
8.243595808744430542e-02
3.872429206967353821e-02
7.630444318056106567e-02
6.103404164314270020e-01
3.865759074687957764e-02
4.160547628998756409e-02
6.668531149625778198e-02
5.416968464851379395e-02
1.076405495405197144e-01
6.891788542270660400e-02
3.382102027535438538e-02
1.213816478848457336e-01
1.347422748804092407e-01
8.327393978834152222e-02
2.193467170000076294e-01
5.389175191521644592e-02
7.851151376962661743e-02
6.900756061077117920e-02
5.297883227467536926e-02
8.371905982494354248e-02
6.967295706272125244e-02
7.924458384513854980e-02
5.881988629698753357e-02
7.972444593906402588e-02
2.941012978553771973e-01
1.879633814096450806e-01
3.325973451137542725e-01
9.657624363899230957e-02
6.688951700925827026e-02
7.440184801816940308e-02
4.684609174728393555e-01
1.560722663998603821e-02
3.354513319209218025e-03
5.398759990930557251e-02
4.688081741333007812e-01
5.407144874334335327e-02
5.848895758390426636e-02
4.449140653014183044e-02
7.152283936738967896e-02
4.336550086736679077e-02
3.769856318831443787e-02
2.600535154342651367e-01
9.260036051273345947e-02
4.125459492206573486e-02
5.431867763400077820e-02
5.280684307217597961e-02
4.436909258365631104e-01
2.072086781263351440e-01
9.517610073089599609e-02
1.044012829661369324e-01
9.991732239723205566e-01
1.107082664966583252e-01
8.728200942277908325e-02
1.288721412420272827e-01
6.511003244668245316e-03
2.498929947614669800e-01
9.701681137084960938e-02
5.261446163058280945e-02
2.818237617611885071e-02
5.631687864661216736e-02
5.719645693898200989e-02
9.099505096673965454e-02
5.457260459661483765e-02
3.135304152965545654e-02
1.068703085184097290e-01
1.206277906894683838e-01
1.346001327037811279e-01
4.954859986901283264e-02
6.880515813827514648e-02
4.642985463142395020e-01
1.157269030809402466e-01
4.021432250738143921e-02
2.195449024438858032e-01
1.606161892414093018e-01
4.571647942066192627e-02
9.441027045249938965e-02
5.141149088740348816e-02
3.711274266242980957e-02
2.237656898796558380e-02
4.812159761786460876e-02
1.493078619241714478e-01
6.471408903598785400e-02
4.415516927838325500e-02
6.221136078238487244e-02
3.405196592211723328e-02
2.465586364269256592e-02
4.828441888093948364e-02
5.034739896655082703e-02
6.227201223373413086e-02
1.204892471432685852e-01
4.831725358963012695e-02
1.203596591949462891e-01
3.568401560187339783e-02
4.385399445891380310e-02
1.658895760774612427e-01
4.478131979703903198e-02
9.903001040220260620e-02
5.159961432218551636e-02
6.367411464452743530e-02
3.701432421803474426e-02
3.707703668624162674e-03
3.721143677830696106e-02
2.794711291790008545e-02
9.183257073163986206e-02
4.776335135102272034e-02
3.593983501195907593e-02
1.726846396923065186e-01
2.340423502027988434e-02
4.460830707103013992e-03
1.314095109701156616e-01
9.540667384862899780e-02
4.834900423884391785e-02
2.994557619094848633e-01
1.594673544168472290e-01
2.400746569037437439e-02
4.324510321021080017e-02
4.275400564074516296e-02
1.418431103229522705e-01
5.735706910490989685e-02
9.465114027261734009e-02
3.434016928076744080e-02
6.255634874105453491e-02
3.284403681755065918e-02
5.127870664000511169e-02
1.291761547327041626e-01
5.747094377875328064e-02
7.745102047920227051e-02
6.392785906791687012e-02
1.051410213112831116e-01
1.700156927108764648e-01
2.098625898361206055e-01
3.619580343365669250e-02
6.462427228689193726e-02
6.509966403245925903e-02
5.825838446617126465e-02
5.423572063446044922e-01
3.339724540710449219e-01
8.438418805599212646e-02
1.178914681077003479e-01
2.582507431507110596e-01
4.315256327390670776e-02
3.495666980743408203e-01
3.702886104583740234e-01
1.235033124685287476e-01
6.744115799665451050e-02
1.440631449222564697e-01
1.066840738058090210e-01
6.760685890913009644e-02
9.509313106536865234e-02
6.711125373840332031e-02
5.301253870129585266e-02
6.082376837730407715e-02
2.094409763813018799e-01
5.539077147841453552e-02
5.916817486286163330e-02
4.160681739449501038e-02
4.746437445282936096e-02
3.534574210643768311e-01
5.714928507804870605e-01
6.523590534925460815e-02
2.546247281134128571e-02
3.850607573986053467e-01
2.673074603080749512e-01
1.661971509456634521e-01
1.648191958665847778e-01
5.018258094787597656e-01
7.392430901527404785e-01
5.630247294902801514e-02
