7.815013825893402100e-02
6.126202940940856934e-01
8.090176433324813843e-02
4.479973912239074707e-01
3.531261533498764038e-02
1.611238569021224976e-01
6.250897049903869629e-02
1.289951205253601074e-01
3.718475401401519775e-01
1.111477613449096680e-01
3.965714946389198303e-02
7.532750070095062256e-02
2.909202314913272858e-02
1.982671022415161133e-02
1.092501655220985413e-01
1.114933267235755920e-01
1.746695041656494141e-01
4.521408975124359131e-01
1.455351412296295166e-01
3.515327274799346924e-01
5.715167894959449768e-02
1.599634438753128052e-01
2.411310188472270966e-02
7.666479796171188354e-02
2.236734032630920410e-01
2.891717292368412018e-02
2.106689289212226868e-02
1.599818468093872070e-02
9.061995148658752441e-02
9.985760450363159180e-01
3.031330406665802002e-01
1.203107163310050964e-01
6.120745465159416199e-02
8.803529292345046997e-02
1.765022426843643188e-02
1.402784883975982666e-02
6.092866510152816772e-02
2.806386165320873260e-02
3.150918055325746536e-03
2.466637082397937775e-02
1.357984393835067749e-01
4.478628933429718018e-02
1.142051145434379578e-01
5.287536978721618652e-02
3.884382173418998718e-02
2.447674050927162170e-02
2.585624158382415771e-02
1.329944841563701630e-02
6.089409813284873962e-03
5.910267587751150131e-03
1.151446998119354248e-02
3.023391030728816986e-02
1.216968335211277008e-02
7.056813836097717285e-01
8.694026470184326172e-01
2.150427363812923431e-02
5.989450588822364807e-02
5.011236295104026794e-02
9.742475301027297974e-02
4.867011308670043945e-02
7.951201498508453369e-02
3.213669732213020325e-02
5.430699791759252548e-03
2.479166351258754730e-02
5.986802652478218079e-02
1.834389194846153259e-02
1.701711490750312805e-02
2.141604013741016388e-02
3.413718193769454956e-02
1.223795339465141296e-01
9.893789142370223999e-02
3.828101232647895813e-02
1.437946408987045288e-01
4.106135293841362000e-02
3.497203439474105835e-02
3.497846424579620361e-02
1.084472611546516418e-01
2.781967073678970337e-02
7.437385618686676025e-02
7.069995999336242676e-02
5.842687189579010010e-02
1.340097486972808838e-01
2.233916819095611572e-01
9.316053986549377441e-02
1.198943108320236206e-01
2.835190668702125549e-02
6.173385679721832275e-02
9.344315528869628906e-02
3.348909318447113037e-02
4.075593501329421997e-02
2.270282432436943054e-02
7.299176417291164398e-03
4.904321581125259399e-02
8.206198364496231079e-02
2.792168259620666504e-01
1.737391203641891479e-01
7.479153573513031006e-02
1.022716909646987915e-01
1.994509994983673096e-01
7.404235005378723145e-02
4.517578706145286560e-02
1.090390756726264954e-01
2.543213590979576111e-02
2.191174589097499847e-02
1.312982011586427689e-02
4.144519940018653870e-02
3.128052502870559692e-02
8.376378566026687622e-02
1.088761612772941589e-01
1.618661582469940186e-01
7.662069983780384064e-03
8.298073895275592804e-03
6.023554503917694092e-02
7.844258844852447510e-02
9.859437495470046997e-02
8.348294533789157867e-03
1.255996804684400558e-02
5.043229088187217712e-02
1.142603252083063126e-02
2.345009520649909973e-02
1.409652549773454666e-02
7.666074484586715698e-02
6.761848926544189453e-02
1.384370774030685425e-02
1.598634198307991028e-02
6.066457927227020264e-02
3.380629420280456543e-02
1.798104681074619293e-02
5.417798087000846863e-02
1.078112646937370300e-01
5.008276179432868958e-02
1.183313690125942230e-02
9.066274762153625488e-02
2.097452804446220398e-02
5.104693397879600525e-02
1.331412643194198608e-01
2.359393984079360962e-02
3.791432082653045654e-02
8.526958525180816650e-03
1.289005950093269348e-02
7.159679383039474487e-02
2.629529312252998352e-02
1.845952123403549194e-02
5.462395772337913513e-02
2.008543461561203003e-01
6.378877907991409302e-02
3.989175334572792053e-02
3.646642342209815979e-02
3.769046813249588013e-02
6.539527326822280884e-02
8.580676466226577759e-02
1.442247536033391953e-02
1.886004023253917694e-02
3.323267772793769836e-02
1.371411681175231934e-01
8.659660816192626953e-02
1.010794378817081451e-02
1.809745468199253082e-02
1.375956088304519653e-01
6.172776594758033752e-02
4.702999070286750793e-02
1.378539800643920898e-01
1.494893878698348999e-01
9.664002060890197754e-02
6.040592212229967117e-03
1.079656705260276794e-01
3.047882914543151855e-01
3.009868599474430084e-02
6.607758253812789917e-02
8.258150517940521240e-02
4.680904373526573181e-02
5.307152867317199707e-02
9.283304959535598755e-02
4.734082147479057312e-02
3.568865731358528137e-02
5.006878823041915894e-02
6.163764372467994690e-02
4.346884787082672119e-02
6.477187573909759521e-02
8.032450824975967407e-02
9.960873425006866455e-02
4.782005771994590759e-02
7.547947764396667480e-02
1.273057460784912109e-01
8.392082154750823975e-02
9.313673526048660278e-02
5.361059680581092834e-02
4.392052069306373596e-02
2.339926958084106445e-01
5.590575933456420898e-02
5.612097680568695068e-02
1.536121517419815063e-01
1.017718091607093811e-01
1.005188468843698502e-02
1.662905514240264893e-02
1.707747951149940491e-02
1.800919510424137115e-02
3.207689896225929260e-02
1.775059290230274200e-02
1.824818924069404602e-02
1.104755103588104248e-01
4.944581910967826843e-02
1.109977290034294128e-01
5.525760725140571594e-02
4.766824468970298767e-02
5.773839354515075684e-02
2.107346504926681519e-01
5.500744283199310303e-02
1.554801780730485916e-02
2.188048139214515686e-02
8.559254556894302368e-02
3.474087640643119812e-02
8.326063305139541626e-02
9.241288900375366211e-02
1.346020847558975220e-01
6.331419348716735840e-01
1.178087145090103149e-01
8.379954844713211060e-02
1.970260143280029297e-01
6.198906153440475464e-02
3.844885900616645813e-02
7.694086432456970215e-02
3.709007799625396729e-02
8.952627331018447876e-02
1.239410787820816040e-01
1.281255334615707397e-01
1.172507926821708679e-02
3.266394883394241333e-02
1.409415900707244873e-02
4.353927075862884521e-02
6.865289062261581421e-02
2.474645338952541351e-02
7.889894396066665649e-02
1.940898597240447998e-03
1.967346668243408203e-02
4.484331980347633362e-02
4.932000115513801575e-02
6.103871390223503113e-02
9.751659631729125977e-02
7.015430182218551636e-02
4.473189637064933777e-02
2.357923798263072968e-02
3.798274323344230652e-02
8.732377290725708008e-01
7.902215421199798584e-02
7.426421344280242920e-02
9.770677983760833740e-02
7.492361590266227722e-03
1.572427898645401001e-02
1.371462196111679077e-01
8.536676317453384399e-02
9.267669171094894409e-02
5.385343357920646667e-02
8.048964664340019226e-03
1.144487061537802219e-03
9.876441210508346558e-03
1.430409029126167297e-02
1.630832999944686890e-02
1.079503893852233887e-01
8.963913656771183014e-03
1.683918982744216919e-01
1.357400044798851013e-02
5.131364241242408752e-02
3.003593534231185913e-02
5.471059679985046387e-02
7.979396730661392212e-02
3.013967275619506836e-01
3.622086346149444580e-01
1.598734036087989807e-02
1.016278341412544250e-01
9.196215867996215820e-02
1.608799397945404053e-01
3.251803219318389893e-01
5.569767579436302185e-02
8.734048902988433838e-02
3.872359916567802429e-02
1.469738185405731201e-01
4.886088073253631592e-01
1.284305751323699951e-01
1.557348817586898804e-01
8.688037097454071045e-02
5.120018869638442993e-02
8.950279653072357178e-02
4.952271282672882080e-02
1.177259534597396851e-01
7.202149927616119385e-02
5.155194178223609924e-02
8.937951922416687012e-02
1.320192366838455200e-01
8.151300996541976929e-02
1.383052319288253784e-01
1.974758803844451904e-01
1.522888839244842529e-01
5.667370557785034180e-02
2.684458196163177490e-01
7.946904897689819336e-01
4.543531313538551331e-02
3.886235132813453674e-02
7.346115261316299438e-02
7.411953061819076538e-02
5.035467073321342468e-02
5.045368149876594543e-02
4.208758100867271423e-02
5.252977833151817322e-02
6.155629456043243408e-02
5.870213359594345093e-02
5.074879527091979980e-02
6.042547151446342468e-02
1.149580404162406921e-01
4.020652174949645996e-02
8.714477717876434326e-02
7.792266458272933960e-02
3.845107927918434143e-02
5.794491991400718689e-02
4.637231305241584778e-02
7.749179750680923462e-02
8.888794481754302979e-02
2.793258987367153168e-02
6.942676007747650146e-02
6.451693922281265259e-02
5.120706185698509216e-02
4.691084474325180054e-02
1.419611554592847824e-02
7.913359999656677246e-02
7.506834715604782104e-02
9.287768602371215820e-02
4.375563561916351318e-02
7.235819101333618164e-02
5.279342830181121826e-02
4.451951384544372559e-02
7.384210079908370972e-02
8.971603214740753174e-02
1.221721544861793518e-01
2.292682789266109467e-02
1.495415419340133667e-01
5.815815180540084839e-02
5.000848323106765747e-02
2.284775860607624054e-02
3.115185797214508057e-01
3.437243103981018066e-01
5.137732625007629395e-02
9.852645546197891235e-02
2.001443803310394287e-01
7.779724150896072388e-02
2.980134263634681702e-02
5.083734169602394104e-02
6.356025487184524536e-02
1.158389598131179810e-01
5.391675233840942383e-02
2.655046992003917694e-02
5.487787723541259766e-02
7.289550453424453735e-02
7.024534046649932861e-02
1.447042673826217651e-01
4.495963454246520996e-02
5.165527574717998505e-03
4.303422570228576660e-02
4.992787912487983704e-02
9.949381351470947266e-01
9.840804934501647949e-01
9.677723050117492676e-02
6.029432639479637146e-02
1.584368050098419189e-01
7.788903266191482544e-02
4.641591310501098633e-01
2.264443188905715942e-01
3.481421247124671936e-02
1.017908826470375061e-01
6.809132546186447144e-02
3.238002583384513855e-02
8.120509237051010132e-02
1.280566006898880005e-01
3.250554203987121582e-02
8.931991457939147949e-02
5.472738295793533325e-02
1.035184636712074280e-01
4.750569537281990051e-02
6.662234663963317871e-02
1.674208641052246094e-01
5.912101641297340393e-02
3.381116688251495361e-02
1.219758912920951843e-01
1.261650174856185913e-01
2.511844411492347717e-02
3.441649675369262695e-02
2.055937200784683228e-01
1.245661452412605286e-02
8.062982931733131409e-03
5.841067805886268616e-02
6.896210461854934692e-02
5.614391714334487915e-02
5.955642834305763245e-02
7.062358409166336060e-02
5.444275215268135071e-02
8.004727214574813843e-02
8.688785880804061890e-02
4.673565551638603210e-02
1.624701544642448425e-02
1.823961175978183746e-02
1.801354140043258667e-01
2.024065107107162476e-01
1.147016286849975586e-01
1.538836807012557983e-01
1.403146833181381226e-01
1.175391823053359985e-01
8.845055103302001953e-02
6.810619682073593140e-02
7.411158829927444458e-02
1.389531791210174561e-01
2.297568321228027344e-02
7.532663643360137939e-02
9.529541432857513428e-02
1.774185746908187866e-01
1.944565623998641968e-01
4.267875850200653076e-01
3.181079030036926270e-02
3.119796328246593475e-02
4.064363613724708557e-02
7.493595778942108154e-02
1.283215731382369995e-01
2.855478413403034210e-02
2.041534483432769775e-01
4.254554510116577148e-01
4.254554510116577148e-01
4.254554510116577148e-01
4.254554510116577148e-01
4.713532626628875732e-01
5.964130163192749023e-02
4.199223965406417847e-02
3.081934712827205658e-02
1.226864159107208252e-01
6.514221429824829102e-02
9.189180284738540649e-02
1.832284778356552124e-02
5.481572449207305908e-02
2.254284545779228210e-02
1.011372059583663940e-01
9.807854145765304565e-02
2.103133350610733032e-01
4.254554510116577148e-01
4.254554510116577148e-01
4.254554510116577148e-01
1.188253238797187805e-01
2.588153444230556488e-02
4.334027692675590515e-02
3.755633831024169922e-01
8.311013132333755493e-02
5.875832960009574890e-02
1.953659020364284515e-02
2.611996419727802277e-02
3.599555417895317078e-02
5.521606281399726868e-02
4.897699877619743347e-02
1.600342430174350739e-02
6.183229386806488037e-02
2.860658243298530579e-02
1.241749823093414307e-01
1.438921391963958740e-01
2.533920705318450928e-01
3.137390688061714172e-02
3.153831884264945984e-02
8.740631490945816040e-02
5.902937054634094238e-02
5.494331941008567810e-02
9.013839066028594971e-02
1.043864861130714417e-01
2.284381724894046783e-02
6.656566634774208069e-03
3.096397034823894501e-02
7.108841836452484131e-02
9.892633557319641113e-02
1.184300631284713745e-01
2.389501780271530151e-02
6.166764348745346069e-02
8.754121512174606323e-02
6.799869239330291748e-02
6.138242036104202271e-02
1.712381243705749512e-01
5.812937393784523010e-02
5.813816189765930176e-01
7.047972828149795532e-02
3.022329322993755341e-02
1.837822049856185913e-02
7.993670552968978882e-02
2.852593734860420227e-02
2.370593696832656860e-02
7.348369807004928589e-02
9.099610149860382080e-02
5.355241894721984863e-01
2.173726260662078857e-01
1.225433200597763062e-01
4.046213254332542419e-02
4.509773105382919312e-02
7.221487164497375488e-02
1.565244346857070923e-01
2.711481228470802307e-02
5.579356476664543152e-02
6.817897409200668335e-02
1.434549242258071899e-01
4.799822345376014709e-02
4.336825385689735413e-02
1.823734790086746216e-01
2.617941498756408691e-01
2.481048107147216797e-01
2.340547554194927216e-02
1.278738975524902344e-01
1.775591820478439331e-01
7.148861140012741089e-02
1.046106368303298950e-01
1.077086776494979858e-01
4.495299458503723145e-01
9.701526165008544922e-02
1.848408132791519165e-01
2.017367929220199585e-01
5.655293464660644531e-01
5.737236887216567993e-02
1.047263070940971375e-01
6.104110926389694214e-02
4.070934653282165527e-02
7.214979827404022217e-02
3.055419959127902985e-02
1.365014612674713135e-01
4.099508002400398254e-02
7.008673995733261108e-02
1.007074564695358276e-01
6.175670027732849121e-02
3.161669522523880005e-02
5.614796280860900879e-02
5.697378516197204590e-02
6.318777054548263550e-02
2.063425332307815552e-01
3.272751346230506897e-02
8.175013959407806396e-02
4.937111958861351013e-02
5.643380433320999146e-02
1.155213266611099243e-01
7.336854934692382812e-02
9.821555018424987793e-02
1.572554409503936768e-01
1.174333617091178894e-01
6.562452763319015503e-02
1.068719252943992615e-01
7.425519824028015137e-02
4.793896898627281189e-02
1.304114162921905518e-01
9.614209085702896118e-02
1.096500381827354431e-01
1.089984476566314697e-01
8.409054577350616455e-02
1.618265956640243530e-01
7.219892740249633789e-02
6.413827836513519287e-02
5.086448788642883301e-02
5.840330570936203003e-02
5.650827288627624512e-02
4.102525487542152405e-02
9.568331390619277954e-02
3.905912861227989197e-02
6.122713908553123474e-02
1.404567435383796692e-02
4.454118758440017700e-02
5.916005373001098633e-02
4.901392757892608643e-02
6.272330135107040405e-02
7.838577963411808014e-03
7.061329483985900879e-02
3.492656722664833069e-02
7.498687505722045898e-02
1.027105003595352173e-01
6.730228662490844727e-02
1.187598425894975662e-02
5.057605728507041931e-02
5.230978876352310181e-02
2.720629051327705383e-02
8.078560978174209595e-02
5.081995204091072083e-02
2.130805142223834991e-02
1.121967956423759460e-01
4.515798985958099365e-01
6.796555519104003906e-01
8.669719099998474121e-02
1.175309345126152039e-01
5.671877041459083557e-02
4.294382035732269287e-02
4.171158745884895325e-02
8.659940212965011597e-02
4.328792542219161987e-02
3.723658248782157898e-02
7.304502278566360474e-02
1.729533225297927856e-01
4.731688499450683594e-01
6.246944069862365723e-01
6.281251460313796997e-02
1.384544223546981812e-01
2.940793707966804504e-02
3.438190221786499023e-01
1.112932637333869934e-01
4.291857406497001648e-02
4.088185355067253113e-02
1.060608476400375366e-01
9.700124710798263550e-02
7.694066315889358521e-02
1.741373352706432343e-02
1.340693887323141098e-02
8.100952953100204468e-03
2.430337667465209961e-02
1.045632138848304749e-01
3.870739787817001343e-02
1.483230385929346085e-02
6.613426655530929565e-02
6.340791285037994385e-02
5.991449207067489624e-02
3.223975002765655518e-02
2.391973733901977539e-01
1.060518845915794373e-01
8.000270277261734009e-02
4.342234879732131958e-02
4.505957663059234619e-01
5.042293071746826172e-01
7.497125118970870972e-02
4.379651695489883423e-02
2.362698465585708618e-01
2.839071676135063171e-02
2.343776077032089233e-02
1.433516144752502441e-01
1.138736084103584290e-01
5.769982933998107910e-02
9.724719822406768799e-02
2.271916270256042480e-01
3.708066791296005249e-02
1.085839644074440002e-01
7.167737483978271484e-01
3.633715510368347168e-01
9.431529790163040161e-02
3.964350372552871704e-02
6.602739542722702026e-02
7.901522517204284668e-02
8.422599732875823975e-02
6.154194474220275879e-02
1.004169136285781860e-01
3.617303445935249329e-02
4.081749916076660156e-02
1.017664372920989990e-02
2.195599861443042755e-02
2.053149417042732239e-02
5.431911721825599670e-02
6.840838491916656494e-02
4.198008775711059570e-02
1.622432917356491089e-01
5.709931850433349609e-01
6.287359595298767090e-01
1.220279559493064880e-01
9.278655648231506348e-01
2.183189056813716888e-02
9.398131966590881348e-01
1.790491044521331787e-01
9.276672452688217163e-02
1.325411498546600342e-01
5.817561224102973938e-02
7.673467695713043213e-02
8.750573545694351196e-02
3.071592375636100769e-02
1.344266682863235474e-01
5.882656574249267578e-02
7.147234678268432617e-02
4.652256518602371216e-02
1.582615822553634644e-01
4.214747250080108643e-01
8.836277574300765991e-02
1.201651766896247864e-01
6.193025782704353333e-02
3.956579864025115967e-01
3.421214222908020020e-01
6.218398734927177429e-02
6.188145279884338379e-02
2.872187457978725433e-02
7.412166893482208252e-02
9.951575100421905518e-02
1.500188708305358887e-01
1.411621272563934326e-01
5.657094717025756836e-02
2.260765433311462402e-01
1.539061665534973145e-01
9.798890948295593262e-01
2.589238248765468597e-02
1.074686273932456970e-01
5.864228308200836182e-02
4.403366148471832275e-02
2.502556443214416504e-01
6.596171855926513672e-01
6.258478760719299316e-02
6.675404906272888184e-01
1.544562131166458130e-01
3.870110511779785156e-01
3.384082391858100891e-02
1.540175378322601318e-01
5.811451002955436707e-02
8.210340887308120728e-02
2.853719294071197510e-01
1.541137844324111938e-01
5.982300043106079102e-01
4.254554510116577148e-01
4.254554510116577148e-01
4.254554510116577148e-01
4.254554510116577148e-01
4.254554510116577148e-01
4.254554510116577148e-01
4.254554510116577148e-01
7.228974699974060059e-01
8.695380091667175293e-01
3.256070315837860107e-01
1.077420264482498169e-01
1.561421155929565430e-01
4.969727694988250732e-01
4.840807318687438965e-01
2.152229696512222290e-01
3.445319235324859619e-01
9.686426520347595215e-01
9.256560206413269043e-01
4.212731420993804932e-01
4.793963730335235596e-01
1.132151931524276733e-01
1.046910956501960754e-01
9.456838667392730713e-02
9.455371648073196411e-02
4.228666797280311584e-02
5.456532165408134460e-02
4.898690804839134216e-02
8.285178244113922119e-02
8.745579421520233154e-02
1.071592494845390320e-01
1.069921925663948059e-01
6.296000629663467407e-02
9.312091022729873657e-02
1.551021486520767212e-01
4.522370547056198120e-02
4.910064488649368286e-02
7.653228193521499634e-02
5.918910726904869080e-02
2.601487934589385986e-02
9.459006786346435547e-02
1.490474194288253784e-01
7.393468916416168213e-02
5.424804240465164185e-02
7.387086749076843262e-02
7.898608595132827759e-02
9.729914367198944092e-02
7.256532460451126099e-02
4.452033340930938721e-02
5.725743994116783142e-02
9.178826212882995605e-02
1.102225854992866516e-01
1.295849829912185669e-01
8.581517636775970459e-02
9.382147341966629028e-02
2.238705754280090332e-01
4.014856740832328796e-02
2.531627006828784943e-02
1.564884334802627563e-01
7.751180976629257202e-02
6.046388298273086548e-02
6.663870066404342651e-02
3.169180080294609070e-02
4.579863846302032471e-01
9.966392517089843750e-01
1.407155394554138184e-01
1.165466979146003723e-01
4.041738342493772507e-03
7.435555756092071533e-02
8.285937458276748657e-02
4.303335398435592651e-02
5.511419102549552917e-02
7.591464370489120483e-02
8.414486050605773926e-02
9.806810319423675537e-02
1.383270621299743652e-01
7.150848954916000366e-02
4.977279528975486755e-02
7.277569919824600220e-02
7.004265487194061279e-02
1.169853433966636658e-01
3.877243027091026306e-02
5.989319458603858948e-02
5.574394762516021729e-02
7.289255410432815552e-02
9.359934926033020020e-02
9.839723259210586548e-02
2.212724834680557251e-02
7.443846017122268677e-02
2.718800902366638184e-01
1.691473722457885742e-01
6.263978779315948486e-02
4.780530557036399841e-02
9.800484031438827515e-02
1.425769273191690445e-02
1.881506294012069702e-02
1.364283710718154907e-01
9.656238555908203125e-02
9.998506307601928711e-01
2.796463109552860260e-02
6.711723282933235168e-03
1.466099545359611511e-02
3.891641274094581604e-02
3.499784767627716064e-01
4.254554510116577148e-01
4.254554510116577148e-01
8.607659339904785156e-01
3.815093636512756348e-02
4.579513520002365112e-02
2.982927486300468445e-02
4.981329292058944702e-02
8.314940333366394043e-02
4.089604690670967102e-02
8.688196539878845215e-02
5.408835411071777344e-02
6.444681435823440552e-02
2.723192609846591949e-02
2.227418310940265656e-02
1.606353931128978729e-02
2.352745644748210907e-02
5.304599180817604065e-02
9.805414080619812012e-02
1.919997669756412506e-02
1.677401922643184662e-02
2.050247788429260254e-02
3.473340347409248352e-02
8.807377517223358154e-02
8.940476924180984497e-03
1.515660155564546585e-02
2.262734435498714447e-02
4.622986912727355957e-02
5.267360433936119080e-02
7.672966271638870239e-02
1.825780235230922699e-02
4.266926273703575134e-02
2.537407726049423218e-02
6.434232741594314575e-02
2.582078613340854645e-02
3.818031400442123413e-02
9.280475974082946777e-02
3.747012093663215637e-02
4.489979520440101624e-02
6.225482746958732605e-02
4.049804061651229858e-03
1.145429071038961411e-02
1.144234277307987213e-02
1.592611074447631836e-01
6.111015677452087402e-01
7.887208461761474609e-01
3.591591417789459229e-01
1.390232145786285400e-01
8.394491672515869141e-02
5.938664823770523071e-02
3.338776156306266785e-02
6.245596706867218018e-02
1.017777808010578156e-02
5.344566330313682556e-02
5.953551083803176880e-02
3.305776044726371765e-02
8.733540773391723633e-02
1.024720743298530579e-01
9.063321352005004883e-01
8.787972331047058105e-01
7.686030864715576172e-02
4.255549237132072449e-02
1.177920866757631302e-02
2.611964754760265350e-02
5.578577145934104919e-02
1.604499071836471558e-01
1.065309792757034302e-01
4.804404452443122864e-02
3.040141426026821136e-02
6.199929490685462952e-02
1.052632331848144531e-01
2.150601893663406372e-02
1.956399157643318176e-02
4.961192980408668518e-02
9.346792101860046387e-02
7.466971874237060547e-02
4.994347691535949707e-02
5.864428356289863586e-02
3.528231009840965271e-02
4.245762899518013000e-02
7.694849371910095215e-02
5.370861664414405823e-02
1.036733165383338928e-01
4.314940050244331360e-02
1.311859637498855591e-01
6.944668292999267578e-02
4.851630330085754395e-02
6.380975246429443359e-02
1.106938123703002930e-01
1.375510357320308685e-02
2.420759387314319611e-02
8.093511685729026794e-03
4.415200650691986084e-02
1.039718557149171829e-02
9.697293490171432495e-02
5.852362513542175293e-02
6.904442608356475830e-02
8.526409417390823364e-02
8.127235621213912964e-02
3.304719626903533936e-01
1.636001765727996826e-01
1.085083838552236557e-02
3.644452989101409912e-02
2.192389965057373047e-02
2.997576445341110229e-02
3.140059709548950195e-01
4.254554510116577148e-01
4.254554510116577148e-01
4.254554510116577148e-01
4.254554510116577148e-01
4.254554510116577148e-01
4.254554510116577148e-01
4.254554510116577148e-01
4.254554510116577148e-01
4.254554510116577148e-01
3.967145979404449463e-01
3.508347785100340843e-03
4.271790385246276855e-03
2.573624067008495331e-02
7.122491300106048584e-02
3.997538611292839050e-02
9.482915699481964111e-02
4.958361759781837463e-02
5.037553980946540833e-02
1.966489851474761963e-02
1.662253029644489288e-02
6.354960799217224121e-02
1.182302832603454590e-01
6.480108201503753662e-02
3.188955783843994141e-02
1.025996655225753784e-01
1.950830519199371338e-01
3.277026116847991943e-02
6.194841861724853516e-02
4.194450005888938904e-02
5.869036912918090820e-02
9.535874426364898682e-02
2.399285137653350830e-02
2.492429129779338837e-02
2.880476973950862885e-02
3.832508623600006104e-02
3.539070487022399902e-02
1.118307262659072876e-01
1.571280360221862793e-01
4.546616971492767334e-02
4.012067615985870361e-02
4.862614348530769348e-02
6.528240442276000977e-02
2.612140029668807983e-02
1.437071412801742554e-01
1.883879899978637695e-01
1.920250058174133301e-01
1.954504698514938354e-01
1.208436116576194763e-01
1.196996346116065979e-01
7.621058076620101929e-02
2.454148791730403900e-02
1.418414562940597534e-01
2.493657730519771576e-02
6.192419305443763733e-02
8.075547404587268829e-03
1.195302456617355347e-01
5.855163931846618652e-02
2.773778699338436127e-02
2.969457767903804779e-02
9.414208121597766876e-03
3.251534327864646912e-02
7.042439281940460205e-02
1.255626976490020752e-01
4.443681612610816956e-02
7.629060745239257812e-02
1.022369191050529480e-01
1.228502169251441956e-01
7.038289308547973633e-02
4.446602612733840942e-02
2.719615958631038666e-02
1.776598691940307617e-01
5.298559740185737610e-02
9.858486056327819824e-02
1.297890096902847290e-01
2.330325543880462646e-01
1.315826326608657837e-01
5.792579054832458496e-02
6.189972534775733948e-02
9.337398409843444824e-02
9.842367470264434814e-02
3.907524049282073975e-02
9.994207620620727539e-01
4.592226445674896240e-02
6.101736053824424744e-02
7.038518041372299194e-02
4.429696500301361084e-02
3.707373887300491333e-02
2.124738097190856934e-01
2.242782413959503174e-01
1.323498040437698364e-01
5.606924742460250854e-02
1.181987673044204712e-01
1.062904149293899536e-01
3.846755623817443848e-02
5.290005356073379517e-02
1.354877501726150513e-01
1.066131144762039185e-01
7.932306081056594849e-02
1.649564653635025024e-01
1.316727399826049805e-01
1.046347990632057190e-01
8.749945461750030518e-02
1.642806380987167358e-01
6.960912793874740601e-02
2.272581160068511963e-01
4.637280851602554321e-02
1.228544339537620544e-01
3.385292366147041321e-02
2.982225827872753143e-02
4.247007519006729126e-02
1.592916697263717651e-01
8.726320415735244751e-02
3.416245430707931519e-02
9.994410872459411621e-01
2.614309489727020264e-01
8.929876238107681274e-02
8.647361397743225098e-01
7.083602547645568848e-01
1.279423683881759644e-01
1.565193384885787964e-01
3.089386224746704102e-02
6.135118752717971802e-02
2.521779760718345642e-02
4.979096651077270508e-01
4.714102149009704590e-01
5.684497952461242676e-02
4.331522285938262939e-01
8.930051326751708984e-02
2.934392727911472321e-02
4.615107774734497070e-01
1.529083698987960815e-01
1.388770043849945068e-01
8.180534839630126953e-02
1.026853397488594055e-01
2.368969917297363281e-01
8.207062631845474243e-02
6.870657205581665039e-01
6.017594784498214722e-02
1.761918812990188599e-01
2.040835916996002197e-01
3.789455294609069824e-01
5.400416851043701172e-01
2.026274353265762329e-01
5.971807837486267090e-01
9.353231787681579590e-01
9.748409986495971680e-01
6.103574857115745544e-02
1.681428700685501099e-01
2.715716697275638580e-02
5.548220872879028320e-02
8.293164521455764771e-02
3.881955519318580627e-02
2.880932092666625977e-01
8.557830750942230225e-02
4.293722659349441528e-02
3.443245962262153625e-02
5.233966559171676636e-02
1.452883183956146240e-01
5.945518985390663147e-02
1.291454881429672241e-01
2.618618905544281006e-01
9.619688242673873901e-02
3.664978444576263428e-01
1.432142853736877441e-01
9.715928137302398682e-02
5.055195093154907227e-02
2.907082140445709229e-01
8.800211548805236816e-02
3.041070699691772461e-02
5.864877253770828247e-02
6.559655070304870605e-02
2.307602018117904663e-01
1.188703700900077820e-01
2.871322259306907654e-02
3.176173195242881775e-02
1.363169103860855103e-01
2.336972020566463470e-02
5.587647482752799988e-02
7.139997929334640503e-02
1.427926719188690186e-01
1.145771667361259460e-01
1.387862116098403931e-01
1.157387271523475647e-01
1.846927702426910400e-01
4.191538318991661072e-02
4.024195671081542969e-02
6.875586509704589844e-02
6.666775792837142944e-02
1.802428513765335083e-01
8.232818245887756348e-01
4.271714687347412109e-01
2.393153458833694458e-01
1.132236719131469727e-01
3.394235298037528992e-02
9.828558564186096191e-02
5.722630396485328674e-02
1.225040927529335022e-01
4.658875241875648499e-02
5.959038436412811279e-02
6.401976943016052246e-02
2.265377528965473175e-02
4.014781489968299866e-02
5.575732886791229248e-02
5.702704563736915588e-02
1.491563767194747925e-02
1.596091836690902710e-01
6.605560332536697388e-02
8.109530806541442871e-02
7.364532351493835449e-02
7.445722073316574097e-02
5.702057108283042908e-02
7.488634437322616577e-02
3.869387134909629822e-02
5.155330523848533630e-02
7.694728672504425049e-02
5.436408147215843201e-02
1.136998310685157776e-01
5.106959864497184753e-02
1.078769564628601074e-01
6.873406004160642624e-03
1.464531198143959045e-02
2.849736064672470093e-02
3.292863816022872925e-02
4.726764187216758728e-02
2.430699206888675690e-02
7.098140567541122437e-02
8.667229861021041870e-02
1.528500020503997803e-01
2.367151677608489990e-01
3.167599812150001526e-02
7.975602895021438599e-02
5.883261188864707947e-02
2.599209547042846680e-02
3.277634382247924805e-01
3.842229843139648438e-01
6.712295860052108765e-02
4.104680567979812622e-02
4.086866229772567749e-02
1.085977852344512939e-01
8.056369423866271973e-02
3.650629147887229919e-02
6.750287115573883057e-02
9.164988063275814056e-03
3.896093927323818207e-03
5.467931274324655533e-03
8.374243974685668945e-02
8.376916497945785522e-02
1.032847911119461060e-01
1.515291929244995117e-01
2.740777134895324707e-01
3.850060701370239258e-02
1.768326759338378906e-02
5.086740106344223022e-02
1.545118819922208786e-02
2.862004339694976807e-01
4.321283847093582153e-02
1.347964555025100708e-01
6.531023979187011719e-02
6.086057052016258240e-02
5.156976729631423950e-02
2.218899130821228027e-02
2.423264458775520325e-02
4.657301679253578186e-02
7.742669582366943359e-01
7.365586608648300171e-02
1.659906059503555298e-01
3.691022843122482300e-02
7.674488425254821777e-02
7.939547300338745117e-02
1.604527980089187622e-01
5.821306630969047546e-02
2.329412102699279785e-01
1.880126595497131348e-01
1.328511983156204224e-01
3.725644201040267944e-02
6.090990826487541199e-02
2.784910500049591064e-01
1.430345028638839722e-01
9.408418089151382446e-02
6.090044230222702026e-02
9.706203639507293701e-02
5.476002767682075500e-02
6.514202058315277100e-02
3.020005859434604645e-02
9.948801994323730469e-02
7.360573112964630127e-02
9.209089279174804688e-01
9.277357459068298340e-01
5.297098308801651001e-02
1.308278441429138184e-01
5.711414664983749390e-02
4.799736291170120239e-02
1.221992820501327515e-01
7.618030067533254623e-03
8.589953929185867310e-02
1.009494625031948090e-02
1.630075648427009583e-02
1.736494526267051697e-02
2.449362538754940033e-02
4.288851842284202576e-02
1.218651458621025085e-01
7.178518176078796387e-02
4.302665591239929199e-02
7.097756862640380859e-02
1.160635575652122498e-01
4.221481829881668091e-02
1.475379616022109985e-01
4.899216070771217346e-02
7.362440973520278931e-02
1.225083321332931519e-01
4.899815842509269714e-02
1.720474474132061005e-02
4.203001409769058228e-02
8.296982198953628540e-02
2.397002577781677246e-01
3.629499301314353943e-02
2.403307147324085236e-02
1.187662705779075623e-01
5.619681254029273987e-02
9.138052165508270264e-02
7.129631191492080688e-02
2.874036729335784912e-01
6.394650936126708984e-01
2.090776860713958740e-01
8.593741059303283691e-02
7.936385273933410645e-02
1.306037753820419312e-01
4.355082660913467407e-02
3.102043271064758301e-02
1.308671236038208008e-01
8.720131218433380127e-02
5.350595340132713318e-02
4.504754021763801575e-02
1.041730865836143494e-01
6.725535541772842407e-02
7.641379237174987793e-01
7.694417238235473633e-02
3.826935216784477234e-02
6.147666648030281067e-02
7.947026938199996948e-02
1.391634196043014526e-01
3.126984834671020508e-02
8.215495944023132324e-02
3.896620124578475952e-02
4.666618257761001587e-02
6.455734372138977051e-02
1.277161091566085815e-01
1.331562995910644531e-01
2.545623779296875000e-01
6.852854043245315552e-02
1.645334661006927490e-01
4.025998339056968689e-02
4.576152935624122620e-02
1.284493952989578247e-01
1.818489097058773041e-02
5.508561059832572937e-02
4.955376312136650085e-02
1.331958174705505371e-02
1.570720225572586060e-02
5.472152307629585266e-02
8.751512318849563599e-02
3.352124989032745361e-02
5.241726711392402649e-02
1.007724255323410034e-01
1.615593135356903076e-01
1.287781149148941040e-01
8.717603087425231934e-01
7.343675196170806885e-02
3.881861567497253418e-01
1.999125629663467407e-02
1.003924757242202759e-01
1.384857594966888428e-01
1.606022864580154419e-01
2.100741267204284668e-01
4.637748003005981445e-02
5.666845664381980896e-02
3.759002685546875000e-02
3.940415009856224060e-02
5.941396206617355347e-02
4.647511243820190430e-02
1.605650335550308228e-01
1.219037100672721863e-01
4.101382195949554443e-02
6.159619987010955811e-02
3.563266992568969727e-02
8.496884256601333618e-02
1.238179579377174377e-01
3.310857713222503662e-02
3.010983467102050781e-01
5.473285168409347534e-02
9.015674889087677002e-02
5.079351738095283508e-02
4.661997780203819275e-02
1.812759786844253540e-01
1.206090450286865234e-01
4.757912456989288330e-01
1.605233401060104370e-01
1.006711199879646301e-01
1.085025221109390259e-01
9.016966223716735840e-01
9.869029521942138672e-01
7.135568261146545410e-01
9.366365671157836914e-01
9.752001166343688965e-01
9.997530579566955566e-01
9.989977478981018066e-01
1.297267973423004150e-01
2.579619176685810089e-02
3.695106506347656250e-02
4.432077407836914062e-01
4.576422572135925293e-01
7.948347181081771851e-02
1.436966098845005035e-02
3.374543040990829468e-02
3.899709135293960571e-02
2.393794357776641846e-01
2.912181019783020020e-01
2.016331702470779419e-01
3.324642479419708252e-01
1.995453089475631714e-01
8.982535451650619507e-02
9.839414805173873901e-02
1.824536472558975220e-01
2.122791558504104614e-01
2.706550061702728271e-01
9.997158497571945190e-02
1.535688899457454681e-02
1.148421391844749451e-01
8.621142804622650146e-02
5.360249802470207214e-02
8.615312725305557251e-02
1.233039721846580505e-01
7.659888267517089844e-02
1.448758989572525024e-01
6.964135915040969849e-02
6.026522070169448853e-02
1.024733856320381165e-01
6.597952544689178467e-02
1.574064344167709351e-01
4.046114161610603333e-02
7.405695319175720215e-02
2.021974176168441772e-01
3.104563057422637939e-02
5.524878203868865967e-02
6.488142162561416626e-02
2.055879831314086914e-01
1.172486245632171631e-01
9.003618955612182617e-01
1.301274597644805908e-01
6.227164342999458313e-02
1.469130814075469971e-02
7.629874348640441895e-02
3.199266195297241211e-01
4.462754353880882263e-02
4.911080002784729004e-02
2.853060327470302582e-02
8.226133882999420166e-02
1.537491530179977417e-01
7.646768540143966675e-02
8.124329149723052979e-02
3.817426413297653198e-02
4.754845201969146729e-01
9.987115859985351562e-01
8.210639655590057373e-02
1.861667446792125702e-02
4.615518450736999512e-02
1.524905115365982056e-02
3.524910211563110352e-01
4.468655958771705627e-02
2.717079520225524902e-01
1.682395040988922119e-01
5.354220867156982422e-01
1.181832849979400635e-01
1.124416515231132507e-01
7.262317091226577759e-02
1.313151121139526367e-01
3.138866275548934937e-02
8.544176071882247925e-02
1.654423028230667114e-01
4.450904577970504761e-02
8.508580923080444336e-02
1.151604056358337402e-01
5.858182534575462341e-02
6.433653086423873901e-02
7.989207506179809570e-01
1.326555162668228149e-01
4.174165427684783936e-01
2.058183550834655762e-01
6.396490931510925293e-01
5.750371515750885010e-02
9.189765155315399170e-02
2.614116854965686798e-02
6.081910058856010437e-02
6.843026727437973022e-02
5.902548879384994507e-02
4.991587996482849121e-02
5.511636286973953247e-02
6.737757474184036255e-02
9.048385173082351685e-02
2.960788607597351074e-01
4.055738747119903564e-01
6.055767461657524109e-02
8.330909162759780884e-02
3.232588991522789001e-02
4.088273271918296814e-02
4.153733700513839722e-02
1.628373116254806519e-01
1.105583384633064270e-01
2.580578327178955078e-01
7.968838512897491455e-02
1.716379672288894653e-01
8.864541351795196533e-02
4.784904792904853821e-02
1.210305467247962952e-01
9.999227523803710938e-01
6.759247779846191406e-01
6.235438212752342224e-02
7.542809844017028809e-02
3.073939085006713867e-01
4.374997019767761230e-01
3.090351819992065430e-02
6.941225379705429077e-02
4.106653481721878052e-02
8.347837626934051514e-02
6.701413542032241821e-02
4.497431591153144836e-02
9.097576886415481567e-02
1.800888329744338989e-01
2.512886524200439453e-01
3.505386412143707275e-02
3.631093204021453857e-01
1.887267082929611206e-01
1.175840795040130615e-01
2.007156759500503540e-01
9.847566485404968262e-01
9.048728346824645996e-01
1.399339586496353149e-01
2.736576832830905914e-02
1.347301751375198364e-01
6.285732984542846680e-02
3.062437474727630615e-02
3.030892275273799896e-02
2.480903863906860352e-01
5.607650429010391235e-02
3.505661711096763611e-02
8.142572641372680664e-01
9.294402599334716797e-01
9.467513114213943481e-02
2.909196019172668457e-01
3.038154542446136475e-01
8.347197622060775757e-02
1.951321363449096680e-01
7.369770109653472900e-02
1.292436867952346802e-01
1.219555735588073730e-02
2.223228290677070618e-02
1.915580779314041138e-02
2.292727679014205933e-01
1.091260761022567749e-01
4.019941762089729309e-02
3.533872961997985840e-02
4.509639739990234375e-02
8.469568490982055664e-01
8.755785971879959106e-02
1.550176143646240234e-01
4.822228476405143738e-02
9.999496936798095703e-01
9.939151406288146973e-01
5.834205448627471924e-02
8.566965907812118530e-02
4.127299785614013672e-02
2.611891366541385651e-02
9.882494211196899414e-01
3.841864690184593201e-02
5.374440923333168030e-02
3.438528627157211304e-02
1.597447544336318970e-01
6.146063655614852905e-02
1.663466915488243103e-02
2.094899304211139679e-02
1.120812352746725082e-02
9.807609766721725464e-02
3.517222404479980469e-02
1.838676631450653076e-02
4.221589863300323486e-02
6.679095327854156494e-02
1.578606516122817993e-01
2.301822230219841003e-02
5.531634688377380371e-01
1.055142432451248169e-01
1.384734064340591431e-01
3.409143537282943726e-02
2.321521192789077759e-02
4.304970428347587585e-02
3.069026209414005280e-02
7.456515729427337646e-02
3.533855825662612915e-02
9.250796586275100708e-02
1.643650047481060028e-02
1.316702272742986679e-02
1.091463305056095123e-02
2.095682471990585327e-01
4.044624567031860352e-01
6.916691660881042480e-01
6.854681968688964844e-01
7.198861986398696899e-02
7.468319684267044067e-02
5.724781379103660583e-02
3.097905218601226807e-02
1.810113154351711273e-02
1.875691860914230347e-02
9.757030755281448364e-02
4.520002305507659912e-01
4.254554510116577148e-01
4.254554510116577148e-01
4.254554510116577148e-01
4.254554510116577148e-01
3.520900905132293701e-01
4.158111512660980225e-01
5.502363294363021851e-02
9.999973773956298828e-01
9.795607626438140869e-02
6.715094298124313354e-02
3.447274863719940186e-02
1.981274597346782684e-02
8.131381124258041382e-02
1.321746110916137695e-01
2.485684007406234741e-01
5.166168510913848877e-02
6.125518307089805603e-02
4.667646437883377075e-02
2.416644059121608734e-02
1.127594057470560074e-02
4.366060718894004822e-02
5.767430067062377930e-01
1.293795555830001831e-01
9.028747677803039551e-02
1.925997063517570496e-02
6.214694678783416748e-02
5.843341723084449768e-02
7.080277800559997559e-02
9.503082185983657837e-02
5.034411698579788208e-02
1.651127338409423828e-01
1.334730833768844604e-01
5.354668200016021729e-02
2.540081739425659180e-02
7.841572165489196777e-02
4.800460860133171082e-02
1.278466582298278809e-01
7.091280817985534668e-02
5.635631084442138672e-02
7.011123895645141602e-01
6.743361949920654297e-01
7.683865725994110107e-02
7.933223992586135864e-02
9.998306632041931152e-02
1.964021176099777222e-01
7.306593060493469238e-01
4.444163739681243896e-01
4.372372478246688843e-02
1.326214522123336792e-01
2.476363442838191986e-02
9.361446648836135864e-02
1.009662970900535583e-01
5.973758101463317871e-01
4.992971718311309814e-01
1.479776352643966675e-01
9.943032264709472656e-01
1.334382295608520508e-01
9.943882375955581665e-02
8.644375205039978027e-02
7.471138834953308105e-01
9.990150928497314453e-01
3.562238439917564392e-02
8.545675873756408691e-01
1.010467931628227234e-01
1.146148517727851868e-01
7.455848902463912964e-02
9.979400038719177246e-01
8.614180684089660645e-01
1.807387918233871460e-02
1.509651541709899902e-01
1.474811136722564697e-01
7.381303608417510986e-02
1.370892375707626343e-01
5.069310963153839111e-02
2.452533394098281860e-01
1.003107950091362000e-01
2.650980651378631592e-01
2.415366470813751221e-02
1.074981782585382462e-02
6.518630683422088623e-02
7.163112610578536987e-02
1.677853427827358246e-02
7.316971570253372192e-02
1.284123510122299194e-01
4.513438045978546143e-02
2.891536355018615723e-01
3.598548099398612976e-02
3.629087284207344055e-02
4.257607087492942810e-02
8.103793114423751831e-02
6.366733461618423462e-02
2.438139915466308594e-02
6.798121333122253418e-02
6.448457390069961548e-02
7.653162628412246704e-02
6.682844460010528564e-02
8.860780298709869385e-02
5.348558351397514343e-02
8.957982063293457031e-02
2.677467279136180878e-02
4.395907744765281677e-03
3.125374019145965576e-02
8.170932531356811523e-02
3.108973801136016846e-01
2.828923799097537994e-02
7.573038339614868164e-02
2.576339617371559143e-02
7.351937144994735718e-02
5.115485563874244690e-02
7.131069898605346680e-02
5.080389976501464844e-02
1.257579624652862549e-01
2.667978405952453613e-02
1.515649557113647461e-01
1.117182374000549316e-01
8.468425273895263672e-02
6.504139304161071777e-01
6.080335378646850586e-01
9.935775995254516602e-01
4.797993302345275879e-01
7.502087205648422241e-02
3.688424080610275269e-02
7.894240319728851318e-02
1.194884702563285828e-01
2.430678308010101318e-01
9.822034835815429688e-01
4.014037847518920898e-01
7.592387497425079346e-02
2.583569586277008057e-01
6.435784697532653809e-01
3.138424083590507507e-02
3.810821846127510071e-02
2.157185226678848267e-01
2.631163895130157471e-01
1.018338948488235474e-01
4.829233139753341675e-02
8.299864828586578369e-02
1.421837657690048218e-01
3.818783536553382874e-02
4.016038402915000916e-02
4.227117076516151428e-02
8.578314632177352905e-02
9.750024974346160889e-02
6.962037086486816406e-02
4.809406995773315430e-01
4.403347149491310120e-02
2.713663317263126373e-02
1.408302485942840576e-01
3.917837738990783691e-01
4.701473712921142578e-01
8.183254301548004150e-02
1.937482878565788269e-02
1.242425385862588882e-02
3.059042058885097504e-02
1.449056565761566162e-01
8.722195625305175781e-01
1.544466763734817505e-01
3.441774100065231323e-02
2.245918065309524536e-01
1.025910228490829468e-01
3.272815421223640442e-02
2.774123549461364746e-01
1.214230805635452271e-01
2.325789257884025574e-02
6.261812895536422729e-02
1.551759243011474609e-01
4.939036667346954346e-01
8.159474283456802368e-02
5.734912678599357605e-02
6.720484793186187744e-02
7.199829071760177612e-02
1.349095255136489868e-01
1.330348998308181763e-01
6.510081142187118530e-02
6.328605860471725464e-02
6.767238676548004150e-02
3.744788169860839844e-01
1.134765297174453735e-01
6.059451773762702942e-02
4.661222994327545166e-01
4.828932881355285645e-02
2.899416722357273102e-02
8.371680974960327148e-02
7.343231141567230225e-02
6.908702850341796875e-02
2.953637018799781799e-02
8.176799863576889038e-02
1.460523158311843872e-01
7.204903662204742432e-02
9.458465874195098877e-02
9.201800078153610229e-02
1.405016779899597168e-01
2.534126117825508118e-02
2.892282009124755859e-01
4.415776208043098450e-02
5.665260180830955505e-02
6.317223608493804932e-02
1.326999217271804810e-01
8.109563589096069336e-01
9.786438345909118652e-01
2.107384987175464630e-02
5.209349468350410461e-02
6.978802382946014404e-02
1.701769083738327026e-01
1.028230488300323486e-01
4.298097267746925354e-02
5.532416701316833496e-02
7.180936634540557861e-02
2.105453014373779297e-01
1.248541250824928284e-01
3.522841632366180420e-02
1.945326328277587891e-01
6.560869514942169189e-02
7.786674052476882935e-02
6.350955367088317871e-02
6.925065815448760986e-02
7.538469135761260986e-02
9.230247735977172852e-01
9.064576029777526855e-01
4.555233940482139587e-02
1.026204824447631836e-01
5.297146439552307129e-01
6.339349746704101562e-01
2.712485380470752716e-02
5.792765319347381592e-02
8.639109134674072266e-01
3.484738767147064209e-01
8.569949120283126831e-02
1.058848202228546143e-01
2.144249901175498962e-02
4.619737342000007629e-02
2.224369347095489502e-02
1.255953162908554077e-01
4.374169558286666870e-02
6.562183797359466553e-02
6.010327860713005066e-02
5.735033750534057617e-02
3.538727387785911560e-02
9.483155608177185059e-02
5.908072367310523987e-02
8.650930970907211304e-02
8.842393010854721069e-02
6.477528065443038940e-02
1.651911735534667969e-01
2.576910853385925293e-01
1.870165169239044189e-01
9.845492988824844360e-02
4.099440574645996094e-02
7.776194810867309570e-02
1.235765293240547180e-01
6.224875152111053467e-02
6.471027433872222900e-02
8.372491598129272461e-02
4.218285083770751953e-01
8.145307004451751709e-02
7.358640432357788086e-02
1.409815698862075806e-01
8.463389426469802856e-02
1.098150387406349182e-01
7.331585139036178589e-02
1.655591577291488647e-01
5.029128491878509521e-02
1.150603964924812317e-01
5.832649394869804382e-02
8.560663461685180664e-02
1.155062317848205566e-01
2.334146052598953247e-01
2.303089648485183716e-01
1.153015419840812683e-01
6.481177359819412231e-02
3.709785267710685730e-02
5.828338861465454102e-02
9.892528504133224487e-02
5.150289461016654968e-02
3.222190216183662415e-02
6.070576235651969910e-02
5.982255563139915466e-02
8.496052771806716919e-02
2.931859344244003296e-02
8.572687953710556030e-02
5.260973051190376282e-02
2.367482893168926239e-02
4.512824490666389465e-02
5.717277899384498596e-02
8.459516614675521851e-02
4.522905871272087097e-02
7.637104392051696777e-02
1.082197353243827820e-01
6.378580629825592041e-02
5.531628131866455078e-01
3.815443813800811768e-01
3.808211535215377808e-02
9.000643342733383179e-02
3.997755795717239380e-02
5.808628723025321960e-02
3.343301266431808472e-02
6.144258752465248108e-02
6.430014222860336304e-02
5.067988112568855286e-02
1.214437037706375122e-01
1.221070513129234314e-01
5.742718931287527084e-03
1.652061380445957184e-02
2.017294429242610931e-02
1.474193781614303589e-01
1.050893962383270264e-01
4.975299909710884094e-02
7.847791314125061035e-01
9.258717298507690430e-01
1.543963849544525146e-01
1.426819898188114166e-02
4.669825732707977295e-02
3.768820315599441528e-02
8.379956334829330444e-02
3.338532894849777222e-02
4.402952641248703003e-02
4.677401483058929443e-02
7.260041683912277222e-02
4.338037222623825073e-02
4.787775501608848572e-02
6.179293245077133179e-02
8.045677095651626587e-02
3.647352382540702820e-02
8.107484877109527588e-02
1.077899634838104248e-01
1.090213060379028320e-01
4.448967054486274719e-02
4.510417953133583069e-02
2.224861457943916321e-02
3.139995783567428589e-02
6.558806169778108597e-03
3.260234370827674866e-02
2.467157542705535889e-01
4.254554510116577148e-01
4.254554510116577148e-01
5.834927558898925781e-01
1.042623892426490784e-01
2.826829254627227783e-02
3.983651474118232727e-02
5.988072976469993591e-02
4.449182376265525818e-02
4.544360935688018799e-02
5.987184122204780579e-02
5.199092626571655273e-02
7.074065506458282471e-02
1.239780057221651077e-02
9.596264921128749847e-03
9.484551101922988892e-02
9.841083735227584839e-02
5.192664265632629395e-02
5.753662437200546265e-02
2.327384054660797119e-01
3.092007711529731750e-02
6.921398639678955078e-02
1.575366407632827759e-01
8.183421194553375244e-02
1.023297160863876343e-01
4.123988449573516846e-01
2.474368736147880554e-02
4.264234900474548340e-01
4.595366418361663818e-01
9.586399793624877930e-01
1.253357529640197754e-01
1.144775599241256714e-01
8.189165592193603516e-02
7.105784118175506592e-02
1.360405832529067993e-01
1.122460737824440002e-01
1.298647820949554443e-01
1.507913321256637573e-01
6.505830585956573486e-02
1.126627847552299500e-01
4.839869961142539978e-02
6.314220279455184937e-02
3.374252468347549438e-02
1.049662530422210693e-01
2.804923802614212036e-02
9.847477823495864868e-02
1.898441761732101440e-01
1.732167899608612061e-01
1.351347565650939941e-01
6.462125480175018311e-02
2.088766843080520630e-01
1.061593145132064819e-01
1.274701859802007675e-02
4.719332326203584671e-03
1.177717093378305435e-02
9.982377290725708008e-02
1.717588007450103760e-01
4.526552930474281311e-02
5.491110682487487793e-02
1.489458531141281128e-01
8.735024929046630859e-02
1.561745703220367432e-01
8.103867620229721069e-02
1.346674263477325439e-01
5.281984061002731323e-02
3.431317955255508423e-02
5.154977366328239441e-02
7.300275564193725586e-02
1.200103759765625000e-01
4.534113407135009766e-02
9.922843575477600098e-01
9.999914169311523438e-01
1.568766683340072632e-01
3.303662538528442383e-01
5.165975168347358704e-02
2.375694736838340759e-02
9.409281611442565918e-02
8.612585812807083130e-02
1.791178584098815918e-01
1.728018373250961304e-01
1.379565894603729248e-01
5.949326232075691223e-02
1.636108160018920898e-01
7.171396017074584961e-01
8.493594527244567871e-01
2.953160405158996582e-01
1.131500229239463806e-01
2.383139729499816895e-01
1.131486967206001282e-01
3.841075301170349121e-02
6.640209350734949112e-03
2.519536018371582031e-02
2.174973934888839722e-01
1.892124116420745850e-01
2.736093290150165558e-02
1.943261921405792236e-02
8.630035072565078735e-02
1.307510733604431152e-01
1.825308650732040405e-01
2.374112159013748169e-01
3.011160716414451599e-02
8.601874858140945435e-02
6.536913663148880005e-02
2.631967142224311829e-02
2.987953089177608490e-02
9.803673252463340759e-03
2.587250471115112305e-01
2.162997983396053314e-02
2.620878256857395172e-02
6.211966648697853088e-02
1.783902645111083984e-01
8.589141070842742920e-02
1.075145006179809570e-01
5.708657950162887573e-02
1.003992781043052673e-01
2.189218252897262573e-01
9.262261539697647095e-02
3.862121701240539551e-01
1.359791606664657593e-01
8.004043996334075928e-02
3.534908890724182129e-01
6.756041944026947021e-02
5.131050944328308105e-02
1.363647580146789551e-01
5.415642261505126953e-02
8.530167490243911743e-02
4.796947911381721497e-02
3.747299313545227051e-02
4.185251519083976746e-02
1.121621876955032349e-01
1.887071728706359863e-01
3.467644453048706055e-01
1.064482703804969788e-01
2.249920666217803955e-01
6.803033500909805298e-02
2.049065828323364258e-01
3.096747696399688721e-01
1.191125363111495972e-01
6.702112406492233276e-02
5.951906740665435791e-02
2.846808172762393951e-02
2.379414811730384827e-02
5.287231504917144775e-02
6.667905300855636597e-02
2.436317652463912964e-01
5.171976238489151001e-02
1.987408660352230072e-02
6.893281638622283936e-02
1.414477229118347168e-01
6.631251424551010132e-02
1.488287895917892456e-01
1.925746351480484009e-01
5.976170301437377930e-02
6.889185309410095215e-02
1.209543645381927490e-01
5.311376601457595825e-02
8.388787508010864258e-02
9.709730148315429688e-01
9.238332509994506836e-02
1.112043391913175583e-02
6.839164346456527710e-02
4.291897639632225037e-02
3.429334610700607300e-02
5.236786603927612305e-02
6.591991335153579712e-02
9.976684451103210449e-01
3.722618818283081055e-01
8.876485377550125122e-02
8.905826508998870850e-02
3.990093991160392761e-02
6.919869035482406616e-02
8.195327222347259521e-02
2.396311797201633453e-02
1.137783098965883255e-02
1.476561184972524643e-02
8.949871361255645752e-02
5.862259492278099060e-02
1.522023603320121765e-02
2.409839630126953125e-02
5.025991797447204590e-01
9.063712507486343384e-02
4.494205862283706665e-02
7.391162216663360596e-02
1.466393005102872849e-02
3.052410855889320374e-02
2.001183293759822845e-02
8.716829866170883179e-02
2.308924198150634766e-01
2.649144455790519714e-02
2.952306717634201050e-02
1.979064755141735077e-02
5.593114718794822693e-02
6.080235820263624191e-03
3.227774798870086670e-02
7.036711275577545166e-02
1.786402165889739990e-01
2.109757997095584869e-02
8.501530624926090240e-03
1.697660982608795166e-01
6.331608444452285767e-02
7.354329526424407959e-02
3.333925828337669373e-02
1.903797835111618042e-01
7.646258175373077393e-02
3.776066005229949951e-02
3.605071827769279480e-02
1.176264435052871704e-01
1.202537044882774353e-01
6.013111397624015808e-02
4.976281523704528809e-02
2.460660971701145172e-02
1.778516620397567749e-01
5.687898769974708557e-02
1.247149333357810974e-01
3.346708118915557861e-01
3.623582720756530762e-01
1.704858429729938507e-02
3.914480283856391907e-02
5.550216510891914368e-02
5.530545860528945923e-02
2.322344928979873657e-01
2.001062035560607910e-01
1.456123590469360352e-02
8.208502829074859619e-02
1.049906015396118164e-01
1.260956823825836182e-01
9.780016541481018066e-02
1.176762655377388000e-01
1.066959574818611145e-01
2.006554603576660156e-01
3.975468501448631287e-02
8.793032914400100708e-02
6.501814723014831543e-02
1.841116324067115784e-02
3.524794057011604309e-02
2.941015735268592834e-02
7.884784042835235596e-02
6.850890070199966431e-02
1.104763746261596680e-01
7.064817845821380615e-02
1.334001123905181885e-01
1.129932031035423279e-01
2.721007168292999268e-01
4.774195328354835510e-02
2.607257850468158722e-02
5.616987496614456177e-02
1.864423602819442749e-02
1.964505203068256378e-02
6.421661935746669769e-03
6.949025392532348633e-02
8.863595873117446899e-02
9.975511431694030762e-01
9.736919403076171875e-01
2.582272328436374664e-02
9.084305912256240845e-02
3.654101863503456116e-02
1.207481548190116882e-01
5.047717690467834473e-01
4.254554510116577148e-01
4.254554510116577148e-01
4.254554510116577148e-01
4.254554510116577148e-01
4.254554510116577148e-01
4.254554510116577148e-01
4.254554510116577148e-01
4.254554510116577148e-01
1.281724870204925537e-01
3.432630375027656555e-02
5.601571500301361084e-02
1.127229779958724976e-01
7.820675522089004517e-02
3.910460323095321655e-02
7.902882993221282959e-02
5.763063952326774597e-02
7.513906061649322510e-02
3.650281205773353577e-02
1.072508469223976135e-02
4.333691671490669250e-02
2.154619246721267700e-02
4.381605982780456543e-02
2.682058513164520264e-02
4.314612224698066711e-02
1.690404862165451050e-01
1.205688565969467163e-01
2.791834808886051178e-02
1.336418241262435913e-01
9.920674562454223633e-01
3.112570345401763916e-01
1.385077238082885742e-01
2.053595893085002899e-02
6.173968911170959473e-01
7.067716121673583984e-02
8.642040193080902100e-02
6.771098077297210693e-02
5.592417120933532715e-01
1.388963013887405396e-01
9.712775945663452148e-01
3.559483587741851807e-01
1.116127595305442810e-01
3.045960664749145508e-01
4.254554510116577148e-01
5.396520495414733887e-01
8.922181278467178345e-02
4.691356047987937927e-02
6.222870573401451111e-02
7.396497577428817749e-02
5.115748196840286255e-02
1.081945002079010010e-01
6.858953833580017090e-02
4.174211993813514709e-02
3.472673520445823669e-02
1.807790398597717285e-01
4.279091209173202515e-02
4.031313583254814148e-02
1.130367368459701538e-01
4.821954667568206787e-02
9.487423300743103027e-02
4.184152185916900635e-02
5.264124274253845215e-02
8.690604567527770996e-02
1.212887838482856750e-01
6.742634624242782593e-02
5.897676572203636169e-02
2.318810485303401947e-02
6.347781419754028320e-02
2.765618860721588135e-01
3.216995894908905029e-01
6.973703950643539429e-02
1.520028114318847656e-01
4.386289045214653015e-02
1.744488067924976349e-02
2.680435180664062500e-01
4.617004692554473877e-01
5.896956324577331543e-01
8.015719056129455566e-02
8.443947136402130127e-02
2.416854538023471832e-02
9.833283424377441406e-01
9.733191877603530884e-02
6.265521794557571411e-02
1.551826111972332001e-02
7.704319059848785400e-02
1.166907921433448792e-01
2.643814124166965485e-02
2.282042950391769409e-01
8.046682924032211304e-02
6.361418217420578003e-02
6.458869576454162598e-02
7.035745680332183838e-02
7.879422605037689209e-02
5.448136478662490845e-02
6.953971087932586670e-02
8.463036417961120605e-01
9.999990463256835938e-01
6.690572202205657959e-02
9.563092887401580811e-02
4.861999675631523132e-02
3.242429345846176147e-02
9.342366456985473633e-02
1.029183492064476013e-01
5.485285818576812744e-02
1.840973645448684692e-02
1.529769692569971085e-02
3.102022409439086914e-02
6.655085086822509766e-02
3.103919886052608490e-02
9.609587490558624268e-02
1.074420735239982605e-01
1.646921783685684204e-01
5.934767052531242371e-02
2.929285466670989990e-01
9.270623326301574707e-01
9.447686076164245605e-01
8.423186838626861572e-03
7.732857018709182739e-02
8.357118070125579834e-02
2.776363864541053772e-02
4.113637283444404602e-02
1.031340211629867554e-01
8.007304370403289795e-02
9.843336790800094604e-02
2.736752480268478394e-02
3.789843246340751648e-02
3.717885538935661316e-02
1.578649580478668213e-01
2.734082937240600586e-01
3.243747353553771973e-01
1.403148621320724487e-01
5.188142508268356323e-02
2.964561618864536285e-02
4.015028178691864014e-01
8.107886463403701782e-02
9.937678575515747070e-01
3.889193534851074219e-01
6.009175628423690796e-02
4.131914302706718445e-02
5.567023158073425293e-02
9.738154709339141846e-02
9.999991655349731445e-01
6.186497211456298828e-02
2.819985523819923401e-02
9.272122383117675781e-02
8.555705845355987549e-02
1.250420957803726196e-01
3.855660185217857361e-02
1.136875525116920471e-01
7.058645039796829224e-02
3.935747593641281128e-02
5.611692368984222412e-02
7.616061717271804810e-02
2.705846726894378662e-02
2.004074752330780029e-01
5.581332743167877197e-02
6.147216632962226868e-02
3.166872560977935791e-01
3.505736961960792542e-02
1.499479562044143677e-01
2.928292565047740936e-02
7.193897664546966553e-02
6.157135963439941406e-02
1.668475419282913208e-01
1.251063197851181030e-01
1.959991455078125000e-01
8.407831937074661255e-02
4.618931934237480164e-02
1.989339739084243774e-01
3.589562699198722839e-02
1.311757564544677734e-01
3.820710480213165283e-01
9.476373195648193359e-01
5.104879736900329590e-01
6.203423812985420227e-02
3.840484842658042908e-02
2.423540353775024414e-01
3.626123368740081787e-01
3.015158139169216156e-02
5.671292915940284729e-02
7.729391008615493774e-02
6.244951114058494568e-02
1.201022341847419739e-01
4.315508157014846802e-02
1.103526577353477478e-01
6.862146407365798950e-02
9.049813449382781982e-02
7.697225362062454224e-02
2.155304513871669769e-02
3.883768990635871887e-02
1.242565587162971497e-01
1.084310561418533325e-01
2.920521795749664307e-02
8.722027391195297241e-02
4.449661970138549805e-01
3.484062552452087402e-01
1.839652508497238159e-01
4.376714304089546204e-02
4.325446859002113342e-02
9.054957032203674316e-01
9.410021454095840454e-02
1.011587530374526978e-01
8.687615394592285156e-02
5.783556401729583740e-02
1.841779053211212158e-01
7.740805298089981079e-02
1.977962441742420197e-02
6.039256229996681213e-02
5.086887627840042114e-02
7.235327363014221191e-02
6.245733797550201416e-02
8.640836179256439209e-02
1.519656479358673096e-01
6.835988163948059082e-01
6.569131016731262207e-01
1.158209070563316345e-01
8.179073780775070190e-02
1.516525745391845703e-01
9.900066852569580078e-01
8.793508410453796387e-01
9.200045466423034668e-02
4.384493827819824219e-02
6.822491437196731567e-02
5.164950713515281677e-02
1.650744676589965820e-01
4.950542002916336060e-02
3.434483706951141357e-01
4.308612346649169922e-01
1.608119606971740723e-01
1.767176985740661621e-01
1.106438878923654556e-02
2.397736907005310059e-02
9.976212680339813232e-02
7.470709085464477539e-02
4.139383137226104736e-02
2.888405323028564453e-01
4.688190817832946777e-01
6.607652902603149414e-01
8.021836727857589722e-02
2.779441140592098236e-02
1.887607946991920471e-02
7.026833295822143555e-02
5.273295193910598755e-02
1.521733850240707397e-01
2.424758858978748322e-02
1.875948160886764526e-02
4.868432134389877319e-02
9.133227169513702393e-02
9.065687656402587891e-02
1.864732056856155396e-01
9.409155845642089844e-01
3.844652324914932251e-02
2.823264151811599731e-02
4.774727672338485718e-02
5.757251381874084473e-02
1.849919706583023071e-01
1.493508666753768921e-01
1.230391114950180054e-01
6.171634420752525330e-02
8.256492018699645996e-02
3.310180082917213440e-02
1.021044850349426270e-01
4.980627074837684631e-02
3.435057401657104492e-02
2.586384490132331848e-02
5.670160055160522461e-02
3.802083060145378113e-02
1.650858074426651001e-01
8.287858217954635620e-02
1.568204723298549652e-02
7.264259736984968185e-03
4.246589913964271545e-02
2.854445278644561768e-01
1.000000000000000000e+00
5.004797577857971191e-01
3.712975978851318359e-02
8.306977152824401855e-02
1.490882039070129395e-01
9.199559688568115234e-02
3.716435134410858154e-01
1.431493163108825684e-01
1.851337850093841553e-01
8.715216070413589478e-02
8.801596611738204956e-02
2.940755486488342285e-01
1.425681412220001221e-01
1.000400260090827942e-01
7.614089548587799072e-02
1.889240145683288574e-01
1.749169528484344482e-01
4.159286990761756897e-02
4.607114568352699280e-02
1.474076062440872192e-01
7.822521962225437164e-03
1.898955926299095154e-02
3.479116037487983704e-02
1.031254604458808899e-01
5.378664284944534302e-02
2.953286655247211456e-02
2.709397114813327789e-02
1.799021475017070770e-02
5.023796111345291138e-02
1.769978553056716919e-01
2.928304970264434814e-01
8.833916485309600830e-02
2.519666217267513275e-02
3.869985789060592651e-02
8.168461322784423828e-01
7.518523931503295898e-02
3.396113589406013489e-02
4.374251887202262878e-02
6.984032690525054932e-02
4.602713882923126221e-02
1.129918396472930908e-01
7.607953250408172607e-02
9.255652874708175659e-02
9.356310591101646423e-03
7.107285317033529282e-03
3.068078681826591492e-02
1.301544308662414551e-01
6.332103163003921509e-02
8.918098807334899902e-01
9.175592660903930664e-02
3.226910904049873352e-02
2.148839086294174194e-02
3.252848610281944275e-02
1.548946741968393326e-02
7.643943279981613159e-02
6.000206992030143738e-02
4.422976076602935791e-02
8.010531216859817505e-02
8.389739990234375000e-01
7.176153659820556641e-01
5.614361539483070374e-02
3.354439437389373779e-01
5.036519840359687805e-02
9.886438958346843719e-03
3.036967664957046509e-02
2.797959372401237488e-02
5.214601755142211914e-02
3.346540331840515137e-01
2.746612429618835449e-01
5.160940811038017273e-02
1.157747954130172729e-01
9.730977565050125122e-02
1.764870136976242065e-01
7.396992295980453491e-02
1.287592053413391113e-01
3.574595227837562561e-02
2.194239944219589233e-01
2.256724089384078979e-01
5.805273354053497314e-02
2.658256888389587402e-02
1.932137273252010345e-02
5.940177291631698608e-02
9.656815230846405029e-02
4.923259094357490540e-02
4.402302578091621399e-02
5.420120060443878174e-02
9.682497382164001465e-02
7.370326668024063110e-02
4.347856342792510986e-01
9.531002491712570190e-03
2.125040628015995026e-02
8.649684786796569824e-01
9.698305130004882812e-01
8.517477661371231079e-02
1.013457924127578735e-01
7.171791791915893555e-02
9.307491034269332886e-02
2.945812605321407318e-02
1.197736039757728577e-01
9.701517224311828613e-01
2.096136845648288727e-02
3.608182072639465332e-02
2.730039320886135101e-02
3.593001961708068848e-01
5.863930657505989075e-02
1.431561708450317383e-01
3.475876525044441223e-02
7.905142754316329956e-02
4.900833591818809509e-02
5.825686827301979065e-02
1.714934110641479492e-01
4.824100527912378311e-03
6.926216650754213333e-03
5.248469766229391098e-03
1.064559519290924072e-01
4.615969061851501465e-01
4.254554510116577148e-01
4.254554510116577148e-01
4.254554510116577148e-01
4.254554510116577148e-01
4.254554510116577148e-01
4.333972334861755371e-01
1.029552221298217773e-01
6.329354364424943924e-03
8.456959389150142670e-03
2.119250968098640442e-02
1.324565708637237549e-01
1.542451605200767517e-02
1.392238959670066833e-02
5.109778419137001038e-02
6.023800000548362732e-02
1.600678078830242157e-02
5.799439549446105957e-02
1.522170901298522949e-01
4.305003955960273743e-02
4.480274021625518799e-02
1.581479050219058990e-02
2.144889719784259796e-02
1.212086621671915054e-02
3.981547653675079346e-01
4.254554510116577148e-01
4.254554510116577148e-01
4.254554510116577148e-01
4.254554510116577148e-01
4.254554510116577148e-01
4.254554510116577148e-01
4.254554510116577148e-01
4.254554510116577148e-01
4.254554510116577148e-01
4.254554510116577148e-01
4.254554510116577148e-01
4.254554510116577148e-01
4.254554510116577148e-01
1.204507052898406982e-01
2.225255221128463745e-02
6.497328281402587891e-01
1.691104471683502197e-02
4.768782109022140503e-02
1.468440741300582886e-01
4.564702883362770081e-02
2.599852345883846283e-02
2.215746417641639709e-02
2.742613852024078369e-02
6.127478182315826416e-02
7.084455341100692749e-02
1.758373379707336426e-01
1.894275546073913574e-01
3.311423361301422119e-01
5.617557168006896973e-01
1.406980603933334351e-01
8.833011984825134277e-02
5.630945786833763123e-02
1.211172491312026978e-01
7.316657900810241699e-02
1.177631467580795288e-01
5.967336148023605347e-02
9.444731473922729492e-02
6.867259740829467773e-02
5.283909663558006287e-02
7.477274537086486816e-02
1.716948598623275757e-01
1.391218136996030807e-02
3.505158796906471252e-02
1.514612790197134018e-02
1.725276745855808258e-02
8.399622514843940735e-03
3.005292452871799469e-02
2.426071763038635254e-01
7.339207082986831665e-02
4.522971808910369873e-02
2.617000229656696320e-02
5.745816975831985474e-02
6.243847310543060303e-02
3.748012334108352661e-02
1.138110924512147903e-02
8.239030838012695312e-02
1.122575066983699799e-02
4.408110678195953369e-02
6.437908113002777100e-02
6.282898038625717163e-02
6.012886762619018555e-02
2.341562658548355103e-01
9.901662357151508331e-03
8.246878162026405334e-03
1.005001440644264221e-01
3.572357818484306335e-02
2.242771349847316742e-02
5.530669912695884705e-02
8.235412649810314178e-03
8.221516385674476624e-03
1.928679458796977997e-02
5.793252959847450256e-02
5.131645873188972473e-02
7.205608487129211426e-02
1.068699359893798828e-01
6.344407796859741211e-02
2.024723589420318604e-02
1.051818951964378357e-01
1.288234889507293701e-01
1.851950772106647491e-02
9.052152186632156372e-02
4.254554510116577148e-01
4.254554510116577148e-01
4.254554510116577148e-01
7.307316660881042480e-01
1.710921823978424072e-01
3.785976022481918335e-02
3.501255065202713013e-03
1.623491756618022919e-02
1.260299328714609146e-02
1.169357821345329285e-01
7.230678945779800415e-02
8.161164820194244385e-02
6.298176646232604980e-01
1.039563417434692383e-01
5.072623491287231445e-02
8.036023378372192383e-02
8.601125329732894897e-02
2.047512084245681763e-01
4.254554510116577148e-01
3.183396160602569580e-01
5.231073498725891113e-02
6.841350346803665161e-02
8.704048395156860352e-02
3.197354972362518311e-01
1.050813496112823486e-01
5.739537626504898071e-02
9.521416574716567993e-02
5.372337698936462402e-01
7.934167385101318359e-01
1.475020498037338257e-01
7.740152627229690552e-02
1.267892420291900635e-01
6.100128404796123505e-03
1.089445576071739197e-01
1.074336096644401550e-01
7.302853465080261230e-02
9.607427753508090973e-03
1.628671772778034210e-02
3.254789486527442932e-02
7.866703718900680542e-02
2.672421745955944061e-02
1.491573154926300049e-01
4.140883684158325195e-02
1.201776713132858276e-01
4.607166349887847900e-02
1.813358254730701447e-02
1.214851513504981995e-01
2.996179275214672089e-02
3.757122904062271118e-02
2.085690759122371674e-02
1.593558937311172485e-01
6.502472162246704102e-01
4.072110056877136230e-01
7.862488180398941040e-02
5.291294679045677185e-02
2.382442355155944824e-02
6.764194369316101074e-02
1.155158802866935730e-01
6.889985501766204834e-02
2.783211134374141693e-02
2.707990258932113647e-02
1.175087317824363708e-01
9.839909523725509644e-02
6.790990382432937622e-02
1.321588307619094849e-01
6.021400913596153259e-02
1.382887661457061768e-01
5.296807736158370972e-02
1.220475584268569946e-01
2.264513075351715088e-02
2.277825474739074707e-01
1.887088119983673096e-01
1.732600629329681396e-01
3.574151918292045593e-02
5.260178074240684509e-02
8.955532312393188477e-02
1.310766190290451050e-01
4.946944490075111389e-02
4.196500033140182495e-02
2.861232496798038483e-02
5.338089168071746826e-02
5.856011435389518738e-02
1.600880175828933716e-01
1.212873533368110657e-01
1.042309701442718506e-01
1.238756924867630005e-01
2.638896740972995758e-02
6.329857744276523590e-03
2.162681519985198975e-02
1.383090466260910034e-01
5.059942975640296936e-02
4.516991078853607178e-01
9.536103606224060059e-01
6.248690560460090637e-02
9.631720185279846191e-01
6.548982858657836914e-01
1.010462362319231033e-02
1.515858713537454605e-02
1.425837129354476929e-01
8.655799180269241333e-02
4.490334093570709229e-01
1.296198274940252304e-02
6.452475488185882568e-02
7.133109867572784424e-02
5.221717059612274170e-02
4.336149096488952637e-01
1.125187575817108154e-01
9.017255157232284546e-02
1.371962130069732666e-01
7.592319250106811523e-01
4.471680521965026855e-01
7.127808034420013428e-02
5.911491066217422485e-02
6.027178838849067688e-02
1.822095215320587158e-01
1.674954295158386230e-01
1.233692094683647156e-01
1.560853570699691772e-01
8.340205997228622437e-03
2.577780932188034058e-02
7.673501223325729370e-02
6.620552390813827515e-02
8.923727087676525116e-03
2.122955955564975739e-02
4.039192572236061096e-02
8.687432110309600830e-02
3.016349114477634430e-02
6.193944066762924194e-02
1.199888139963150024e-01
3.785108402371406555e-02
3.214228898286819458e-02
1.734667271375656128e-02
1.037905588746070862e-01
4.821965470910072327e-02
8.698070794343948364e-02
6.855263561010360718e-02
1.357685029506683350e-01
1.340644508600234985e-01
4.757452756166458130e-02
8.643196523189544678e-02
2.198354750871658325e-01
5.951609462499618530e-02
2.425496876239776611e-01
7.209166139364242554e-02
2.873755432665348053e-02
8.446142077445983887e-02
1.096122860908508301e-01
1.987133547663688660e-02
5.191709101200103760e-02
6.938958168029785156e-02
6.835345923900604248e-02
1.742136776447296143e-01
8.686183020472526550e-03
2.716327011585235596e-01
3.884574398398399353e-02
8.186430484056472778e-02
2.163540571928024292e-02
1.179596260190010071e-01
5.531882867217063904e-02
1.124075874686241150e-01
1.086689084768295288e-01
1.066204980015754700e-01
5.984086915850639343e-02
8.542004227638244629e-02
1.104571223258972168e-01
6.194511801004409790e-02
4.738203436136245728e-02
1.723741367459297180e-02
2.802044153213500977e-02
2.753684669733047485e-02
1.256143003702163696e-01
5.314125493168830872e-02
7.712538540363311768e-02
1.367213875055313110e-01
2.043850570917129517e-01
3.966518044471740723e-01
7.505705952644348145e-02
5.532275140285491943e-02
8.773176372051239014e-02
4.365418851375579834e-01
7.134860008955001831e-02
3.656353056430816650e-02
4.636941105127334595e-02
5.655129998922348022e-02
7.901942729949951172e-02
5.328540131449699402e-02
3.531206250190734863e-01
4.314623028039932251e-02
1.068696230649948120e-01
5.185483023524284363e-02
1.633452922105789185e-01
1.651974916458129883e-01
5.073547363281250000e-02
1.033755540847778320e-01
3.183882832527160645e-01
4.334800541400909424e-01
4.074945151805877686e-01
5.620852112770080566e-01
1.789197027683258057e-01
5.577917769551277161e-02
9.245921671390533447e-02
2.479669637978076935e-02
4.201540723443031311e-02
1.686794124543666840e-02
8.001316338777542114e-02
1.503848433494567871e-01
4.493205547332763672e-01
1.135661974549293518e-01
7.221715152263641357e-02
5.857504904270172119e-02
6.126614660024642944e-02
1.511919219046831131e-02
1.063213571906089783e-01
2.331131398677825928e-01
2.390870451927185059e-01
1.034400165081024170e-01
2.309443242847919464e-02
9.717538952827453613e-01
8.248502016067504883e-01
4.002824425697326660e-02
1.972983479499816895e-01
1.372443437576293945e-01
9.999792575836181641e-01
7.533905655145645142e-02
1.633850038051605225e-01
1.430770754814147949e-01
3.223723173141479492e-01
7.875759899616241455e-02
6.210184469819068909e-02
5.053257197141647339e-02
4.336633533239364624e-02
1.002722382545471191e-01
4.245621711015701294e-02
1.077436730265617371e-01
5.082610622048377991e-02
1.225918903946876526e-01
1.129422783851623535e-01
1.075188294053077698e-01
2.244224995374679565e-01
6.715594232082366943e-02
1.385149806737899780e-01
7.819090485572814941e-01
3.807574510574340820e-01
1.060710921883583069e-01
3.447371721267700195e-02
7.919465750455856323e-02
6.403718888759613037e-02
8.571135252714157104e-02
1.302931308746337891e-01
6.774665415287017822e-02
1.232049316167831421e-01
5.432108417153358459e-02
1.091254502534866333e-01
5.332771316170692444e-02
1.320268213748931885e-01
7.021705806255340576e-02
8.596373349428176880e-02
5.963949486613273621e-02
6.104351580142974854e-02
5.900201201438903809e-02
1.260269135236740112e-01
6.678184270858764648e-01
1.300806701183319092e-01
6.671001017093658447e-02
8.197528123855590820e-02
6.710130572319030762e-01
6.839339137077331543e-01
3.685192763805389404e-02
7.679501920938491821e-02
5.029463395476341248e-02
2.131543606519699097e-01
8.786594867706298828e-02
8.737656474113464355e-02
1.502161845564842224e-02
2.581650577485561371e-02
7.312721014022827148e-02
1.032246798276901245e-01
2.217466235160827637e-01
4.195760786533355713e-01
6.319724917411804199e-01
7.900361716747283936e-02
9.071341902017593384e-02
1.221826896071434021e-01
9.974068403244018555e-02
6.662193685770034790e-02
1.097192391753196716e-01
3.802715614438056946e-02
7.494059950113296509e-02
1.288340836763381958e-01
5.934024229645729065e-02
6.066176667809486389e-02
1.013747900724411011e-01
1.310543268918991089e-01
1.194165274500846863e-01
8.725188672542572021e-02
5.870638415217399597e-02
3.048385307192802429e-02
4.867253080010414124e-02
1.111029740422964096e-02
3.851788118481636047e-02
1.443541944026947021e-01
8.407740294933319092e-02
8.094373345375061035e-01
8.355806022882461548e-02
3.013918921351432800e-02
4.240066111087799072e-01
2.505185306072235107e-01
2.182300202548503876e-02
8.154546469449996948e-02
6.015266850590705872e-02
7.014122605323791504e-02
9.601245522499084473e-01
9.307830929756164551e-01
5.472818389534950256e-02
7.701511960476636887e-03
2.749704569578170776e-02
6.160585582256317139e-02
4.124640300869941711e-02
8.384848944842815399e-03
1.115497481077909470e-02
1.310786306858062744e-01
7.988964021205902100e-02
6.892662495374679565e-02
1.659072339534759521e-01
1.630014628171920776e-01
2.110845036804676056e-02
5.883891135454177856e-02
5.778418481349945068e-02
6.613051891326904297e-02
5.226599052548408508e-02
1.749379746615886688e-02
2.771992422640323639e-02
2.395720779895782471e-02
1.352107226848602295e-01
8.894988894462585449e-02
1.448534578084945679e-01
8.928492665290832520e-02
1.031154170632362366e-01
4.646900668740272522e-02
5.400195717811584473e-02
5.013829097151756287e-02
2.679862780496478081e-03
9.793646633625030518e-02
1.344706118106842041e-02
7.065514475107192993e-02
1.349356323480606079e-01
1.731084138154983521e-01
1.491451412439346313e-01
1.418362408876419067e-01
5.325852707028388977e-02
6.621474772691726685e-02
2.330227941274642944e-01
3.324376940727233887e-01
7.568152248859405518e-02
8.680848777294158936e-02
8.780901879072189331e-02
7.187763601541519165e-02
6.184467673301696777e-02
1.296328939497470856e-02
5.376531928777694702e-02
1.220338642597198486e-01
4.522256180644035339e-02
1.218810975551605225e-01
2.940192073583602905e-02
3.725669085979461670e-01
1.380366366356611252e-02
1.929125003516674042e-02
7.486947625875473022e-02
4.227798804640769958e-02
2.212975621223449707e-01
4.254554510116577148e-01
4.254554510116577148e-01
4.254554510116577148e-01
4.254554510116577148e-01
4.254554510116577148e-01
4.254554510116577148e-01
4.254554510116577148e-01
4.254554510116577148e-01
4.254554510116577148e-01
5.963846445083618164e-01
2.032646536827087402e-02
1.118427887558937073e-01
2.929159626364707947e-02
2.005215361714363098e-02
5.977839976549148560e-02
4.848423898220062256e-01
9.980156421661376953e-01
1.970358192920684814e-01
3.458645567297935486e-02
7.110711187124252319e-02
4.175350815057754517e-02
1.335172951221466064e-01
3.389259800314903259e-03
3.280151635408401489e-02
4.386863112449645996e-02
1.922517716884613037e-01
5.726420506834983826e-02
1.852040737867355347e-01
3.137871325016021729e-01
5.350374430418014526e-02
8.150620758533477783e-02
6.291549652814865112e-02
3.993259742856025696e-02
6.741632819175720215e-01
9.397832304239273071e-02
2.104235999286174774e-02
4.054998513311147690e-03
3.808689862489700317e-02
1.246146261692047119e-01
2.695713043212890625e-01
8.044356852769851685e-02
1.699919253587722778e-02
3.125352412462234497e-02
5.788977444171905518e-02
3.312199413776397705e-01
4.257414489984512329e-02
6.888108849525451660e-01
1.650049723684787750e-02
2.761489525437355042e-02
6.333916634321212769e-02
1.584605276584625244e-01
6.334125995635986328e-02
8.053853362798690796e-02
7.756511867046356201e-02
3.276282548904418945e-01
9.764109253883361816e-01
8.966441154479980469e-01
1.118664145469665527e-01
1.073103845119476318e-01
1.001016721129417419e-01
7.707572728395462036e-02
1.562645435333251953e-01
2.538863122463226318e-01
3.053391575813293457e-01
9.692346304655075073e-02
6.103136762976646423e-02
5.871514976024627686e-02
6.854396313428878784e-02
8.554451912641525269e-02
1.835848093032836914e-01
2.433035969734191895e-01
1.341310143470764160e-01
5.089446902275085449e-01
2.441985346376895905e-02
6.028568744659423828e-02
8.208237588405609131e-02
4.535937309265136719e-02
3.424072638154029846e-02
4.600529745221138000e-02
8.478952199220657349e-02
2.609320878982543945e-01
6.815707683563232422e-02
9.327807277441024780e-02
6.058737635612487793e-02
6.079993024468421936e-02
8.178807049989700317e-02
9.013504721224308014e-03
1.166194304823875427e-02
1.721236482262611389e-02
1.146240532398223877e-01
9.665563702583312988e-02
1.228669732809066772e-01
9.193311631679534912e-02
2.176045998930931091e-02
2.306520007550716400e-02
9.763788431882858276e-02
2.562485933303833008e-01
2.089620977640151978e-01
9.177725017070770264e-02
8.861422538757324219e-02
8.199284970760345459e-02
1.256483048200607300e-01
2.846619486808776855e-02
8.538543432950973511e-02
4.147263243794441223e-02
2.252727150917053223e-01
9.351366013288497925e-02
9.845279157161712646e-02
1.388608664274215698e-01
3.526003286242485046e-02
1.528106927871704102e-01
8.435034006834030151e-02
2.551302872598171234e-02
4.066329076886177063e-02
2.887590602040290833e-02
6.950435787439346313e-02
1.269716471433639526e-01
3.620318323373794556e-02
8.250959962606430054e-02
2.445682696998119354e-02
8.542005717754364014e-02
8.662170916795730591e-02
4.143294692039489746e-02
8.375462144613265991e-03
1.269048750400543213e-01
3.397184014320373535e-01
3.222391754388809204e-02
3.656252101063728333e-02
3.157782554626464844e-01
4.659117758274078369e-02
1.450034677982330322e-01
4.144992679357528687e-02
2.918939292430877686e-01
1.033350601792335510e-01
4.057967662811279297e-01
1.021929606795310974e-01
3.211978822946548462e-02
1.053918302059173584e-01
6.887605190277099609e-01
3.514231741428375244e-01
5.475127696990966797e-02
1.275334507226943970e-01
3.497367724776268005e-02
2.086793072521686554e-02
9.048284590244293213e-02
5.795030668377876282e-02
9.417472779750823975e-02
5.809246003627777100e-02
1.157869100570678711e-01
2.181057780981063843e-01
9.190155863761901855e-01
6.611409783363342285e-01
7.485391497611999512e-01
2.689957432448863983e-02
6.558709591627120972e-02
8.265009522438049316e-02
1.886139512062072754e-01
2.436111569404602051e-01
2.696258760988712311e-02
3.553817793726921082e-02
4.710422828793525696e-02
9.302420169115066528e-02
6.066175177693367004e-02
1.387062370777130127e-01
1.843031682074069977e-02
1.817411929368972778e-02
4.318081215023994446e-02
8.784991502761840820e-02
6.188372150063514709e-02
4.836946353316307068e-02
1.537949442863464355e-01
2.816113233566284180e-01
5.283860489726066589e-02
1.619198471307754517e-01
1.373840123414993286e-01
1.390517055988311768e-01
8.580827713012695312e-02
1.501655299216508865e-02
3.887717053294181824e-02
3.092679567635059357e-02
2.659787796437740326e-02
4.417578876018524170e-02
2.147331088781356812e-02
1.068216413259506226e-01
1.289398223161697388e-01
2.213071882724761963e-01
1.326105445623397827e-01
1.227872967720031738e-01
2.378997504711151123e-01
9.389752745628356934e-01
9.806342124938964844e-01
2.145065069198608398e-01
1.577350646257400513e-01
4.175605624914169312e-02
1.239346899092197418e-02
4.332809895277023315e-02
5.541929602622985840e-02
4.128494113683700562e-02
7.980235666036605835e-02
1.106829196214675903e-02
7.684963289648294449e-03
4.624385852366685867e-03
2.191263064742088318e-02
9.938168339431285858e-03
2.001165598630905151e-02
8.737939596176147461e-02
1.299860626459121704e-01
2.626529335975646973e-02
6.085301190614700317e-02
3.118956647813320160e-02
7.439074665307998657e-02
2.208747901022434235e-02
2.645139582455158234e-02
9.650337696075439453e-02
4.798943921923637390e-02
4.328730329871177673e-02
2.557107806205749512e-02
1.090178638696670532e-01
6.489142030477523804e-02
2.757906317710876465e-01
5.776875838637351990e-02
1.683826148509979248e-01
5.092002823948860168e-02
5.900010094046592712e-02
6.066858768463134766e-02
7.132198661565780640e-02
8.144971728324890137e-02
5.115744471549987793e-02
2.485333234071731567e-01
6.784759461879730225e-02
1.530200093984603882e-01
5.994739010930061340e-02
1.565944254398345947e-01
2.024959176778793335e-01
3.595906496047973633e-02
2.321023494005203247e-02
4.860392212867736816e-02
1.171043217182159424e-01
1.578344851732254028e-01
2.128831483423709869e-02
6.695204228162765503e-02
3.895532339811325073e-02
4.973923414945602417e-02
8.866839855909347534e-02
5.936323478817939758e-02
1.040840595960617065e-01
2.308158278465270996e-01
2.546459808945655823e-02
6.501923501491546631e-02
4.164092987775802612e-02
4.686195030808448792e-02
2.188934013247489929e-02
7.583487033843994141e-02
1.478398591279983521e-01
3.063324652612209320e-02
4.201283678412437439e-02
2.972818911075592041e-02
4.921467229723930359e-02
2.081573195755481720e-02
4.243162274360656738e-02
1.991524174809455872e-02
1.388213597238063812e-02
3.437409410253167152e-03
1.426402851939201355e-02
3.941111639142036438e-02
7.037100940942764282e-02
1.682278513908386230e-02
2.620095387101173401e-02
5.718807131052017212e-02
6.304606329649686813e-03
1.156299374997615814e-02
4.714601486921310425e-02
1.479685455560684204e-01
1.379095315933227539e-01
3.357381373643875122e-02
4.956078156828880310e-02
4.930884763598442078e-02
9.621354937553405762e-02
4.489449262619018555e-01
4.389563947916030884e-02
1.861390471458435059e-02
1.197034399956464767e-02
1.286164671182632446e-02
1.730120554566383362e-02
3.582148253917694092e-02
1.099031139165163040e-02
5.453655496239662170e-02
2.270147576928138733e-02
1.063176244497299194e-01
1.547924242913722992e-02
4.098098725080490112e-02
5.480904132127761841e-02
1.263726204633712769e-01
4.254554510116577148e-01
4.559052884578704834e-01
7.904160022735595703e-02
3.096634708344936371e-02
8.896739035844802856e-02
6.988187879323959351e-02
5.049547553062438965e-01
1.602376252412796021e-01
1.569071970880031586e-02
3.657780960202217102e-02
6.842029690742492676e-01
1.695296317338943481e-01
8.805605024099349976e-02
4.338385164737701416e-02
6.594760715961456299e-02
1.051534265279769897e-01
3.966871649026870728e-02
9.957895874977111816e-01
9.531505107879638672e-01
1.166528239846229553e-01
2.232004404067993164e-01
9.758964180946350098e-02
2.678728848695755005e-02
5.404166132211685181e-02
1.353697031736373901e-01
1.548263877630233765e-01
4.526117146015167236e-01
4.206741750240325928e-01
4.006963372230529785e-01
2.443225383758544922e-01
2.399067133665084839e-01
9.233985096216201782e-02
1.555183827877044678e-01
6.147627234458923340e-01
1.273373663425445557e-01
1.182462945580482483e-01
3.031092584133148193e-01
7.475756108760833740e-02
1.044356152415275574e-01
2.339017093181610107e-01
1.421748101711273193e-01
1.006964519619941711e-01
2.006462961435317993e-02
4.216491430997848511e-02
2.266255021095275879e-02
8.916628547012805939e-03
6.470036506652832031e-02
4.635601490736007690e-02
5.880185589194297791e-02
4.799161851406097412e-02
1.147713605314493179e-02
4.191214963793754578e-02
4.586001485586166382e-02
8.116144686937332153e-02
3.154354542493820190e-02
2.210357226431369781e-02
2.838677726686000824e-02
1.809986084699630737e-01
5.777938663959503174e-02
3.762127086520195007e-02
4.425849393010139465e-02
6.119373813271522522e-02
9.236273169517517090e-02
2.139844000339508057e-01
5.324521064758300781e-01
9.713578224182128906e-02
1.074014902114868164e-01
8.947981148958206177e-02
6.648778170347213745e-02
4.378289729356765747e-02
2.108605019748210907e-02
2.502922713756561279e-01
6.178272962570190430e-01
8.508309721946716309e-03
2.003102563321590424e-02
4.089370742440223694e-02
3.814760968089103699e-02
5.270128324627876282e-02
6.055479124188423157e-02
9.933804720640182495e-02
1.786980181932449341e-01
1.178115978837013245e-01
3.189344331622123718e-02
1.463365852832794189e-01
8.670517802238464355e-02
7.334940433502197266e-01
8.228808045387268066e-01
1.613874733448028564e-01
9.110520035028457642e-02
1.935440115630626678e-02
4.962428286671638489e-02
6.729733198881149292e-02
1.425829827785491943e-01
4.991953074932098389e-02
2.330636829137802124e-01
1.382744610309600830e-01
1.374078541994094849e-01
2.139072120189666748e-02
8.114279806613922119e-02
2.602707222104072571e-02
4.555295780301094055e-02
5.381328612565994263e-02
6.573937833309173584e-02
7.707459479570388794e-02
4.036462679505348206e-02
3.034025989472866058e-02
9.172614663839340210e-02
5.147057771682739258e-02
8.434796333312988281e-02
1.093109697103500366e-01
4.676693677902221680e-01
1.143095735460519791e-02
1.169609278440475464e-01
1.470607221126556396e-01
1.766200959682464600e-01
1.023484840989112854e-01
9.212937206029891968e-02
5.294345691800117493e-02
8.623344451189041138e-02
1.087073758244514465e-01
6.567893177270889282e-02
2.032363228499889374e-02
8.174666762351989746e-02
5.892965942621231079e-02
4.098111763596534729e-02
7.864062674343585968e-03
2.844182960689067841e-02
1.164239197969436646e-01
3.302873969078063965e-01
5.828092619776725769e-02
5.762128904461860657e-02
1.348402351140975952e-01
4.011096898466348648e-03
2.674611471593379974e-02
1.800924353301525116e-02
1.562112122774124146e-01
3.357532247900962830e-02
1.947511136531829834e-01
4.254554510116577148e-01
4.254554510116577148e-01
4.254554510116577148e-01
5.548682212829589844e-01
7.988689094781875610e-02
3.262178227305412292e-02
6.097628548741340637e-02
3.053923882544040680e-02
1.011497825384140015e-01
1.370178610086441040e-01
9.605777263641357422e-02
5.445117950439453125e-01
1.402248889207839966e-01
3.081367909908294678e-01
9.193357080221176147e-02
9.933425784111022949e-01
4.804666638374328613e-01
4.265652596950531006e-02
6.739194691181182861e-02
