4.980227723717689514e-02
4.045844972133636475e-01
9.550548344850540161e-02
1.180634945631027222e-01
3.624733686447143555e-01
1.797205507755279541e-01
1.501026451587677002e-01
1.046408787369728088e-01
6.843631714582443237e-02
2.847481705248355865e-02
3.179939687252044678e-01
1.218716353178024292e-01
8.313106000423431396e-02
4.299573600292205811e-02
2.071231603622436523e-02
5.427537485957145691e-02
5.321436002850532532e-02
3.591634333133697510e-01
1.859954744577407837e-01
2.166439890861511230e-01
1.851591616868972778e-01
2.635632641613483429e-02
1.430358644574880600e-02
5.042829550802707672e-03
1.137224733829498291e-01
3.568875044584274292e-02
1.540395170450210571e-01
1.624636650085449219e-01
6.191243603825569153e-02
1.517458409070968628e-01
1.363019943237304688e-01
9.998886585235595703e-01
9.999938011169433594e-01
2.378613650798797607e-01
1.657476872205734253e-01
4.727477207779884338e-02
9.799183607101440430e-01
8.043789267539978027e-01
1.246595457196235657e-01
8.273301273584365845e-02
1.562157571315765381e-01
1.636650711297988892e-01
1.014290153980255127e-01
5.245119705796241760e-02
1.166597846895456314e-02
6.857048720121383667e-02
6.718013435602188110e-02
1.408236175775527954e-01
1.313055753707885742e-01
5.295122042298316956e-03
9.053028821945190430e-01
9.256881475448608398e-01
6.361670792102813721e-02
6.871635466814041138e-02
2.062979713082313538e-02
9.018276631832122803e-02
6.851125508546829224e-02
7.300971448421478271e-02
9.054147452116012573e-02
8.102913945913314819e-02
9.172847867012023926e-02
2.225804328918457031e-01
3.265566378831863403e-02
9.207181632518768311e-02
7.954745739698410034e-02
6.041395291686058044e-02
2.005701698362827301e-02
5.531497672200202942e-02
6.121207028627395630e-02
1.427814830094575882e-02
2.365137785673141479e-01
4.011656343936920166e-02
3.441580012440681458e-02
1.107470318675041199e-02
1.256619691848754883e-01
5.388387292623519897e-02
2.396881021559238434e-02
5.897860229015350342e-02
1.111446544528007507e-01
4.235596209764480591e-02
1.976265609264373779e-01
8.167678862810134888e-02
2.272494435310363770e-01
1.383367776870727539e-01
7.028189301490783691e-02
9.405197948217391968e-02
1.461721360683441162e-01
5.280922725796699524e-02
1.396485418081283569e-02
1.072483360767364502e-01
1.128201037645339966e-01
1.762714982032775879e-01
1.479271948337554932e-01
1.589852571487426758e-02
9.663483127951622009e-03
1.697438210248947144e-02
4.684679955244064331e-02
6.145343184471130371e-02
1.349060088396072388e-01
9.767572283744812012e-01
1.219277232885360718e-01
1.953323483467102051e-01
6.659648567438125610e-02
3.672842085361480713e-01
1.359439641237258911e-01
8.774948120117187500e-02
1.040836125612258911e-01
9.932798743247985840e-01
2.635259628295898438e-01
3.662937134504318237e-02
1.530928611755371094e-01
8.458931744098663330e-02
1.237030848860740662e-01
5.541234463453292847e-02
3.365166112780570984e-02
2.539753727614879608e-02
7.927374839782714844e-01
2.487322986125946045e-01
9.282077848911285400e-02
2.186347544193267822e-01
9.217167645692825317e-02
5.480192303657531738e-01
6.964451074600219727e-02
1.143694445490837097e-01
2.349803298711776733e-01
2.034449577331542969e-01
6.367236971855163574e-01
7.986419647932052612e-02
8.988975733518600464e-02
5.250907689332962036e-02
2.868293598294258118e-02
3.224554657936096191e-02
3.895930200815200806e-02
3.309045918285846710e-03
8.628280833363533020e-03
4.008068144321441650e-02
4.160863906145095825e-02
1.085060760378837585e-01
1.027547717094421387e-01
9.583088159561157227e-01
8.176426291465759277e-01
1.302882134914398193e-01
9.795283526182174683e-02
2.745842561125755310e-02
8.938021212816238403e-02
9.997898936271667480e-01
9.990373849868774414e-01
6.752975583076477051e-01
2.663675248622894287e-01
5.418410524725914001e-02
2.161089144647121429e-02
6.775961257517337799e-03
3.471345826983451843e-02
6.020718440413475037e-02
3.374816849827766418e-02
7.264801114797592163e-02
1.380219310522079468e-01
3.742859512567520142e-02
9.844547510147094727e-01
9.911032915115356445e-01
1.528442203998565674e-01
9.825975447893142700e-02
8.373878151178359985e-02
8.258921653032302856e-02
9.792836904525756836e-01
7.909759134054183960e-02
3.795791417360305786e-02
5.393595248460769653e-02
1.262171268463134766e-01
1.205193251371383667e-01
1.039221882820129395e-01
7.685177773237228394e-02
6.065868586301803589e-02
8.748444169759750366e-02
1.822852641344070435e-01
6.480043381452560425e-02
1.430914402008056641e-01
9.778447449207305908e-02
2.646785043179988861e-02
6.778146326541900635e-02
4.703028500080108643e-02
5.788687244057655334e-02
6.957472115755081177e-02
6.645933538675308228e-02
1.980078965425491333e-02
3.469069674611091614e-02
3.313934430480003357e-02
3.836419666185975075e-03
1.105133164674043655e-02
5.248183757066726685e-02
2.874965071678161621e-01
7.271569371223449707e-01
2.040584981441497803e-01
5.162311196327209473e-01
4.581341147422790527e-01
2.685969471931457520e-01
7.699232548475265503e-02
4.773101955652236938e-02
5.781120806932449341e-02
1.922228038311004639e-01
3.079968132078647614e-02
4.039119556546211243e-02
5.947357416152954102e-02
1.233060434460639954e-01
2.429356873035430908e-01
3.305065035820007324e-01
6.119844689965248108e-02
3.342118859291076660e-02
3.032492101192474365e-01
7.477769255638122559e-02
1.991069912910461426e-01
2.897004596889019012e-02
3.448694348335266113e-01
1.386929899454116821e-01
5.366558209061622620e-02
3.765622153878211975e-02
7.177153974771499634e-02
7.977671176195144653e-02
1.045263856649398804e-01
7.903450727462768555e-02
6.834393739700317383e-02
4.075527563691139221e-02
1.074780002236366272e-01
1.228067353367805481e-01
2.563383243978023529e-02
3.640274703502655029e-02
8.466418385505676270e-01
2.448498606681823730e-01
3.524611890316009521e-02
4.077109321951866150e-02
1.166673749685287476e-01
1.514328923076391220e-02
4.392086565494537354e-01
5.258936285972595215e-01
2.838666141033172607e-01
4.116938635706901550e-02
3.855825588107109070e-02
1.875910460948944092e-01
6.510562896728515625e-01
3.136447966098785400e-01
2.573689259588718414e-02
5.012358725070953369e-02
7.135975956916809082e-01
1.674012988805770874e-01
4.721791297197341919e-02
6.832119077444076538e-02
5.214892700314521790e-02
1.047611907124519348e-01
1.393565684556961060e-01
1.000298336148262024e-01
7.535706162452697754e-01
4.413790404796600342e-01
1.277914792299270630e-01
8.228611201047897339e-02
4.559022933244705200e-02
8.250552415847778320e-02
4.383361712098121643e-02
8.456605076789855957e-01
1.003806740045547485e-01
2.614368684589862823e-02
3.879446536302566528e-02
1.629861891269683838e-01
8.010599762201309204e-02
7.303208112716674805e-02
1.285798400640487671e-01
5.851479992270469666e-02
4.167053103446960449e-02
5.629440024495124817e-02
1.189163029193878174e-01
5.274255573749542236e-02
2.237693518400192261e-01
5.319233983755111694e-02
1.020366176962852478e-01
1.743597388267517090e-01
3.436496481299400330e-02
7.724855840206146240e-02
1.193565055727958679e-01
7.032719999551773071e-02
2.652687728404998779e-01
3.101505935192108154e-01
4.406159520149230957e-01
2.343274056911468506e-01
2.016071230173110962e-01
2.759547531604766846e-01
4.254554510116577148e-01
4.254554510116577148e-01
4.254554510116577148e-01
4.525258839130401611e-01
9.080786257982254028e-02
6.818032264709472656e-02
9.210628271102905273e-02
4.532320052385330200e-02
7.918561249971389771e-02
9.063576906919479370e-02
7.425048351287841797e-01
6.238788366317749023e-01
1.049301475286483765e-01
1.634525060653686523e-01
6.080658361315727234e-02
3.101795613765716553e-01
1.240651160478591919e-01
6.720519661903381348e-01
1.335887759923934937e-01
6.926634162664413452e-02
9.686158597469329834e-02
6.462165117263793945e-01
4.265180230140686035e-01
1.128739267587661743e-01
7.482554763555526733e-02
5.614692345261573792e-02
1.108605787158012390e-01
8.898907899856567383e-02
7.703828811645507812e-02
7.154431194067001343e-02
1.456081271171569824e-01
5.475947260856628418e-01
7.821584492921829224e-02
3.984870016574859619e-01
5.027215480804443359e-01
7.781094312667846680e-02
1.940047889947891235e-01
1.485148072242736816e-01
1.102604940533638000e-01
4.215469956398010254e-01
8.700113743543624878e-02
9.792487621307373047e-01
6.487345695495605469e-01
3.367892503738403320e-01
2.685934007167816162e-01
8.036342263221740723e-02
4.362728074193000793e-02
1.990094035863876343e-01
2.155053168535232544e-01
2.787016928195953369e-01
2.221167534589767456e-01
7.576246559619903564e-02
3.464513719081878662e-01
4.631103575229644775e-01
9.749054312705993652e-01
1.269620358943939209e-01
1.589113920927047729e-01
5.849498137831687927e-02
1.233801394701004028e-01
1.543934494256973267e-01
1.153145581483840942e-01
4.316128417849540710e-02
5.154128372669219971e-02
3.291688561439514160e-01
6.714794635772705078e-01
5.038680881261825562e-02
2.378319054841995239e-01
6.879756599664688110e-02
8.744295686483383179e-02
6.074399873614311218e-02
1.015019863843917847e-01
1.771769374608993530e-01
5.866308510303497314e-02
7.167173027992248535e-01
7.830430865287780762e-01
3.193842470645904541e-01
9.922086000442504883e-01
2.213541269302368164e-01
7.853682339191436768e-02
4.964880272746086121e-02
4.192909598350524902e-02
4.838806018233299255e-02
7.016406953334808350e-02
8.406111598014831543e-02
1.013585031032562256e-01
3.375544771552085876e-02
6.523179262876510620e-02
1.153253987431526184e-01
1.622666269540786743e-01
1.980375796556472778e-01
1.152385696768760681e-01
6.187238916754722595e-02
3.971137478947639465e-02
6.474541872739791870e-02
8.250222355127334595e-02
1.871597319841384888e-01
4.310414195060729980e-02
4.012935236096382141e-02
4.708064720034599304e-02
1.807048618793487549e-01
1.403585821390151978e-01
1.760543733835220337e-01
9.005754441022872925e-02
1.185743510723114014e-01
7.542259991168975830e-02
4.130648449063301086e-02
5.322178825736045837e-02
1.240402832627296448e-01
7.550059258937835693e-02
5.955089628696441650e-02
2.678087651729583740e-01
8.704124391078948975e-02
7.697045803070068359e-02
1.648174226284027100e-01
5.227098986506462097e-02
