3.810961544513702393e-01
1.648458540439605713e-01
9.717233479022979736e-02
3.750443458557128906e-01
3.529870510101318359e-02
8.062068372964859009e-02
5.871709436178207397e-02
1.392837762832641602e-01
1.646077819168567657e-02
6.564249843358993530e-02
1.222740188241004944e-01
9.504322409629821777e-01
7.686663419008255005e-02
8.488639444112777710e-02
9.434331208467483521e-02
4.270527362823486328e-01
1.405972391366958618e-01
1.627409458160400391e-01
5.831618309020996094e-01
1.649646311998367310e-01
5.387771725654602051e-01
1.212249174714088440e-01
5.629145354032516479e-02
8.876113593578338623e-02
8.101813495159149170e-02
9.723981022834777832e-01
7.985281944274902344e-01
6.003291904926300049e-02
7.102765887975692749e-02
4.483871459960937500e-01
3.397701978683471680e-01
2.587974071502685547e-01
6.035547703504562378e-02
3.531105816364288330e-01
6.995130330324172974e-02
7.208883762359619141e-02
3.902989625930786133e-02
6.142877787351608276e-02
9.951469488441944122e-03
4.549184814095497131e-02
6.228481978178024292e-02
6.382018327713012695e-02
1.049138233065605164e-02
3.937112167477607727e-02
4.308928549289703369e-02
3.243007510900497437e-02
6.937343627214431763e-02
9.092091768980026245e-02
5.066471174359321594e-02
5.358581990003585815e-02
7.676761746406555176e-01
5.442079622298479080e-03
3.195179626345634460e-02
1.839880794286727905e-01
7.607442140579223633e-02
8.184754848480224609e-02
6.297837942838668823e-02
5.639065429568290710e-02
4.068176075816154480e-02
3.691633790731430054e-02
7.080914080142974854e-02
4.707069322466850281e-02
4.311218857765197754e-02
8.712759613990783691e-02
3.134070336818695068e-02
7.829301059246063232e-02
1.611529104411602020e-02
3.881258890032768250e-02
4.675482865422964096e-03
2.907807938754558563e-02
1.220337208360433578e-02
2.209953404963016510e-02
4.407978057861328125e-02
7.479910552501678467e-02
1.436233818531036377e-01
2.238050848245620728e-02
1.123945266008377075e-01
6.417124718427658081e-02
1.441537216305732727e-02
1.543782651424407959e-01
4.554039612412452698e-02
8.165718317031860352e-01
7.812676578760147095e-02
4.578416049480438232e-02
2.574399113655090332e-02
4.530933871865272522e-02
4.779359698295593262e-02
2.981789223849773407e-02
1.144561730325222015e-02
2.836391143500804901e-02
1.502086669206619263e-01
4.254554510116577148e-01
4.254554510116577148e-01
4.074730277061462402e-01
1.161555871367454529e-01
8.692449331283569336e-02
1.466220151633024216e-02
2.776443026959896088e-02
4.252972900867462158e-01
4.062815904617309570e-01
2.258513122797012329e-02
3.744141757488250732e-02
5.287000909447669983e-02
1.035438776016235352e-01
9.204593300819396973e-02
8.960339426994323730e-02
1.688023060560226440e-01
2.434341423213481903e-02
4.836440682411193848e-01
5.550972744822502136e-02
1.222542449831962585e-01
9.654927253723144531e-01
1.110528856515884399e-01
1.107960790395736694e-01
2.526226937770843506e-01
7.032551765441894531e-01
9.161563217639923096e-02
5.431377515196800232e-02
1.221422702074050903e-01
1.762847453355789185e-01
5.162067711353302002e-02
1.310078054666519165e-02
2.347373776137828827e-02
3.509986773133277893e-02
9.999841451644897461e-01
4.618422985076904297e-01
3.005231171846389771e-02
1.346918940544128418e-01
9.487115778028964996e-03
4.677331075072288513e-02
7.100661098957061768e-02
6.339969038963317871e-01
2.164163254201412201e-02
1.663440465927124023e-02
5.078999996185302734e-01
4.343864023685455322e-01
7.971917837858200073e-02
9.552176296710968018e-02
4.298087581992149353e-02
4.981071874499320984e-02
5.137103144079446793e-03
6.201705336570739746e-02
2.243700437247753143e-02
8.729630708694458008e-02
4.565240815281867981e-02
4.383665323257446289e-02
8.394284248352050781e-01
6.517735123634338379e-01
5.303643271327018738e-02
2.238378971815109253e-01
5.984256416559219360e-02
3.849371522665023804e-02
1.035591438412666321e-01
4.369123280048370361e-02
7.189508527517318726e-02
9.549426287412643433e-02
2.622542083263397217e-01
1.936441659927368164e-02
1.328809093683958054e-02
1.212753728032112122e-01
6.737194210290908813e-02
9.267658926546573639e-03
3.409563377499580383e-02
8.588341623544692993e-02
9.566485136747360229e-02
9.939759969711303711e-02
8.873111605644226074e-01
3.440706059336662292e-02
3.390748798847198486e-02
1.302098035812377930e-01
5.854545906186103821e-02
4.104470461606979370e-02
7.793968170881271362e-02
2.664662338793277740e-02
7.452885061502456665e-02
8.156450092792510986e-02
2.269924804568290710e-02
8.258969523012638092e-03
3.177182376384735107e-02
2.817627228796482086e-02
6.499674320220947266e-01
2.377460747957229614e-01
1.631416566669940948e-02
5.138325318694114685e-02
1.583456397056579590e-01
1.177631169557571411e-01
4.058106988668441772e-02
4.794188588857650757e-02
7.313528656959533691e-02
1.454109996557235718e-01
2.692975401878356934e-01
1.213981434702873230e-01
1.089311540126800537e-01
2.693873457610607147e-02
1.393069326877593994e-02
4.799222946166992188e-02
4.254554510116577148e-01
4.254554510116577148e-01
5.710547566413879395e-01
5.339632555842399597e-02
4.808847978711128235e-02
2.601947449147701263e-02
1.339965164661407471e-01
5.974081158638000488e-01
9.183573722839355469e-02
2.001953497529029846e-02
2.757935412228107452e-02
4.065002128481864929e-02
1.359035670757293701e-01
1.597143709659576416e-02
6.802131235599517822e-02
1.141121909022331238e-01
9.431257843971252441e-02
4.541067779064178467e-02
7.822373881936073303e-03
8.308063261210918427e-03
1.312869489192962646e-01
9.481227397918701172e-02
8.622476458549499512e-02
2.276295423507690430e-02
1.488915830850601196e-01
9.314502775669097900e-02
1.669677160680294037e-02
3.534328192472457886e-02
8.808740973472595215e-02
3.353670835494995117e-01
2.340778857469558716e-01
3.097691759467124939e-02
1.138205006718635559e-01
6.852722167968750000e-02
8.249449729919433594e-02
2.128411978483200073e-01
9.638939499855041504e-01
4.952237606048583984e-01
1.431297659873962402e-01
1.474597007036209106e-01
7.293318212032318115e-02
9.906000643968582153e-02
7.446482777595520020e-02
1.479651033878326416e-01
3.950708210468292236e-01
7.518530488014221191e-01
4.848537445068359375e-01
1.084201037883758545e-01
3.886120021343231201e-02
2.920636832714080811e-01
1.318798121064901352e-02
2.183644920587539673e-01
2.335254102945327759e-01
1.207938343286514282e-01
3.899821341037750244e-01
9.062490612268447876e-02
8.666897565126419067e-02
6.296498328447341919e-02
2.366095185279846191e-01
7.703464478254318237e-02
2.075347006320953369e-01
2.383377589285373688e-02
5.896584689617156982e-02
1.654865965247154236e-02
3.745286539196968079e-02
8.048077821731567383e-01
1.108714342117309570e-01
6.807104498147964478e-02
1.252976953983306885e-01
6.374789774417877197e-02
4.434451833367347717e-02
3.166409730911254883e-01
2.373413294553756714e-01
3.255639225244522095e-02
1.670430749654769897e-01
5.978192389011383057e-02
1.053011193871498108e-01
6.566323339939117432e-02
3.355296328663825989e-02
4.336019754409790039e-01
2.060668021440505981e-01
9.627895802259445190e-02
6.630568951368331909e-02
9.987989813089370728e-02
5.483411997556686401e-02
5.148538351058959961e-01
9.598413109779357910e-01
9.918051958084106445e-01
6.740383505821228027e-01
3.679611086845397949e-01
1.213667169213294983e-01
9.036654233932495117e-01
5.338379740715026855e-01
1.082739382982254028e-01
7.135040313005447388e-02
3.039080202579498291e-01
3.432635366916656494e-01
3.950066864490509033e-02
4.392813146114349365e-02
4.180387780070304871e-02
3.787626624107360840e-01
1.327407062053680420e-01
5.073696747422218323e-02
5.177161097526550293e-01
8.918617665767669678e-02
7.901261001825332642e-02
3.615605086088180542e-02
2.860214710235595703e-01
3.207661509513854980e-01
9.469657540321350098e-01
1.302436739206314087e-01
1.879015415906906128e-01
3.009144775569438934e-02
1.164434701204299927e-01
1.210034787654876709e-01
1.165365427732467651e-01
3.994031250476837158e-02
2.209879457950592041e-02
3.398995846509933472e-02
4.364110901951789856e-02
1.758312433958053589e-02
4.024346917867660522e-02
4.586820676922798157e-02
5.286741852760314941e-01
1.964704245328903198e-01
1.502603292465209961e-01
1.068138405680656433e-01
2.854898273944854736e-01
7.484410405158996582e-01
1.717271506786346436e-01
2.758005261421203613e-01
3.068803548812866211e-01
5.382937788963317871e-01
2.104174941778182983e-01
8.810770511627197266e-01
1.283733695745468140e-01
4.721959233283996582e-01
9.750955700874328613e-01
7.187103480100631714e-02
1.144558936357498169e-01
1.246024519205093384e-01
1.255673319101333618e-01
1.542707383632659912e-01
3.011854365468025208e-02
1.116279214620590210e-01
8.400252461433410645e-01
6.243913173675537109e-01
7.096630930900573730e-01
5.583130717277526855e-01
8.529908657073974609e-01
6.228917837142944336e-01
6.937731802463531494e-02
3.448663651943206787e-02
1.051546856760978699e-01
1.212921086698770523e-02
3.717587515711784363e-02
1.058013364672660828e-01
2.262714356184005737e-01
1.938815861940383911e-01
4.468463957309722900e-01
4.873932898044586182e-02
1.112994551658630371e-01
3.010117821395397186e-02
5.490541458129882812e-02
2.034871093928813934e-02
3.194446563720703125e-01
6.617850810289382935e-02
1.383312493562698364e-01
1.406011432409286499e-01
7.894042134284973145e-01
9.031772017478942871e-01
8.838815242052078247e-02
2.811227142810821533e-01
6.321079283952713013e-02
4.782156646251678467e-02
5.704161152243614197e-02
4.660760518163442612e-03
1.481553446501493454e-02
2.657223679125308990e-02
2.811598591506481171e-02
1.023076847195625305e-01
5.108711868524551392e-02
1.367453578859567642e-02
4.721573367714881897e-02
1.423372775316238403e-01
2.984329685568809509e-02
5.271311849355697632e-02
1.877916231751441956e-02
4.214186966419219971e-02
1.305590104311704636e-02
1.268896553665399551e-02
3.209469839930534363e-02
2.496588081121444702e-01
6.910059601068496704e-02
5.025577172636985779e-02
6.185627579689025879e-01
3.173110485076904297e-01
3.772845864295959473e-02
2.215459793806076050e-01
1.323689669370651245e-01
1.124581545591354370e-01
2.226766347885131836e-01
2.365470677614212036e-02
2.905494906008243561e-02
1.205438524484634399e-01
7.182246446609497070e-02
6.159570813179016113e-02
5.365957319736480713e-02
3.420482575893402100e-02
6.499003618955612183e-02
3.890146315097808838e-02
1.231568604707717896e-01
1.554721035063266754e-02
2.140090316534042358e-01
7.541768550872802734e-01
9.785994291305541992e-01
3.235855698585510254e-01
1.395085304975509644e-01
4.623180627822875977e-02
9.998433589935302734e-01
9.504451751708984375e-01
4.404195398092269897e-02
2.283875271677970886e-02
3.941563516855239868e-02
1.964886039495468140e-01
5.238504707813262939e-02
4.660852625966072083e-02
3.795737400650978088e-02
1.168314218521118164e-01
5.630696937441825867e-02
3.240632638335227966e-02
6.588907539844512939e-02
1.185040548443794250e-01
8.141732960939407349e-02
1.162646785378456116e-01
4.781244695186614990e-02
4.295774400234222412e-01
2.622079849243164062e-01
8.578957989811897278e-03
4.022410511970520020e-02
5.579071491956710815e-02
8.483801037073135376e-02
5.731905698776245117e-01
2.247078530490398407e-02
1.296989470720291138e-01
1.033585593104362488e-01
8.041998744010925293e-02
4.086009413003921509e-02
4.980227723717689514e-02
4.045844972133636475e-01
9.550548344850540161e-02
1.180634945631027222e-01
3.624733686447143555e-01
1.797205507755279541e-01
1.501026451587677002e-01
1.046408787369728088e-01
6.843631714582443237e-02
2.847481705248355865e-02
3.179939687252044678e-01
1.218716353178024292e-01
8.313106000423431396e-02
4.299573600292205811e-02
2.071231603622436523e-02
5.427537485957145691e-02
5.321436002850532532e-02
3.591634333133697510e-01
1.859954744577407837e-01
2.166439890861511230e-01
1.851591616868972778e-01
2.635632641613483429e-02
1.430358644574880600e-02
5.042829550802707672e-03
1.137224733829498291e-01
3.568875044584274292e-02
1.540395170450210571e-01
1.624636650085449219e-01
6.191243603825569153e-02
1.517458409070968628e-01
1.363019943237304688e-01
9.998886585235595703e-01
9.999938011169433594e-01
2.378613650798797607e-01
1.657476872205734253e-01
4.727477207779884338e-02
9.799183607101440430e-01
8.043789267539978027e-01
1.246595457196235657e-01
8.273301273584365845e-02
1.562157571315765381e-01
1.636650711297988892e-01
1.014290153980255127e-01
5.245119705796241760e-02
1.166597846895456314e-02
6.857048720121383667e-02
6.718013435602188110e-02
1.408236175775527954e-01
1.313055753707885742e-01
5.295122042298316956e-03
9.053028821945190430e-01
9.256881475448608398e-01
6.361670792102813721e-02
6.871635466814041138e-02
2.062979713082313538e-02
9.018276631832122803e-02
6.851125508546829224e-02
7.300971448421478271e-02
9.054147452116012573e-02
8.102913945913314819e-02
9.172847867012023926e-02
2.225804328918457031e-01
3.265566378831863403e-02
9.207181632518768311e-02
7.954745739698410034e-02
6.041395291686058044e-02
2.005701698362827301e-02
5.531497672200202942e-02
6.121207028627395630e-02
1.427814830094575882e-02
2.365137785673141479e-01
4.011656343936920166e-02
3.441580012440681458e-02
1.107470318675041199e-02
1.256619691848754883e-01
5.388387292623519897e-02
2.396881021559238434e-02
5.897860229015350342e-02
1.111446544528007507e-01
4.235596209764480591e-02
1.976265609264373779e-01
8.167678862810134888e-02
2.272494435310363770e-01
1.383367776870727539e-01
7.028189301490783691e-02
9.405197948217391968e-02
1.461721360683441162e-01
5.280922725796699524e-02
1.396485418081283569e-02
1.072483360767364502e-01
1.128201037645339966e-01
1.762714982032775879e-01
1.479271948337554932e-01
1.589852571487426758e-02
9.663483127951622009e-03
1.697438210248947144e-02
4.684679955244064331e-02
6.145343184471130371e-02
1.349060088396072388e-01
9.767572283744812012e-01
1.219277232885360718e-01
1.953323483467102051e-01
6.659648567438125610e-02
3.672842085361480713e-01
1.359439641237258911e-01
8.774948120117187500e-02
1.040836125612258911e-01
9.932798743247985840e-01
2.635259628295898438e-01
3.662937134504318237e-02
1.530928611755371094e-01
8.458931744098663330e-02
1.237030848860740662e-01
5.541234463453292847e-02
3.365166112780570984e-02
2.539753727614879608e-02
7.927374839782714844e-01
2.487322986125946045e-01
9.282077848911285400e-02
2.186347544193267822e-01
9.217167645692825317e-02
5.480192303657531738e-01
6.964451074600219727e-02
1.143694445490837097e-01
2.349803298711776733e-01
2.034449577331542969e-01
6.367236971855163574e-01
7.986419647932052612e-02
8.988975733518600464e-02
5.250907689332962036e-02
2.868293598294258118e-02
3.224554657936096191e-02
3.895930200815200806e-02
3.309045918285846710e-03
8.628280833363533020e-03
4.008068144321441650e-02
4.160863906145095825e-02
1.085060760378837585e-01
1.027547717094421387e-01
9.583088159561157227e-01
8.176426291465759277e-01
1.302882134914398193e-01
9.795283526182174683e-02
2.745842561125755310e-02
8.938021212816238403e-02
9.997898936271667480e-01
9.990373849868774414e-01
6.752975583076477051e-01
2.663675248622894287e-01
5.418410524725914001e-02
2.161089144647121429e-02
6.775961257517337799e-03
3.471345826983451843e-02
6.020718440413475037e-02
3.374816849827766418e-02
7.264801114797592163e-02
1.380219310522079468e-01
3.742859512567520142e-02
9.844547510147094727e-01
9.911032915115356445e-01
1.528442203998565674e-01
9.825975447893142700e-02
8.373878151178359985e-02
8.258921653032302856e-02
9.792836904525756836e-01
7.909759134054183960e-02
3.795791417360305786e-02
5.393595248460769653e-02
1.262171268463134766e-01
1.205193251371383667e-01
1.039221882820129395e-01
7.685177773237228394e-02
6.065868586301803589e-02
8.748444169759750366e-02
1.822852641344070435e-01
6.480043381452560425e-02
1.430914402008056641e-01
9.778447449207305908e-02
2.646785043179988861e-02
6.778146326541900635e-02
4.703028500080108643e-02
5.788687244057655334e-02
6.957472115755081177e-02
6.645933538675308228e-02
1.980078965425491333e-02
3.469069674611091614e-02
3.313934430480003357e-02
3.836419666185975075e-03
1.105133164674043655e-02
5.248183757066726685e-02
2.874965071678161621e-01
7.271569371223449707e-01
2.040584981441497803e-01
5.162311196327209473e-01
4.581341147422790527e-01
2.685969471931457520e-01
7.699232548475265503e-02
4.773101955652236938e-02
5.781120806932449341e-02
1.922228038311004639e-01
3.079968132078647614e-02
4.039119556546211243e-02
5.947357416152954102e-02
1.233060434460639954e-01
2.429356873035430908e-01
3.305065035820007324e-01
6.119844689965248108e-02
3.342118859291076660e-02
3.032492101192474365e-01
7.477769255638122559e-02
1.991069912910461426e-01
2.897004596889019012e-02
3.448694348335266113e-01
1.386929899454116821e-01
5.366558209061622620e-02
3.765622153878211975e-02
7.177153974771499634e-02
7.977671176195144653e-02
1.045263856649398804e-01
7.903450727462768555e-02
6.834393739700317383e-02
4.075527563691139221e-02
1.074780002236366272e-01
1.228067353367805481e-01
2.563383243978023529e-02
3.640274703502655029e-02
8.466418385505676270e-01
2.448498606681823730e-01
3.524611890316009521e-02
4.077109321951866150e-02
1.166673749685287476e-01
1.514328923076391220e-02
4.392086565494537354e-01
5.258936285972595215e-01
2.838666141033172607e-01
4.116938635706901550e-02
3.855825588107109070e-02
1.875910460948944092e-01
6.510562896728515625e-01
3.136447966098785400e-01
2.573689259588718414e-02
5.012358725070953369e-02
7.135975956916809082e-01
1.674012988805770874e-01
4.721791297197341919e-02
6.832119077444076538e-02
5.214892700314521790e-02
1.047611907124519348e-01
1.393565684556961060e-01
1.000298336148262024e-01
7.535706162452697754e-01
4.413790404796600342e-01
1.277914792299270630e-01
8.228611201047897339e-02
4.559022933244705200e-02
8.250552415847778320e-02
4.383361712098121643e-02
8.456605076789855957e-01
1.003806740045547485e-01
2.614368684589862823e-02
3.879446536302566528e-02
1.629861891269683838e-01
8.010599762201309204e-02
7.303208112716674805e-02
1.285798400640487671e-01
5.851479992270469666e-02
4.167053103446960449e-02
5.629440024495124817e-02
1.189163029193878174e-01
5.274255573749542236e-02
2.237693518400192261e-01
5.319233983755111694e-02
1.020366176962852478e-01
1.743597388267517090e-01
3.436496481299400330e-02
7.724855840206146240e-02
1.193565055727958679e-01
7.032719999551773071e-02
2.652687728404998779e-01
3.101505935192108154e-01
4.406159520149230957e-01
2.343274056911468506e-01
2.016071230173110962e-01
2.759547531604766846e-01
4.254554510116577148e-01
4.254554510116577148e-01
4.254554510116577148e-01
4.525258839130401611e-01
9.080786257982254028e-02
6.818032264709472656e-02
9.210628271102905273e-02
4.532320052385330200e-02
7.918561249971389771e-02
9.063576906919479370e-02
7.425048351287841797e-01
6.238788366317749023e-01
1.049301475286483765e-01
1.634525060653686523e-01
6.080658361315727234e-02
3.101795613765716553e-01
1.240651160478591919e-01
6.720519661903381348e-01
1.335887759923934937e-01
6.926634162664413452e-02
9.686158597469329834e-02
6.462165117263793945e-01
4.265180230140686035e-01
1.128739267587661743e-01
7.482554763555526733e-02
5.614692345261573792e-02
1.108605787158012390e-01
8.898907899856567383e-02
7.703828811645507812e-02
7.154431194067001343e-02
1.456081271171569824e-01
5.475947260856628418e-01
7.821584492921829224e-02
3.984870016574859619e-01
5.027215480804443359e-01
7.781094312667846680e-02
1.940047889947891235e-01
1.485148072242736816e-01
1.102604940533638000e-01
4.215469956398010254e-01
8.700113743543624878e-02
9.792487621307373047e-01
6.487345695495605469e-01
3.367892503738403320e-01
2.685934007167816162e-01
8.036342263221740723e-02
4.362728074193000793e-02
1.990094035863876343e-01
2.155053168535232544e-01
2.787016928195953369e-01
2.221167534589767456e-01
7.576246559619903564e-02
3.464513719081878662e-01
4.631103575229644775e-01
9.749054312705993652e-01
1.269620358943939209e-01
1.589113920927047729e-01
5.849498137831687927e-02
1.233801394701004028e-01
1.543934494256973267e-01
1.153145581483840942e-01
4.316128417849540710e-02
5.154128372669219971e-02
3.291688561439514160e-01
6.714794635772705078e-01
5.038680881261825562e-02
2.378319054841995239e-01
6.879756599664688110e-02
8.744295686483383179e-02
6.074399873614311218e-02
1.015019863843917847e-01
1.771769374608993530e-01
5.866308510303497314e-02
7.167173027992248535e-01
7.830430865287780762e-01
3.193842470645904541e-01
9.922086000442504883e-01
2.213541269302368164e-01
7.853682339191436768e-02
4.964880272746086121e-02
4.192909598350524902e-02
4.838806018233299255e-02
7.016406953334808350e-02
8.406111598014831543e-02
1.013585031032562256e-01
3.375544771552085876e-02
6.523179262876510620e-02
1.153253987431526184e-01
1.622666269540786743e-01
1.980375796556472778e-01
1.152385696768760681e-01
6.187238916754722595e-02
3.971137478947639465e-02
6.474541872739791870e-02
8.250222355127334595e-02
1.871597319841384888e-01
4.310414195060729980e-02
4.012935236096382141e-02
4.708064720034599304e-02
1.807048618793487549e-01
1.403585821390151978e-01
1.760543733835220337e-01
9.005754441022872925e-02
1.185743510723114014e-01
7.542259991168975830e-02
4.130648449063301086e-02
5.322178825736045837e-02
1.240402832627296448e-01
7.550059258937835693e-02
5.955089628696441650e-02
2.678087651729583740e-01
8.704124391078948975e-02
7.697045803070068359e-02
1.648174226284027100e-01
5.227098986506462097e-02
2.691292464733123779e-01
9.698464274406433105e-01
3.561047017574310303e-01
6.843315064907073975e-02
3.424482047557830811e-02
6.427981704473495483e-02
2.444763109087944031e-02
1.092736050486564636e-02
2.574712783098220825e-02
1.765390485525131226e-01
8.647803962230682373e-02
9.323132038116455078e-02
1.305234339088201523e-02
1.254581362009048462e-01
3.789459168910980225e-02
6.433109194040298462e-02
1.561567187309265137e-01
1.042835712432861328e-01
7.795907557010650635e-02
5.654678493738174438e-02
5.854174494743347168e-02
1.305845677852630615e-01
1.050535663962364197e-01
6.840993463993072510e-02
5.777717009186744690e-02
7.766761630773544312e-02
8.620834350585937500e-02
1.338895261287689209e-01
9.154812991619110107e-02
8.961973786354064941e-01
