1.293802410364151001e-01
6.735094785690307617e-01
5.109060406684875488e-01
8.118010312318801880e-02
3.539580851793289185e-02
7.550733536481857300e-02
6.444909572601318359e-01
3.814163804054260254e-01
1.401840746402740479e-01
8.637981116771697998e-02
2.125426009297370911e-02
2.075870186090469360e-01
6.401660442352294922e-01
3.902662172913551331e-02
1.639272272586822510e-01
8.177319169044494629e-02
6.356306374073028564e-02
4.388244450092315674e-02
1.396045088768005371e-01
5.326786637306213379e-01
4.806317389011383057e-02
1.109307929873466492e-01
8.829560875892639160e-01
8.128666877746582031e-01
7.368071377277374268e-02
2.168607152998447418e-02
3.443502634763717651e-02
6.020897254347801208e-02
3.940893337130546570e-02
8.401991426944732666e-02
1.176744550466537476e-01
5.745553970336914062e-02
3.783488869667053223e-01
1.073689460754394531e-01
1.103230863809585571e-01
1.416802108287811279e-01
1.899314224720001221e-01
8.690693229436874390e-02
9.416607022285461426e-02
3.708715736865997314e-02
5.698211491107940674e-02
6.804530322551727295e-02
2.390198782086372375e-02
5.256739258766174316e-02
9.549994021654129028e-02
3.719731792807579041e-02
7.176546007394790649e-02
7.086151093244552612e-02
4.853387549519538879e-02
4.544857144355773926e-02
2.269621938467025757e-01
2.256580740213394165e-01
6.111505255103111267e-02
5.693158134818077087e-02
8.821228891611099243e-02
1.813552230596542358e-01
6.120515242218971252e-02
1.045050099492073059e-01
4.973188042640686035e-02
1.340546607971191406e-01
6.198740750551223755e-02
8.771050721406936646e-02
3.417881205677986145e-02
9.023646265268325806e-02
1.134420037269592285e-01
6.526468694210052490e-02
4.411610960960388184e-02
1.669882535934448242e-01
7.146044820547103882e-02
8.618388772010803223e-01
6.107049435377120972e-02
6.736352294683456421e-02
7.279127836227416992e-02
4.798982292413711548e-02
4.052871093153953552e-02
1.846093237400054932e-01
3.466624021530151367e-02
1.880100071430206299e-01
1.272752732038497925e-01
1.955539882183074951e-01
8.848924189805984497e-02
9.795175492763519287e-02
2.056341469287872314e-01
1.325683742761611938e-01
1.621049642562866211e-01
5.290947109460830688e-02
9.157894551753997803e-02
1.542469263076782227e-01
2.516448199748992920e-01
1.577534228563308716e-01
8.384154736995697021e-02
4.345088079571723938e-02
6.707796454429626465e-02
3.687369078397750854e-02
1.153951734304428101e-01
1.040230467915534973e-01
2.244047522544860840e-01
3.891154006123542786e-02
8.708008378744125366e-02
2.835866622626781464e-02
6.395447254180908203e-02
1.279891729354858398e-01
1.834191530942916870e-01
1.263886243104934692e-01
5.749388933181762695e-01
1.031875386834144592e-01
8.692993968725204468e-02
1.012017503380775452e-01
6.838875263929367065e-02
4.365758225321769714e-02
4.262605309486389160e-02
5.001562088727951050e-02
4.979589208960533142e-02
5.422491207718849182e-02
6.827920675277709961e-02
2.786458134651184082e-01
7.960668206214904785e-02
7.254632562398910522e-02
5.180560052394866943e-02
6.803236156702041626e-02
8.016239851713180542e-02
9.138584882020950317e-02
7.008098065853118896e-02
1.454357653856277466e-01
1.008962020277976990e-01
1.768135726451873779e-01
3.828311339020729065e-02
7.947137951850891113e-02
6.368415057659149170e-02
2.892547100782394409e-02
1.313978880643844604e-01
6.858221441507339478e-02
1.389822922646999359e-02
5.295313149690628052e-02
8.870054036378860474e-02
8.440066128969192505e-02
3.131833374500274658e-01
4.871558248996734619e-01
5.151305347681045532e-02
1.004780977964401245e-01
1.941695809364318848e-01
5.044170096516609192e-02
1.041649952530860901e-01
4.623471572995185852e-02
2.031016796827316284e-01
7.805635780096054077e-02
6.926598399877548218e-02
3.020039498805999756e-01
7.251233458518981934e-01
6.327983736991882324e-02
2.586991190910339355e-01
3.999646306037902832e-01
8.254162967205047607e-02
4.664257764816284180e-01
6.942157149314880371e-01
1.412056535482406616e-01
6.525754928588867188e-02
5.966126546263694763e-02
1.246301755309104919e-01
8.925782144069671631e-02
1.854966282844543457e-01
2.421707808971405029e-01
6.042898073792457581e-02
4.081585630774497986e-02
1.213680878281593323e-01
6.782120466232299805e-02
1.232454925775527954e-01
2.339875996112823486e-01
8.146252483129501343e-02
1.032138168811798096e-01
1.266545206308364868e-01
4.988336563110351562e-01
3.460834324359893799e-01
2.546154558658599854e-01
1.699391156435012817e-01
2.359953671693801880e-01
6.077455729246139526e-02
8.241385221481323242e-02
8.919367194175720215e-02
8.581171035766601562e-01
2.074845284223556519e-01
1.442589163780212402e-01
5.508800968527793884e-02
5.496202781796455383e-02
8.978185802698135376e-02
9.606155008077621460e-02
6.664396822452545166e-02
8.820700645446777344e-01
8.885011672973632812e-01
2.612209320068359375e-02
2.966254390776157379e-02
1.823159903287887573e-01
5.569709464907646179e-02
1.264898180961608887e-01
7.310552150011062622e-02
6.864842772483825684e-02
4.293017461895942688e-02
1.268024444580078125e-01
3.841590508818626404e-02
8.774714916944503784e-02
3.536339849233627319e-02
7.479425519704818726e-02
7.803513854742050171e-02
7.454708963632583618e-02
1.142283976078033447e-01
3.033675253391265869e-02
8.938646912574768066e-01
8.832559585571289062e-01
3.101953677833080292e-02
2.444711327552795410e-02
1.058731749653816223e-01
2.702712826430797577e-02
1.257101744413375854e-01
2.595087587833404541e-01
8.769044280052185059e-02
5.279166251420974731e-02
7.864531874656677246e-02
2.374434843659400940e-02
1.033012419939041138e-01
4.956588149070739746e-02
8.592528104782104492e-02
2.802096903324127197e-01
2.742673754692077637e-01
1.520707458257675171e-01
5.011890828609466553e-02
6.791441142559051514e-02
3.290924802422523499e-02
5.704748257994651794e-02
3.766648471355438232e-02
8.858018368482589722e-02
8.330517262220382690e-02
1.397518664598464966e-01
1.233386099338531494e-01
1.275206506252288818e-01
1.106935515999794006e-01
4.358761757612228394e-02
1.248041912913322449e-01
9.324751049280166626e-02
6.952597945928573608e-02
4.753823280334472656e-01
3.579007461667060852e-02
1.387639492750167847e-01
1.189630478620529175e-01
7.938568294048309326e-02
5.571414157748222351e-02
1.663673669099807739e-01
7.940632849931716919e-02
1.399703770875930786e-01
5.314360931515693665e-02
9.458380192518234253e-02
4.893209785223007202e-02
9.889787435531616211e-02
5.324948579072952271e-02
4.869393259286880493e-02
6.123061478137969971e-02
1.078728735446929932e-01
7.456159591674804688e-01
9.997554421424865723e-01
4.534168839454650879e-01
6.389070302248001099e-02
2.117440253496170044e-01
1.314453333616256714e-01
6.868292093276977539e-01
9.916442036628723145e-01
5.640778318047523499e-02
1.738782413303852081e-02
2.152236402034759521e-01
1.113096773624420166e-01
1.043560579419136047e-01
6.970362365245819092e-02
1.226182132959365845e-01
1.324428021907806396e-01
8.627448230981826782e-02
3.873463347554206848e-02
8.490191400051116943e-02
1.125444769859313965e-01
1.167346760630607605e-01
1.474373191595077515e-01
8.807022124528884888e-02
5.996359139680862427e-02
1.381782591342926025e-01
5.668134614825248718e-02
2.246138304471969604e-01
6.906775385141372681e-02
9.116258472204208374e-02
1.774386167526245117e-01
9.883931279182434082e-02
1.793819814920425415e-01
5.631286278367042542e-02
7.959916442632675171e-02
9.139069914817810059e-02
1.294780224561691284e-01
1.491821259260177612e-01
4.971451684832572937e-02
1.525456011295318604e-01
3.659437224268913269e-02
6.876752525568008423e-02
1.145366355776786804e-01
4.183239489793777466e-02
5.615162476897239685e-02
5.680747330188751221e-02
8.197664469480514526e-02
3.983008563518524170e-01
1.322893053293228149e-01
1.165638789534568787e-01
4.313489049673080444e-02
9.212154150009155273e-02
2.016650289297103882e-01
1.936867386102676392e-01
7.213353365659713745e-02
9.232466667890548706e-02
1.101999729871749878e-01
3.811374306678771973e-02
6.181686371564865112e-02
2.416319772601127625e-02
1.618225276470184326e-01
5.881339311599731445e-02
3.196958005428314209e-01
1.619002521038055420e-01
2.520999610424041748e-01
7.565628737211227417e-02
2.125594578683376312e-02
1.072882488369941711e-01
1.435545235872268677e-01
3.878782689571380615e-02
1.265902221202850342e-01
8.283640444278717041e-02
7.379497587680816650e-02
6.831034272909164429e-02
1.191393062472343445e-01
1.937583461403846741e-02
2.013601176440715790e-02
8.132284134626388550e-02
5.437479168176651001e-02
8.790453523397445679e-02
5.629297345876693726e-02
1.109878942370414734e-01
1.783419102430343628e-01
4.813232645392417908e-02
1.030899882316589355e-01
2.978754788637161255e-02
1.550178527832031250e-01
8.202236145734786987e-02
9.421802312135696411e-02
2.588041871786117554e-02
3.783318400382995605e-02
7.535723596811294556e-02
1.497469991445541382e-01
1.566512696444988251e-02
1.703455150127410889e-01
7.771330326795578003e-02
6.110996007919311523e-02
6.721580028533935547e-02
1.077990159392356873e-01
4.815146699547767639e-02
2.771010696887969971e-01
3.862981498241424561e-02
3.295990824699401855e-01
1.778113096952438354e-01
4.661622643470764160e-02
3.343003988265991211e-02
2.291463762521743774e-01
9.034171700477600098e-02
1.567103415727615356e-01
6.099321693181991577e-02
6.982367485761642456e-02
8.244593441486358643e-02
7.166983932256698608e-02
4.897559806704521179e-02
9.674581140279769897e-02
5.352637544274330139e-02
8.018601536750793457e-01
8.101581931114196777e-01
8.111312985420227051e-02
1.893698424100875854e-02
7.075651735067367554e-02
9.613335132598876953e-01
2.166561186313629150e-01
8.824441581964492798e-02
8.778244256973266602e-02
8.852705359458923340e-02
4.097434580326080322e-01
1.089222058653831482e-01
1.633476465940475464e-01
4.980410039424896240e-01
7.736671715974807739e-02
4.424290731549263000e-02
5.664268136024475098e-02
3.906533122062683105e-02
4.602624848484992981e-02
5.910263210535049438e-02
3.426152467727661133e-02
1.073941662907600403e-01
7.096807658672332764e-02
2.504644095897674561e-01
8.472943305969238281e-01
9.779919683933258057e-02
1.300117969512939453e-01
4.160002171993255615e-01
2.214550226926803589e-01
4.602526500821113586e-02
6.906237453222274780e-02
8.784493058919906616e-02
1.227084100246429443e-01
6.079196184873580933e-02
7.220758497714996338e-02
1.496435403823852539e-01
9.737849235534667969e-01
2.498109638690948486e-01
3.889963403344154358e-02
8.706571906805038452e-02
3.603400662541389465e-02
1.430893782526254654e-02
8.271618932485580444e-02
8.414901494979858398e-01
4.957262873649597168e-01
7.473593354225158691e-01
6.148370727896690369e-02
5.493188276886940002e-02
1.147172003984451294e-01
9.600224345922470093e-02
6.787625700235366821e-02
6.221004948019981384e-02
6.229232251644134521e-02
7.938418537378311157e-02
9.045252203941345215e-02
5.183200165629386902e-02
1.083166524767875671e-01
9.622617810964584351e-02
2.185371518135070801e-01
1.827009767293930054e-01
4.364636540412902832e-01
1.103924363851547241e-01
4.232268780469894409e-02
6.278673559427261353e-02
6.767125427722930908e-02
1.076431646943092346e-01
6.333874166011810303e-02
7.240970432758331299e-02
7.178623229265213013e-02
6.882616877555847168e-02
3.475045785307884216e-02
3.943770751357078552e-02
6.002824380993843079e-02
4.078067094087600708e-02
5.648394674062728882e-02
5.389326810836791992e-02
8.687182515859603882e-02
3.878270462155342102e-02
6.167082861065864563e-02
5.582046136260032654e-02
4.871853440999984741e-02
1.158153042197227478e-01
2.683892101049423218e-02
8.421020209789276123e-02
1.033846884965896606e-01
2.237834781408309937e-01
1.592403501272201538e-01
1.223275661468505859e-01
7.915256172418594360e-02
7.578857988119125366e-02
3.343798965215682983e-02
1.004238277673721313e-01
8.681368827819824219e-02
9.142437577247619629e-02
9.683582931756973267e-02
4.725912958383560181e-02
6.770160049200057983e-02
1.292863637208938599e-01
1.454011797904968262e-01
8.788219094276428223e-02
6.047163531184196472e-02
1.242266744375228882e-01
3.067045509815216064e-01
1.300228480249643326e-02
8.707249164581298828e-01
5.611653327941894531e-01
8.291516453027725220e-02
1.744240336120128632e-02
2.030893564224243164e-01
7.690420001745223999e-02
4.744521901011466980e-02
5.665895342826843262e-02
5.156916379928588867e-02
4.614142328500747681e-02
1.381144076585769653e-01
5.096780657768249512e-01
2.204599417746067047e-02
1.155923381447792053e-01
1.613689661026000977e-01
6.641739606857299805e-02
5.541444197297096252e-02
1.747926920652389526e-01
8.796300739049911499e-02
6.429696083068847656e-02
5.681996047496795654e-02
1.284202784299850464e-01
8.761406689882278442e-02
5.285876244306564331e-02
4.504418745636940002e-02
6.508299708366394043e-02
4.135366901755332947e-02
1.853045523166656494e-01
7.015065103769302368e-02
8.020829409360885620e-02
3.640489578247070312e-01
5.765742808580398560e-02
4.703440517187118530e-02
5.078233405947685242e-02
6.086629256606101990e-02
1.404357701539993286e-01
4.288949817419052124e-02
4.396546632051467896e-02
9.693379700183868408e-02
4.495891556143760681e-02
6.096450611948966980e-02
2.024562284350395203e-02
3.121453151106834412e-02
4.461302980780601501e-02
1.770237237215042114e-01
8.034293353557586670e-02
7.159928232431411743e-02
2.478904649615287781e-02
9.156444668769836426e-02
1.149997487664222717e-01
2.223878353834152222e-02
4.010818004608154297e-01
4.976117908954620361e-01
8.187500387430191040e-02
9.506185352802276611e-02
3.175256028771400452e-02
4.162884876132011414e-02
7.254099845886230469e-02
5.493156984448432922e-02
9.882266819477081299e-02
4.893271997570991516e-02
1.198959276080131531e-01
5.691408365964889526e-02
4.757122322916984558e-02
1.393507122993469238e-01
1.448549777269363403e-01
1.609967648983001709e-01
1.362813860177993774e-01
9.917125850915908813e-02
1.256121993064880371e-01
1.560708135366439819e-01
2.175491005182266235e-01
7.489203214645385742e-01
1.086548715829849243e-01
9.054416418075561523e-02
6.004067137837409973e-02
7.909765094518661499e-02
6.015244498848915100e-02
5.391827225685119629e-02
5.763101205229759216e-02
5.692797154188156128e-02
5.648795142769813538e-02
1.079315096139907837e-01
7.499180734157562256e-02
8.243175595998764038e-02
4.300154373049736023e-02
2.469082176685333252e-01
2.051889300346374512e-01
3.776346892118453979e-02
6.267479062080383301e-02
7.472097128629684448e-02
3.239423036575317383e-02
1.258392781019210815e-01
8.218543231487274170e-02
6.758494675159454346e-02
4.691760614514350891e-02
5.861480906605720520e-02
1.480674445629119873e-01
9.056401252746582031e-02
4.514850676059722900e-02
3.385187312960624695e-02
1.263913959264755249e-01
3.685167431831359863e-02
8.159596472978591919e-02
8.804848045110702515e-02
2.301951348781585693e-01
2.313661724328994751e-01
7.349634170532226562e-02
7.864549010992050171e-02
6.449537724256515503e-02
5.683043599128723145e-02
6.706387549638748169e-02
7.773616909980773926e-01
6.263758540153503418e-01
5.470851436257362366e-02
5.690753087401390076e-02
4.266088083386421204e-02
9.194097667932510376e-02
5.462653934955596924e-02
1.050659269094467163e-01
6.938052177429199219e-02
1.289942264556884766e-01
8.075520396232604980e-02
4.519325122237205505e-02
3.538635000586509705e-02
1.073081195354461670e-01
8.537253737449645996e-02
1.098706126213073730e-01
5.228974670171737671e-02
7.725280523300170898e-01
1.159493103623390198e-01
1.614975929260253906e-02
6.233463436365127563e-02
4.442247375845909119e-02
3.118980228900909424e-01
5.035363510251045227e-02
6.603690981864929199e-02
4.687311127781867981e-02
4.165930673480033875e-02
1.467865407466888428e-01
1.691574305295944214e-01
1.352673303335905075e-02
8.821257203817367554e-02
9.593651443719863892e-02
2.632426656782627106e-02
1.066603735089302063e-01
7.023000121116638184e-01
7.569940388202667236e-02
5.736497044563293457e-02
7.433377206325531006e-02
4.827116429805755615e-02
6.883426755666732788e-02
1.044243350625038147e-01
3.677869588136672974e-02
5.785027146339416504e-02
5.849362909793853760e-02
7.359885424375534058e-02
1.030948832631111145e-01
8.070590347051620483e-02
8.847721666097640991e-02
6.360819190740585327e-02
1.705729365348815918e-01
6.860231608152389526e-02
3.633102178573608398e-01
6.507601588964462280e-02
1.239734515547752380e-01
4.850304499268531799e-02
1.117480546236038208e-01
4.961812123656272888e-02
5.339000001549720764e-02
1.225815713405609131e-01
4.537070915102958679e-02
4.831006377935409546e-02
9.466037899255752563e-02
2.158076614141464233e-01
2.501685321331024170e-01
4.665504097938537598e-01
3.088524937629699707e-01
1.477786600589752197e-01
8.251386135816574097e-02
6.538420915603637695e-01
1.097389161586761475e-01
8.411841839551925659e-02
3.783844411373138428e-02
7.309160828590393066e-01
8.256328105926513672e-02
1.365875899791717529e-01
7.833317667245864868e-02
5.021978542208671570e-02
1.397946625947952271e-01
3.264792561531066895e-01
3.290443494915962219e-02
7.386492937803268433e-02
1.136442571878433228e-01
2.456665225327014923e-02
6.160235032439231873e-02
6.375060230493545532e-02
9.078361988067626953e-01
1.229199469089508057e-01
7.942913472652435303e-02
3.647537901997566223e-02
1.757379919290542603e-01
5.763256549835205078e-02
2.972836494445800781e-01
1.010328903794288635e-01
4.145300760865211487e-02
1.542657464742660522e-01
5.611529573798179626e-02
7.851629704236984253e-02
5.976675823330879211e-02
1.050956547260284424e-01
8.287177681922912598e-01
4.437537491321563721e-02
3.144395351409912109e-02
1.117801815271377563e-01
5.547710657119750977e-01
2.750114500522613525e-01
2.543804608285427094e-02
1.293551772832870483e-01
4.633487388491630554e-02
5.482850223779678345e-02
1.569266170263290405e-01
1.695822179317474365e-02
4.621850699186325073e-02
2.399670332670211792e-02
4.449093341827392578e-01
4.117521345615386963e-01
9.351956844329833984e-02
3.311831131577491760e-02
1.340568959712982178e-01
5.846190452575683594e-02
3.294606879353523254e-02
4.276267066597938538e-02
5.293601751327514648e-01
2.094725072383880615e-01
7.776955515146255493e-02
1.245697364211082458e-01
5.935348942875862122e-02
1.153229847550392151e-01
9.099552035331726074e-02
6.538246572017669678e-02
1.753319054841995239e-01
1.588826924562454224e-01
3.209604620933532715e-01
1.780789345502853394e-01
1.117845550179481506e-01
1.209015771746635437e-01
5.763307213783264160e-02
4.546172171831130981e-02
5.365643650293350220e-02
7.118136435747146606e-02
2.112689800560474396e-02
9.972728043794631958e-02
1.132061928510665894e-01
5.225084349513053894e-02
4.936392232775688171e-02
3.683143854141235352e-02
6.560003012418746948e-02
4.053880646824836731e-02
5.233101844787597656e-01
5.605200305581092834e-02
5.529595538973808289e-02
1.087067425251007080e-01
6.493944674730300903e-02
4.909997060894966125e-02
4.969706013798713684e-02
3.827048242092132568e-01
1.098667457699775696e-01
1.760630160570144653e-01
1.708849072456359863e-01
5.320311710238456726e-02
5.302904546260833740e-02
4.954114183783531189e-02
8.856974542140960693e-02
6.353113800287246704e-02
1.628972887992858887e-01
9.475225210189819336e-02
4.749648645520210266e-02
2.013574540615081787e-01
1.690599024295806885e-01
2.713813781738281250e-01
3.575317561626434326e-01
1.775640696287155151e-01
1.748446673154830933e-01
7.016392350196838379e-01
4.251409769058227539e-01
1.343813389539718628e-01
7.255379855632781982e-02
7.872532308101654053e-02
8.070982992649078369e-02
4.532883688807487488e-02
2.372785955667495728e-01
1.593064069747924805e-01
1.023657694458961487e-01
3.073399327695369720e-02
1.800656765699386597e-01
7.903766632080078125e-02
1.600026041269302368e-01
1.083440706133842468e-01
1.356976032257080078e-01
3.358234092593193054e-02
2.122023105621337891e-01
9.610116481781005859e-01
8.555783629417419434e-01
3.938976675271987915e-02
4.032883048057556152e-01
6.496719270944595337e-02
1.116298139095306396e-01
4.581912606954574585e-02
4.038017988204956055e-02
8.067904412746429443e-02
2.174721658229827881e-01
1.313484013080596924e-01
2.244952470064163208e-01
7.114236056804656982e-02
5.315673947334289551e-01
9.637373685836791992e-01
1.295343637466430664e-01
7.505802065134048462e-02
1.200792267918586731e-01
3.847756981849670410e-02
3.867869824171066284e-02
4.659674689173698425e-02
5.348264425992965698e-02
5.442303791642189026e-02
1.247434243559837341e-01
2.578325271606445312e-01
8.903074264526367188e-02
7.306185364723205566e-01
9.187791347503662109e-01
1.504549682140350342e-01
2.344690263271331787e-01
1.067674458026885986e-01
1.183123514056205750e-02
3.194651007652282715e-02
1.429328471422195435e-01
7.385858893394470215e-02
8.419591188430786133e-02
6.567445397377014160e-02
5.542016029357910156e-02
2.041988521814346313e-01
3.936078771948814392e-02
7.112961262464523315e-02
9.959090501070022583e-02
8.103556931018829346e-02
3.846002742648124695e-02
5.374034866690635681e-02
2.783364243805408478e-02
2.230071648955345154e-02
3.859518095850944519e-02
6.438504159450531006e-02
4.651722311973571777e-02
1.768195033073425293e-01
1.067994609475135803e-01
3.087397217750549316e-01
3.365948796272277832e-01
8.825442939996719360e-02
6.370670348405838013e-02
7.554961740970611572e-02
5.886378884315490723e-02
3.326956927776336670e-02
5.675323307514190674e-02
2.699353545904159546e-02
4.457189142704010010e-02
6.936065107583999634e-02
7.720628380775451660e-02
5.484387278556823730e-02
5.421597510576248169e-02
1.122677922248840332e-01
2.825505286455154419e-02
3.316704556345939636e-02
3.046656027436256409e-02
4.014153480529785156e-01
7.853712141513824463e-02
1.135525926947593689e-01
6.181514635682106018e-02
7.315366715192794800e-02
6.017695739865303040e-02
7.172295451164245605e-02
6.039695814251899719e-02
7.496199011802673340e-02
2.259005978703498840e-02
1.155332699418067932e-01
1.292109936475753784e-01
7.387240231037139893e-02
1.204012557864189148e-01
5.115384608507156372e-02
8.135428279638290405e-02
1.277423053979873657e-01
3.949039429426193237e-02
4.250759631395339966e-02
6.219576597213745117e-01
4.789744317531585693e-02
1.714971214532852173e-01
1.180453151464462280e-01
6.124071404337882996e-02
6.773467361927032471e-02
9.750866144895553589e-02
8.147306740283966064e-02
9.658681601285934448e-02
1.101414263248443604e-01
1.068519726395606995e-01
8.141835033893585205e-02
6.695761531591415405e-02
3.609168902039527893e-02
5.001199617981910706e-02
5.610606446862220764e-02
2.591955289244651794e-02
4.794418439269065857e-02
1.731841415166854858e-01
1.401604712009429932e-01
1.686097085475921631e-01
4.994021728634834290e-02
4.821540042757987976e-02
4.882470518350601196e-02
1.062071230262517929e-02
4.714832454919815063e-02
2.386258095502853394e-01
1.693460792303085327e-01
7.412085682153701782e-02
5.898344889283180237e-02
3.249693661928176880e-02
1.256899684667587280e-01
5.713905692100524902e-01
5.352134704589843750e-01
4.666691720485687256e-01
2.456287741661071777e-01
5.849835649132728577e-02
5.471821129322052002e-02
7.500756531953811646e-02
6.882717460393905640e-02
5.127367004752159119e-02
2.497470565140247345e-02
8.294989913702011108e-02
3.884723037481307983e-02
1.878042966127395630e-01
9.437299519777297974e-02
3.282387554645538330e-02
9.228433668613433838e-02
1.474976092576980591e-01
4.181178286671638489e-02
8.084309846162796021e-02
6.640835106372833252e-02
1.989729255437850952e-01
9.915881752967834473e-01
9.727653115987777710e-02
1.163258776068687439e-01
9.622433036565780640e-02
5.504428967833518982e-02
4.022955521941184998e-02
7.882615923881530762e-02
1.116495057940483093e-01
2.551443874835968018e-02
5.138495191931724548e-02
7.160764932632446289e-02
6.761046051979064941e-01
3.572839125990867615e-02
6.826747208833694458e-02
4.160514771938323975e-01
2.549573220312595367e-02
3.716698288917541504e-02
6.201129406690597534e-02
1.106468066573143005e-01
1.212751492857933044e-01
3.987878561019897461e-02
5.021647736430168152e-02
4.506028071045875549e-02
5.150692909955978394e-02
6.322736293077468872e-02
4.869983717799186707e-02
7.334146648645401001e-02
2.162481397390365601e-01
3.269425630569458008e-01
3.214944601058959961e-01
5.481406673789024353e-02
8.123517036437988281e-01
1.348055303096771240e-01
3.458859026432037354e-01
5.393334031105041504e-01
3.534651920199394226e-02
1.073647290468215942e-01
7.535232305526733398e-01
5.831036344170570374e-02
5.411348864436149597e-02
7.445208728313446045e-02
1.091156974434852600e-01
8.623956888914108276e-02
7.629602402448654175e-02
1.906439960002899170e-01
1.107521653175354004e-01
9.147746860980987549e-02
3.290309011936187744e-01
4.820702672004699707e-01
4.322343692183494568e-02
5.606853961944580078e-02
9.531684964895248413e-02
5.761392042040824890e-02
1.868900656700134277e-02
5.042137205600738525e-02
1.090311259031295776e-01
6.289544701576232910e-02
8.660777658224105835e-02
3.395440429449081421e-02
7.881408184766769409e-02
8.743100613355636597e-02
1.556650251150131226e-01
7.761917263269424438e-02
9.481430053710937500e-02
8.923701196908950806e-02
6.268615275621414185e-02
9.367534518241882324e-02
2.535045705735683441e-02
6.260966509580612183e-02
7.896245270967483521e-02
6.900342553853988647e-02
3.887490928173065186e-02
5.959203094244003296e-02
7.715237140655517578e-02
4.654517471790313721e-01
4.824154451489448547e-02
1.682657301425933838e-01
8.098636567592620850e-02
1.035300642251968384e-01
1.038662493228912354e-01
4.379218444228172302e-02
1.357367336750030518e-01
5.633993074297904968e-02
1.417493522167205811e-01
5.061865225434303284e-02
2.977813780307769775e-02
1.323930323123931885e-01
2.583955228328704834e-01
4.161261767148971558e-02
1.562612503767013550e-01
2.697627432644367218e-02
1.708571799099445343e-02
9.710040688514709473e-02
4.023572057485580444e-02
7.080313563346862793e-02
6.942909955978393555e-02
7.802519947290420532e-02
6.015143916010856628e-02
5.978188291192054749e-02
9.367614239454269409e-02
1.073741391301155090e-01
7.310416549444198608e-02
5.428467318415641785e-02
1.304211020469665527e-01
4.003727063536643982e-02
6.779171228408813477e-01
6.660134196281433105e-01
2.419550269842147827e-01
3.642815724015235901e-02
7.774284482002258301e-02
6.958287209272384644e-02
4.288385435938835144e-02
1.484849750995635986e-01
1.175880581140518188e-01
8.829335868358612061e-02
6.008011102676391602e-02
4.632191658020019531e-01
1.370553225278854370e-01
4.457061365246772766e-02
4.792083427309989929e-02
6.204304471611976624e-02
4.381565004587173462e-02
8.418118953704833984e-02
4.901512712240219116e-02
1.093997210264205933e-01
6.132892891764640808e-02
8.005321770906448364e-02
5.988639220595359802e-02
6.774399429559707642e-02
4.658132791519165039e-01
2.996364235877990723e-02
7.494621723890304565e-02
7.136266678571701050e-02
6.992209702730178833e-02
2.856814265251159668e-01
7.933378964662551880e-02
1.065202429890632629e-01
1.752124726772308350e-01
4.711146280169487000e-02
6.862758845090866089e-02
5.111221596598625183e-02
1.395420432090759277e-01
6.778509616851806641e-01
5.895235016942024231e-02
5.449707433581352234e-02
4.261941835284233093e-02
7.500269263982772827e-02
1.850970238447189331e-01
7.029805332422256470e-02
1.813844442367553711e-01
2.891810424625873566e-02
6.551137566566467285e-02
7.369361817836761475e-02
1.376610249280929565e-01
1.370602101087570190e-01
6.926391273736953735e-02
3.879903629422187805e-02
1.459852010011672974e-01
7.113493978977203369e-02
7.158842682838439941e-02
6.645177304744720459e-02
7.612134516239166260e-02
1.912163794040679932e-01
1.061254069209098816e-01
1.553873866796493530e-01
8.778440766036510468e-03
7.682394236326217651e-02
6.716030836105346680e-02
6.299279630184173584e-02
1.241535767912864685e-01
3.532623127102851868e-02
4.669857770204544067e-02
3.211718201637268066e-01
4.323726892471313477e-01
2.772259414196014404e-01
4.072084724903106689e-01
5.773923918604850769e-02
6.374359130859375000e-02
1.628690026700496674e-02
3.709548339247703552e-02
8.176245540380477905e-02
1.104595810174942017e-01
1.305936425924301147e-01
6.475870311260223389e-02
6.041618064045906067e-02
3.967497870326042175e-02
5.118492990732192993e-02
8.469598740339279175e-02
1.097522452473640442e-01
1.557055711746215820e-01
2.737777680158615112e-02
1.030945107340812683e-01
9.952000528573989868e-02
4.692878946661949158e-02
5.600617080926895142e-02
4.317380115389823914e-02
3.755510970950126648e-02
6.328368932008743286e-02
7.252203673124313354e-02
4.878449440002441406e-02
8.349541574716567993e-02
1.540579646825790405e-01
9.608415514230728149e-02
5.993393808603286743e-02
1.630929298698902130e-02
4.241464287042617798e-02
9.234425425529479980e-02
1.190566569566726685e-01
1.029354259371757507e-01
1.166288033127784729e-01
4.641000553965568542e-02
1.307740360498428345e-01
3.787621855735778809e-02
6.132042035460472107e-02
1.744886189699172974e-01
7.471933960914611816e-02
4.821958541870117188e-01
8.204309642314910889e-02
6.548121571540832520e-02
2.147919088602066040e-01
1.349264532327651978e-01
1.179054155945777893e-01
1.848216950893402100e-01
6.329151391983032227e-01
7.699450850486755371e-01
9.957231283187866211e-01
9.988675117492675781e-01
2.932085990905761719e-01
7.214625924825668335e-02
9.954136013984680176e-01
9.999691247940063477e-01
4.689089059829711914e-01
7.089470326900482178e-02
8.883370459079742432e-02
7.292994111776351929e-02
1.166238114237785339e-01
4.970854893326759338e-02
5.259014293551445007e-02
1.299048960208892822e-01
8.902074396610260010e-02
1.421667039394378662e-01
2.012953758239746094e-01
2.228191047906875610e-01
4.791044816374778748e-02
2.705100364983081818e-02
6.193549558520317078e-02
1.674706190824508667e-01
9.481801837682723999e-02
2.795078977942466736e-02
7.187867164611816406e-02
5.607082322239875793e-02
1.420384347438812256e-01
5.828144028782844543e-02
7.953974604606628418e-02
5.227046832442283630e-02
5.286408960819244385e-02
6.619740277528762817e-02
9.126280248165130615e-02
2.473866492509841919e-01
3.914355486631393433e-02
1.006496325135231018e-01
2.270990461111068726e-01
7.568261772394180298e-02
3.125960379838943481e-02
2.373360395431518555e-01
1.028305292129516602e-01
7.570545375347137451e-02
5.942483544349670410e-01
1.221954748034477234e-01
6.112520396709442139e-02
9.248564392328262329e-02
6.392429023981094360e-02
1.172474399209022522e-01
3.835341930389404297e-01
5.143393576145172119e-02
1.925254464149475098e-01
4.352859407663345337e-02
1.435214579105377197e-01
1.085947379469871521e-01
8.065195381641387939e-02
5.592570453882217407e-02
1.240322142839431763e-01
1.078121587634086609e-01
5.582782626152038574e-02
6.270411610603332520e-02
7.826024293899536133e-02
5.549668669700622559e-01
7.335728406906127930e-02
1.206150949001312256e-01
2.269293814897537231e-01
8.051262050867080688e-02
6.527534872293472290e-02
8.727328777313232422e-01
1.844524741172790527e-01
3.869360685348510742e-02
1.754210591316223145e-01
7.498714327812194824e-02
4.467840492725372314e-02
1.476810276508331299e-01
9.145811200141906738e-02
7.848130166530609131e-02
1.291059404611587524e-01
5.540103837847709656e-02
6.277278065681457520e-02
1.111069917678833008e-01
1.930491253733634949e-02
3.651960566639900208e-02
1.726932451128959656e-02
2.723720371723175049e-01
6.092403456568717957e-02
1.188640668988227844e-01
5.527213215827941895e-02
1.510161310434341431e-01
8.446118980646133423e-02
7.995512336492538452e-02
7.882512360811233521e-02
1.318100392818450928e-01
1.047739312052726746e-01
4.022766649723052979e-02
3.418172523379325867e-02
1.257661134004592896e-01
6.440442055463790894e-02
1.724110692739486694e-01
6.015653163194656372e-02
7.809764146804809570e-01
6.440220773220062256e-02
5.892673507332801819e-02
4.481216147541999817e-02
1.091893240809440613e-01
7.197506725788116455e-02
1.016003265976905823e-01
6.181314215064048767e-02
4.323301836848258972e-02
8.762336522340774536e-02
1.386312097311019897e-01
4.922820255160331726e-02
5.721500515937805176e-02
1.425114125013351440e-01
1.439253091812133789e-01
7.463634014129638672e-02
7.041423320770263672e-01
1.533127725124359131e-01
5.826876312494277954e-02
5.052139982581138611e-02
6.111252307891845703e-02
9.882323443889617920e-02
1.401814520359039307e-01
6.759551167488098145e-02
1.971562355756759644e-01
1.360314190387725830e-01
1.359656304121017456e-01
1.220426708459854126e-01
3.875794112682342529e-01
5.035456418991088867e-01
6.429744511842727661e-02
7.472408562898635864e-02
6.162206083536148071e-02
4.017719626426696777e-02
1.749358177185058594e-01
5.506907030940055847e-02
6.693281978368759155e-02
9.183376282453536987e-02
1.198832914233207703e-01
3.407742679119110107e-01
7.900579273700714111e-02
5.075087398290634155e-02
4.347605630755424500e-02
9.752876162528991699e-01
9.998273849487304688e-01
4.332499578595161438e-02
9.495983123779296875e-01
6.104803681373596191e-01
2.730379402637481689e-01
1.274625808000564575e-01
8.401734381914138794e-02
1.692223399877548218e-01
8.572867512702941895e-02
2.687886916100978851e-02
6.621004641056060791e-02
6.895772814750671387e-01
5.886190012097358704e-02
7.874344289302825928e-02
1.892879754304885864e-01
8.184374123811721802e-02
9.670448303222656250e-02
8.584812283515930176e-02
7.564393430948257446e-02
9.202353656291961670e-02
8.143433928489685059e-02
6.834403425455093384e-02
8.439354598522186279e-02
5.216753855347633362e-02
5.899696052074432373e-02
3.948282822966575623e-02
7.454954087734222412e-02
4.995079711079597473e-02
2.762433513998985291e-02
1.190037578344345093e-01
5.241061374545097351e-02
7.527190446853637695e-02
1.021949723362922668e-01
2.273759432137012482e-02
5.647216737270355225e-02
1.224666684865951538e-01
5.695846676826477051e-02
1.155626550316810608e-01
6.411238014698028564e-02
2.460758686065673828e-01
1.191444322466850281e-01
5.776827409863471985e-02
4.069251567125320435e-02
5.676006525754928589e-02
6.210863590240478516e-02
5.400339141488075256e-02
1.487148851156234741e-01
3.047928772866725922e-02
8.464115113019943237e-02
1.703737229108810425e-01
1.358081549406051636e-01
1.527801901102066040e-01
6.177878379821777344e-02
9.577962011098861694e-02
1.185364201664924622e-01
1.519061625003814697e-01
4.043705388903617859e-02
2.630575746297836304e-02
5.198616907000541687e-02
5.161216109991073608e-02
1.001965925097465515e-01
4.123513996601104736e-01
2.465959638357162476e-01
9.433434903621673584e-02
6.398152559995651245e-02
1.017635688185691833e-01
1.333457380533218384e-01
7.221798598766326904e-02
1.134709566831588745e-01
6.877706199884414673e-02
3.978756442666053772e-02
1.759902834892272949e-01
9.235122054815292358e-02
4.694172367453575134e-02
8.609020709991455078e-02
1.110772043466567993e-01
1.123298257589340210e-01
1.481344550848007202e-01
9.640941768884658813e-02
2.216647416353225708e-01
3.514646366238594055e-02
6.600793600082397461e-01
1.703498810529708862e-01
1.667111515998840332e-01
4.898053035140037537e-02
1.028260886669158936e-01
6.946122646331787109e-02
9.060651808977127075e-02
8.170136809349060059e-02
1.998298317193984985e-01
1.134852692484855652e-01
3.953659534454345703e-02
6.906517595052719116e-02
9.574742615222930908e-02
5.918569862842559814e-02
3.472822532057762146e-02
3.948181495070457458e-02
7.292483448982238770e-01
1.580625772476196289e-01
6.601929664611816406e-02
1.105430498719215393e-01
6.172659397125244141e-01
4.656942561268806458e-02
8.125998824834823608e-02
1.087956428527832031e-01
5.810040608048439026e-02
2.815919741988182068e-02
6.755041331052780151e-02
4.925509542226791382e-02
4.515969157218933105e-01
5.726503133773803711e-01
1.199610605835914612e-01
5.936001986265182495e-02
9.356622397899627686e-02
5.218306556344032288e-02
1.678805947303771973e-01
7.394866645336151123e-02
3.019104711711406708e-02
3.003435954451560974e-02
4.714899137616157532e-02
5.138249695301055908e-02
8.066990226507186890e-02
6.887453049421310425e-02
4.666759073734283447e-02
1.878500171005725861e-02
1.466341912746429443e-01
1.766772717237472534e-01
9.998835325241088867e-01
1.363288164138793945e-01
8.047490715980529785e-01
4.473651647567749023e-01
8.600986003875732422e-01
9.930722117424011230e-01
4.028405249118804932e-02
1.344730556011199951e-01
7.697709649801254272e-02
3.635532781481742859e-02
6.706574559211730957e-02
4.881634563207626343e-02
6.599090248346328735e-02
1.044915765523910522e-01
2.986687980592250824e-02
4.918449372053146362e-02
5.279592052102088928e-02
6.705272197723388672e-02
3.531002625823020935e-02
1.618478149175643921e-01
1.185711324214935303e-01
9.169088304042816162e-02
1.531555596739053726e-02
7.683102786540985107e-02
3.746939077973365784e-02
8.025062084197998047e-02
2.831544876098632812e-01
7.864208519458770752e-02
2.949035726487636566e-02
1.209521442651748657e-01
3.416771069169044495e-02
6.770468503236770630e-02
9.120804071426391602e-02
1.111903339624404907e-01
7.210011780261993408e-02
9.302805364131927490e-02
7.016265392303466797e-02
1.083443015813827515e-01
7.572091817855834961e-01
1.016337350010871887e-01
9.275898337364196777e-02
1.160275712609291077e-01
2.433567307889461517e-02
8.405582606792449951e-02
4.864339530467987061e-02
7.832742482423782349e-02
6.690689921379089355e-02
3.824938237667083740e-01
4.595430791378021240e-01
4.025020077824592590e-02
1.021628230810165405e-01
6.451313942670822144e-02
8.047464489936828613e-02
6.413484364748001099e-02
1.538009494543075562e-01
3.293955624103546143e-01
1.089629456400871277e-01
7.375805824995040894e-02
4.718549549579620361e-02
9.524956345558166504e-02
3.081432543694972992e-02
8.657793700695037842e-02
5.102477595210075378e-02
2.491585537791252136e-02
7.580337524414062500e-01
5.942814946174621582e-01
7.879231870174407959e-02
5.112862586975097656e-02
8.693904429674148560e-02
4.691225290298461914e-02
1.148278713226318359e-01
9.476000070571899414e-01
4.215064644813537598e-02
3.458577021956443787e-02
1.014542877674102783e-01
2.913920767605304718e-02
6.019162535667419434e-01
2.055234089493751526e-02
3.863328322768211365e-02
8.254186064004898071e-02
1.336514055728912354e-01
1.305781453847885132e-01
6.450731158256530762e-01
9.863878488540649414e-01
2.856368124485015869e-01
4.726302325725555420e-01
5.483970791101455688e-02
5.012225732207298279e-02
1.630895137786865234e-01
5.525391176342964172e-02
1.280213296413421631e-01
9.663995355367660522e-02
9.351978451013565063e-02
1.089771762490272522e-01
1.587055325508117676e-01
1.204532757401466370e-01
6.839414685964584351e-02
5.294243246316909790e-02
6.504979729652404785e-02
9.969200938940048218e-02
8.320315182209014893e-02
1.713908165693283081e-01
8.349005877971649170e-02
8.538800477981567383e-02
2.865793928503990173e-02
3.760470077395439148e-02
5.953945592045783997e-02
4.796315729618072510e-02
7.059156149625778198e-02
1.007406339049339294e-01
9.235218167304992676e-02
2.124572396278381348e-01
1.799963861703872681e-01
5.464070662856101990e-02
1.027230471372604370e-01
8.398792147636413574e-01
9.783040285110473633e-01
1.318203210830688477e-01
7.245490700006484985e-02
1.426348090171813965e-01
9.185159802436828613e-01
6.185927987098693848e-01
1.759825460612773895e-02
1.645816266536712646e-01
4.459856450557708740e-02
6.799954921007156372e-02
4.613260030746459961e-01
2.244379222393035889e-01
1.765596419572830200e-01
5.364703387022018433e-02
6.863350421190261841e-02
6.398643553256988525e-02
3.244376182556152344e-02
1.004219502210617065e-01
5.555319041013717651e-02
9.231935441493988037e-02
7.155665010213851929e-02
9.839977324008941650e-02
8.629219233989715576e-02
1.481744349002838135e-01
5.482174083590507507e-02
9.836488217115402222e-02
1.064361110329627991e-01
8.736190199851989746e-02
1.892914474010467529e-01
2.149357795715332031e-01
7.251550257205963135e-02
1.033554300665855408e-01
3.054054081439971924e-02
8.704952150583267212e-02
6.239490211009979248e-02
1.026303470134735107e-01
1.728542000055313110e-01
6.187613308429718018e-02
8.415250480175018311e-02
5.621159821748733521e-02
2.584837377071380615e-01
8.440701663494110107e-02
5.495860055088996887e-02
9.381406009197235107e-02
4.880172386765480042e-02
5.802520364522933960e-02
9.411230683326721191e-02
6.673546880483627319e-02
6.643092632293701172e-02
7.900530099868774414e-02
7.312642782926559448e-02
3.124567866325378418e-02
7.333926856517791748e-02
6.279534101486206055e-02
2.829886600375175476e-02
8.862070739269256592e-02
2.414383590221405029e-01
5.342474579811096191e-01
6.846793293952941895e-01
5.688615515828132629e-02
9.640581160783767700e-02
9.781794250011444092e-02
8.978740870952606201e-02
8.101733028888702393e-02
5.794877931475639343e-02
3.917624652385711670e-01
6.302890181541442871e-02
1.044658347964286804e-01
7.455309480428695679e-02
7.738249748945236206e-02
3.407226130366325378e-02
4.182769358158111572e-02
8.462654054164886475e-02
8.425667136907577515e-02
4.221158847212791443e-02
9.822348505258560181e-02
6.841908395290374756e-02
1.091151908040046692e-01
6.078913435339927673e-02
7.137884199619293213e-02
6.327920407056808472e-02
1.132121607661247253e-01
4.836206883192062378e-02
6.178277358412742615e-02
5.067648887634277344e-01
3.848810195922851562e-01
1.672980487346649170e-01
8.405835926532745361e-02
5.943076685070991516e-02
2.767741680145263672e-02
4.794142767786979675e-02
1.272048652172088623e-01
2.328801602125167847e-01
9.995291382074356079e-02
1.599654108285903931e-01
1.039182096719741821e-01
6.049697846174240112e-02
9.297107160091400146e-02
7.252720743417739868e-02
1.156006231904029846e-01
7.040420919656753540e-02
1.174305230379104614e-01
5.305261537432670593e-02
1.602386534214019775e-01
4.359043017029762268e-02
2.987900078296661377e-01
1.751574277877807617e-01
1.034731417894363403e-01
6.491477042436599731e-02
4.588211327791213989e-02
6.322199106216430664e-02
1.229181587696075439e-01
1.201712787151336670e-01
1.000004857778549194e-01
1.241872459650039673e-01
3.322502970695495605e-02
1.272527128458023071e-01
2.433516532182693481e-01
1.219337806105613708e-01
4.271059855818748474e-02
5.033371970057487488e-02
6.412175297737121582e-02
8.607578277587890625e-02
1.475531309843063354e-01
6.437920778989791870e-02
1.458355635404586792e-01
3.511913865804672241e-02
5.693764612078666687e-02
6.822922080755233765e-02
9.108093380928039551e-02
6.983744353055953979e-02
5.572859197854995728e-02
1.837910860776901245e-01
1.729571670293807983e-01
2.630996517837047577e-02
9.005293250083923340e-02
7.508263736963272095e-02
7.668612897396087646e-02
6.303030997514724731e-02
2.980563975870609283e-02
4.968192055821418762e-02
2.056362181901931763e-01
7.336140424013137817e-02
8.550024032592773438e-02
1.607993394136428833e-01
4.035301879048347473e-02
4.056334495544433594e-02
8.261664211750030518e-02
6.825438141822814941e-02
7.131606936454772949e-01
3.236574679613113403e-02
1.361613273620605469e-01
1.171380504965782166e-01
2.224989235401153564e-01
1.196817383170127869e-01
3.426994979381561279e-01
3.166078403592109680e-02
3.561701253056526184e-02
3.270769491791725159e-02
5.085100978612899780e-02
1.174144372344017029e-01
9.901264309883117676e-02
9.487295895814895630e-02
1.046911701560020447e-01
1.001905947923660278e-01
8.117979764938354492e-02
3.495568782091140747e-02
5.243683978915214539e-02
7.055985927581787109e-02
6.134889274835586548e-02
6.654687970876693726e-02
9.264758229255676270e-02
5.353875458240509033e-02
8.522935211658477783e-02
3.660849854350090027e-02
1.215070262551307678e-01
1.724059283733367920e-01
4.171065986156463623e-02
6.234477460384368896e-02
3.894695937633514404e-01
6.437349319458007812e-02
3.160025179386138916e-01
3.729010000824928284e-02
9.032583981752395630e-02
1.521604657173156738e-01
2.140448391437530518e-01
3.963972628116607666e-02
4.409770667552947998e-02
1.054865941405296326e-01
6.321926116943359375e-01
5.119625106453895569e-02
5.715811252593994141e-02
8.947083353996276855e-02
1.440108567476272583e-01
3.200610280036926270e-01
4.404989480972290039e-01
2.593902945518493652e-01
7.335866242647171021e-02
1.216337829828262329e-01
2.409925498068332672e-02
1.512644141912460327e-01
5.791984498500823975e-02
6.483399122953414917e-02
3.197379782795906067e-02
3.569583594799041748e-02
1.285980641841888428e-01
1.188991069793701172e-01
3.718722611665725708e-02
4.411600157618522644e-02
1.348139047622680664e-01
3.827772289514541626e-02
1.296446472406387329e-01
9.912592172622680664e-02
2.213191837072372437e-01
1.103199869394302368e-01
2.874211408197879791e-02
6.546276062726974487e-02
1.474612057209014893e-01
7.749665528535842896e-02
1.079398244619369507e-01
3.869974613189697266e-02
3.710436820983886719e-02
1.105736270546913147e-01
8.575809001922607422e-02
7.598698139190673828e-02
1.038469374179840088e-01
8.322393894195556641e-02
5.028214305639266968e-02
9.668704867362976074e-02
4.667866975069046021e-02
7.809685170650482178e-02
7.602616399526596069e-02
9.304659813642501831e-02
4.074000194668769836e-02
3.334214165806770325e-02
8.628518134355545044e-02
5.256091058254241943e-02
3.557677939534187317e-02
1.169363781809806824e-01
1.015226617455482483e-01
7.028290629386901855e-02
7.451079785823822021e-02
8.917565643787384033e-02
4.493760690093040466e-02
4.792920872569084167e-02
1.122165471315383911e-01
1.426419615745544434e-01
4.995318502187728882e-02
5.212574079632759094e-02
4.438346624374389648e-02
9.471634775400161743e-02
6.285025179386138916e-02
1.653047353029251099e-01
2.681486867368221283e-02
6.777335703372955322e-02
2.055105566978454590e-02
6.536355614662170410e-02
1.592404991388320923e-01
4.355812370777130127e-01
4.088430404663085938e-01
8.126278221607208252e-02
3.809560835361480713e-02
1.246274784207344055e-01
1.005276069045066833e-01
7.537388056516647339e-02
8.394146710634231567e-02
1.535409241914749146e-01
5.667633563280105591e-02
1.946872770786285400e-01
6.115317344665527344e-02
1.161432415246963501e-01
1.978391706943511963e-01
1.061854064464569092e-01
2.263718657195568085e-02
9.091491810977458954e-03
7.845840603113174438e-02
2.608583308756351471e-02
1.021874248981475830e-01
2.954492270946502686e-01
1.060425192117691040e-01
9.084975719451904297e-02
3.736149892210960388e-02
8.016417175531387329e-02
5.227997526526451111e-02
1.261054575443267822e-01
8.298201113939285278e-02
1.555186361074447632e-01
1.370594799518585205e-01
1.368789076805114746e-01
1.037627682089805603e-01
6.188083812594413757e-02
2.265127375721931458e-02
4.397691413760185242e-02
6.682686507701873779e-02
1.504588872194290161e-01
1.255690157413482666e-01
1.192563250660896301e-01
2.575446963310241699e-01
3.996943309903144836e-02
6.421645730733871460e-02
1.622932963073253632e-02
1.128168255090713501e-01
1.367164999246597290e-01
2.447534352540969849e-02
6.150877475738525391e-02
6.238334998488426208e-02
9.474243968725204468e-02
5.835959315299987793e-02
1.638560593128204346e-01
5.620083585381507874e-02
2.110165804624557495e-01
1.144686862826347351e-01
5.583273246884346008e-02
1.244241446256637573e-01
4.110405221581459045e-02
1.305375695228576660e-01
3.006064705550670624e-02
2.751034498214721680e-01
7.121963500976562500e-01
3.160254284739494324e-02
7.079337537288665771e-02
3.381151258945465088e-01
3.870699107646942139e-01
6.080757454037666321e-02
8.819939941167831421e-02
1.178288087248802185e-01
6.689779460430145264e-02
6.654267758131027222e-02
5.528947710990905762e-02
7.487350702285766602e-02
5.094667524099349976e-02
9.972760081291198730e-02
3.629167377948760986e-02
4.690864682197570801e-02
5.934708565473556519e-02
9.515388309955596924e-02
5.603591725230216980e-02
6.579352170228958130e-02
2.790891192853450775e-02
2.794961817562580109e-02
4.038138315081596375e-02
3.588771447539329529e-02
1.969691179692745209e-02
6.537171453237533569e-02
5.754733085632324219e-02
9.583893418312072754e-02
8.652904629707336426e-02
2.911198139190673828e-01
1.135707125067710876e-01
6.364873051643371582e-02
1.114835813641548157e-01
8.426877856254577637e-02
8.852785825729370117e-02
1.573462933301925659e-01
6.046628206968307495e-02
9.328155964612960815e-02
5.309035256505012512e-02
3.661334142088890076e-02
6.117086112499237061e-02
5.676626414060592651e-02
5.905265361070632935e-02
6.214829534292221069e-02
1.273941844701766968e-01
3.374340012669563293e-02
1.359537988901138306e-01
9.787055850028991699e-02
1.151734590530395508e-01
6.696067005395889282e-02
7.694581151008605957e-02
2.762641571462154388e-02
5.705757811665534973e-02
4.933050274848937988e-02
3.631505370140075684e-02
2.400670647621154785e-01
3.320136666297912598e-01
4.677639901638031006e-01
8.444145321846008301e-01
3.413163423538208008e-01
1.203827485442161560e-01
7.006762921810150146e-02
4.350007176399230957e-01
1.973585411906242371e-02
9.329491108655929565e-02
7.439146935939788818e-02
8.512069284915924072e-02
1.170069947838783264e-01
1.075115799903869629e-01
4.426100477576255798e-02
2.319478988647460938e-02
5.061310529708862305e-02
6.111751124262809753e-02
1.424797922372817993e-01
6.478217244148254395e-02
9.616154432296752930e-02
7.089886069297790527e-02
9.943542629480361938e-02
4.670742899179458618e-02
2.623661980032920837e-02
7.168778777122497559e-02
9.626927375793457031e-01
1.424777507781982422e-01
7.024268060922622681e-02
1.403619535267353058e-02
1.681446433067321777e-01
5.087532103061676025e-02
6.975708901882171631e-02
2.791513800621032715e-01
9.981083124876022339e-02
5.920873209834098816e-02
4.072470217943191528e-02
4.543439298868179321e-02
1.111119613051414490e-01
1.511087715625762939e-01
7.238481938838958740e-02
2.773909866809844971e-01
5.199236050248146057e-02
7.277275621891021729e-02
1.827089935541152954e-01
1.727630496025085449e-01
1.687274575233459473e-01
1.161138862371444702e-01
3.645761683583259583e-02
8.770848810672760010e-02
5.369568988680839539e-02
4.659415036439895630e-02
5.237647518515586853e-02
2.083341181278228760e-01
5.560880899429321289e-01
4.280217289924621582e-01
4.496343061327934265e-02
8.846352994441986084e-02
7.114316523075103760e-02
9.053080677986145020e-01
6.529714167118072510e-02
2.944056391716003418e-01
3.775057941675186157e-02
5.471407771110534668e-01
6.386076211929321289e-01
7.351112365722656250e-02
1.208999082446098328e-01
2.626217007637023926e-01
1.510629802942276001e-01
1.116659119725227356e-01
3.103241920471191406e-01
3.521637320518493652e-01
7.551965862512588501e-02
3.783750534057617188e-02
5.772543698549270630e-02
7.055933028459548950e-02
5.454649031162261963e-02
4.686625301837921143e-02
5.427099019289016724e-02
1.366638541221618652e-01
8.939096331596374512e-02
1.722212582826614380e-01
2.640011161565780640e-02
6.375019252300262451e-02
7.059767842292785645e-02
4.268729314208030701e-02
6.535850465297698975e-02
1.197490692138671875e-01
7.446704059839248657e-02
2.314691245555877686e-02
1.080816462635993958e-01
1.033862978219985962e-01
4.747584760189056396e-01
3.186862543225288391e-02
7.738216221332550049e-02
6.353957951068878174e-02
3.975056707859039307e-01
3.441799432039260864e-02
8.201868087053298950e-02
1.710052229464054108e-02
5.918662995100021362e-02
4.427777230739593506e-01
3.038448095321655273e-01
9.877443909645080566e-01
9.746097922325134277e-01
1.177806332707405090e-01
5.717859789729118347e-02
7.835733145475387573e-02
7.280014455318450928e-02
1.007094681262969971e-01
3.410041704773902893e-02
6.208762153983116150e-02
3.588100150227546692e-02
9.054618328809738159e-02
2.473112381994724274e-02
3.626956790685653687e-02
6.924129128456115723e-01
1.345438957214355469e-01
9.682646393775939941e-02
1.647236049175262451e-01
4.066526293754577637e-01
6.266749650239944458e-02
5.015289187431335449e-01
8.116530776023864746e-01
5.277410745620727539e-01
4.407798349857330322e-01
1.393498182296752930e-01
6.858064234256744385e-02
6.902267783880233765e-02
6.142108514904975891e-02
5.577170476317405701e-02
3.016534447669982910e-02
4.459780827164649963e-02
1.471058726310729980e-01
2.133277952671051025e-01
8.684805780649185181e-02
1.141164377331733704e-01
4.143859818577766418e-02
6.334088742733001709e-02
4.842601716518402100e-02
6.431801617145538330e-02
5.795161128044128418e-01
8.820258975028991699e-01
4.701726883649826050e-02
1.132913604378700256e-01
7.770974189043045044e-02
1.515483483672142029e-02
3.396441042423248291e-02
7.708102464675903320e-02
5.574018508195877075e-02
7.100088149309158325e-02
4.583334550261497498e-02
4.456871375441551208e-02
8.006700873374938965e-02
5.832703411579132080e-02
2.099614590406417847e-02
5.391942337155342102e-02
3.478656709194183350e-01
1.070157885551452637e-01
3.275534510612487793e-02
4.050811752676963806e-02
1.812146455049514771e-01
3.993568569421768188e-02
5.953434854745864868e-02
9.144476056098937988e-02
1.063449531793594360e-01
1.052927151322364807e-01
7.616829127073287964e-02
7.279817461967468262e-01
3.374783694744110107e-01
2.931046783924102783e-01
2.275405675172805786e-01
1.807832568883895874e-01
3.592001646757125854e-02
1.434629112482070923e-01
4.000705853104591370e-02
3.989061713218688965e-02
5.954755470156669617e-02
6.641858071088790894e-02
9.211403876543045044e-02
4.678289964795112610e-02
8.085595816373825073e-02
1.014463528990745544e-01
1.072908043861389160e-01
1.060634031891822815e-01
1.285318583250045776e-01
9.718530625104904175e-02
5.651006475090980530e-02
6.028100475668907166e-02
7.698035240173339844e-02
7.186426222324371338e-02
4.987188056111335754e-02
8.298639953136444092e-02
1.264896392822265625e-01
3.534202277660369873e-02
1.462805569171905518e-01
3.276179730892181396e-02
7.275179773569107056e-02
1.028693616390228271e-01
9.029117971658706665e-02
4.412031471729278564e-01
9.652215242385864258e-01
7.983332872390747070e-02
1.654358655214309692e-01
8.660315871238708496e-01
6.080737709999084473e-02
1.611823737621307373e-01
3.204026445746421814e-02
3.185814023017883301e-01
1.324086785316467285e-01
9.578248858451843262e-02
1.640693396329879761e-01
9.307589381933212280e-02
5.525535345077514648e-02
1.082970499992370605e-01
6.885010004043579102e-02
1.685347557067871094e-01
2.516565322875976562e-01
7.748772948980331421e-02
1.043692976236343384e-01
8.770732581615447998e-02
2.974890358746051788e-02
2.634958364069461823e-02
9.683033078908920288e-02
1.089945435523986816e-01
8.086646199226379395e-01
9.823729991912841797e-01
3.157783448696136475e-01
1.080965846776962280e-01
2.409710139036178589e-01
5.935393571853637695e-01
8.841601759195327759e-02
1.752287149429321289e-01
1.368225812911987305e-01
6.467350572347640991e-02
4.757818207144737244e-02
8.284036815166473389e-02
6.721768528223037720e-02
7.183950543403625488e-01
1.361129432916641235e-01
9.655196964740753174e-02
1.197497472167015076e-01
1.321769207715988159e-01
4.816342145204544067e-02
9.873865544795989990e-02
8.675485849380493164e-02
1.294737607240676880e-01
1.545348465442657471e-01
2.894553169608116150e-02
3.592575341463088989e-02
8.438975363969802856e-02
4.130354523658752441e-02
7.682676613330841064e-02
5.937116593122482300e-02
6.580095738172531128e-02
7.134814560413360596e-02
1.843836456537246704e-01
1.071309745311737061e-01
1.753136701881885529e-02
3.901799395680427551e-02
1.685537099838256836e-01
9.168048948049545288e-02
1.297244578599929810e-01
3.436064124107360840e-01
7.680286467075347900e-02
3.282871097326278687e-02
1.157354116439819336e-01
9.384152293205261230e-02
9.060348570346832275e-02
1.405226439237594604e-01
3.145062178373336792e-02
8.280554413795471191e-02
9.764458239078521729e-02
1.731377691030502319e-01
9.172670543193817139e-02
1.761929392814636230e-01
4.274421930313110352e-02
1.058207824826240540e-01
2.242285460233688354e-01
9.994655847549438477e-02
1.471816152334213257e-01
4.905505850911140442e-02
2.901235409080982208e-02
8.876685798168182373e-02
5.658919736742973328e-02
7.803245633840560913e-02
9.668853133916854858e-02
6.655026972293853760e-02
4.406049475073814392e-02
8.437146246433258057e-02
7.628335803747177124e-02
6.844188272953033447e-02
2.034668773412704468e-01
7.332941144704818726e-02
4.071941375732421875e-01
2.982191555202007294e-02
3.859074786305427551e-02
1.286896914243698120e-01
1.284585446119308472e-01
6.033410131931304932e-02
1.346344202756881714e-01
2.851949632167816162e-01
8.503378182649612427e-02
5.994218215346336365e-02
1.604856401681900024e-01
4.428822547197341919e-02
8.567912876605987549e-02
6.926941126585006714e-02
5.687541142106056213e-02
8.052082359790802002e-02
4.860828444361686707e-02
4.152783378958702087e-02
4.085390269756317139e-01
1.169311925768852234e-01
5.961396545171737671e-02
1.678832471370697021e-01
2.926399707794189453e-01
9.074355959892272949e-01
6.004640832543373108e-02
5.532100200653076172e-01
2.999703586101531982e-01
7.623542100191116333e-02
3.101631067693233490e-02
6.137188524007797241e-02
1.395175419747829437e-02
4.593051597476005554e-02
1.492129173129796982e-02
3.047074191272258759e-02
3.113918378949165344e-02
7.029705494642257690e-02
1.321695297956466675e-01
7.461149245500564575e-02
2.016522735357284546e-02
2.378007322549819946e-01
1.586250215768814087e-01
9.739601612091064453e-02
3.339992836117744446e-02
5.379453673958778381e-02
1.376387774944305420e-01
1.228482350707054138e-01
8.812415599822998047e-02
2.783902175724506378e-02
8.729606121778488159e-02
1.968339085578918457e-02
1.286950707435607910e-01
1.420528590679168701e-01
1.684380769729614258e-01
2.821577787399291992e-01
3.905522823333740234e-02
4.439759552478790283e-01
1.988940685987472534e-01
4.848166406154632568e-01
6.973185539245605469e-01
7.243273407220840454e-02
1.366310864686965942e-01
7.254938781261444092e-02
1.401814222335815430e-01
6.914433836936950684e-02
1.477366834878921509e-01
7.945169694721698761e-03
5.198032781481742859e-02
1.476362645626068115e-01
1.983227878808975220e-01
1.270912140607833862e-01
8.958235383033752441e-01
7.911782264709472656e-01
8.963854610919952393e-02
2.899471819400787354e-01
4.113807156682014465e-02
2.588690221309661865e-01
6.158359721302986145e-02
1.179276481270790100e-01
7.342802733182907104e-02
4.908152520656585693e-01
3.233819901943206787e-01
4.939498007297515869e-02
1.372134834527969360e-01
2.976468019187450409e-02
1.317017823457717896e-01
5.942102521657943726e-02
4.746152833104133606e-02
4.640568047761917114e-02
5.609825998544692993e-02
1.027093753218650818e-01
1.014735475182533264e-01
7.658367604017257690e-02
9.755135327577590942e-02
1.964956074953079224e-01
6.613604724407196045e-02
1.318628191947937012e-01
1.460422277450561523e-01
3.871738165616989136e-02
4.395442605018615723e-01
3.653835356235504150e-01
5.261456593871116638e-02
7.088205963373184204e-02
1.054197698831558228e-01
1.115742847323417664e-01
6.347435116767883301e-01
4.262284934520721436e-02
5.448396876454353333e-02
1.217080131173133850e-01
7.752206921577453613e-02
4.273552000522613525e-01
1.988227218389511108e-01
5.111801996827125549e-02
1.610328257083892822e-02
1.067172363400459290e-01
5.314212292432785034e-02
1.310993134975433350e-01
1.015196815133094788e-01
1.379826068878173828e-01
2.346170842647552490e-01
3.229698166251182556e-02
1.543077528476715088e-01
2.093475461006164551e-01
1.315426975488662720e-01
1.404398977756500244e-01
9.894406199455261230e-01
7.309746146202087402e-01
1.380285918712615967e-01
8.356464654207229614e-02
3.669731616973876953e-01
3.117445111274719238e-01
1.578951179981231689e-01
8.401943743228912354e-02
1.125079840421676636e-01
1.392074674367904663e-01
8.195184916257858276e-02
1.824407279491424561e-01
6.285922974348068237e-02
5.873700231313705444e-02
5.845008045434951782e-02
8.463463187217712402e-02
8.810085803270339966e-02
5.306170508265495300e-02
6.843246519565582275e-02
6.090614199638366699e-02
9.891351312398910522e-02
2.461696267127990723e-01
7.067885249853134155e-02
8.608162403106689453e-02
1.126178726553916931e-01
2.084542661905288696e-01
2.942997515201568604e-01
2.240246087312698364e-01
1.138218939304351807e-01
7.625750452280044556e-02
7.296227663755416870e-02
8.710281550884246826e-02
6.650320440530776978e-02
7.359628379344940186e-02
5.358118563890457153e-02
6.833655387163162231e-02
2.086171656847000122e-01
9.063545614480972290e-02
4.680816084146499634e-02
1.986382603645324707e-01
1.124785840511322021e-01
6.248493865132331848e-02
2.467603385448455811e-01
2.888575196266174316e-02
4.802438318729400635e-01
2.554733455181121826e-01
3.908301889896392822e-02
1.215597912669181824e-01
7.862035930156707764e-02
4.189501330256462097e-02
1.357249319553375244e-01
4.621666669845581055e-02
2.484716027975082397e-01
7.377214729785919189e-02
7.068384438753128052e-02
7.449667155742645264e-02
1.845269501209259033e-01
3.744385391473770142e-02
2.513330057263374329e-02
1.672633141279220581e-01
4.713339731097221375e-02
8.098194748163223267e-02
1.134228631854057312e-01
5.618644878268241882e-02
8.616065382957458496e-01
2.856439352035522461e-01
5.266839265823364258e-01
4.073030129075050354e-02
2.412055730819702148e-01
4.319261908531188965e-01
5.814396739006042480e-01
3.530625626444816589e-02
5.175570771098136902e-02
3.346020728349685669e-02
3.720228672027587891e-01
3.985359147191047668e-02
2.560131549835205078e-01
1.850508600473403931e-01
3.531889617443084717e-02
8.283502608537673950e-02
8.789546787738800049e-02
2.626011706888675690e-02
7.529188692569732666e-02
8.970500528812408447e-02
8.648814260959625244e-02
3.744374960660934448e-02
8.276929706335067749e-02
9.401425719261169434e-02
2.874928414821624756e-01
4.704729467630386353e-02
8.774718642234802246e-02
1.032080575823783875e-01
7.579490542411804199e-02
9.815008193254470825e-02
1.001544296741485596e-01
4.756980761885643005e-02
6.504781246185302734e-01
5.393071174621582031e-01
1.616414338350296021e-01
1.037608683109283447e-01
2.043913491070270538e-02
6.697975099086761475e-02
4.300235584378242493e-02
2.415106594562530518e-01
5.641013011336326599e-02
5.755840986967086792e-02
9.984489530324935913e-02
1.723942011594772339e-01
4.521088674664497375e-02
3.826252371072769165e-02
4.445087164640426636e-02
2.660681866109371185e-02
9.591043740510940552e-02
6.763215363025665283e-02
1.296932399272918701e-01
8.425413817167282104e-02
4.143324866890907288e-02
2.593127787113189697e-01
2.850525975227355957e-01
6.829510629177093506e-02
1.517596542835235596e-01
8.927573263645172119e-02
6.278563290834426880e-02
9.130401909351348877e-02
1.355521380901336670e-01
9.936923980712890625e-01
9.823647141456604004e-01
7.628491520881652832e-02
6.969045102596282959e-02
1.100306957960128784e-01
4.091402888298034668e-01
7.644603252410888672e-01
2.037776112556457520e-01
7.479558140039443970e-02
4.062248021364212036e-02
6.167092919349670410e-02
3.246467933058738708e-02
1.228852644562721252e-01
7.153677344322204590e-01
6.406013369560241699e-01
8.690734505653381348e-01
9.013210982084274292e-02
4.428364336490631104e-02
2.512761652469635010e-01
3.638268262147903442e-02
1.369071751832962036e-01
9.317377954721450806e-02
1.384952217340469360e-01
7.004795223474502563e-02
1.092271804809570312e-01
3.592042252421379089e-02
4.496059566736221313e-02
8.421009033918380737e-02
1.738973110914230347e-01
4.052794873714447021e-01
4.535323008894920349e-02
5.382214859127998352e-02
2.837625741958618164e-01
6.462980806827545166e-02
9.489718079566955566e-02
3.844759166240692139e-01
1.190610602498054504e-01
7.021608948707580566e-02
5.339257717132568359e-01
5.801039934158325195e-01
5.610993131995201111e-02
5.011567473411560059e-02
7.523682713508605957e-02
3.060213103890419006e-02
7.119437307119369507e-02
7.026635110378265381e-02
1.746844947338104248e-01
4.546470940113067627e-02
3.166366368532180786e-02
9.421623498201370239e-02
6.033736467361450195e-02
1.601528674364089966e-01
8.491669595241546631e-02
3.398489579558372498e-02
4.116254299879074097e-02
3.368221819400787354e-01
4.759187251329421997e-02
1.446996629238128662e-01
5.669445171952247620e-02
5.769567191600799561e-02
8.500663638114929199e-01
5.142188072204589844e-02
7.232977449893951416e-02
3.325068205595016479e-02
1.149359419941902161e-01
6.534723192453384399e-02
9.561508893966674805e-02
2.435837872326374054e-02
8.858884125947952271e-02
1.565437167882919312e-01
5.779212340712547302e-02
6.249111145734786987e-02
7.727034389972686768e-02
9.008509665727615356e-02
9.641548246145248413e-02
2.602714300155639648e-01
1.908330619335174561e-01
3.938593342900276184e-02
9.507343918085098267e-02
1.946750581264495850e-01
1.314935237169265747e-01
7.012025266885757446e-02
9.701457619667053223e-02
6.976825743913650513e-02
2.111456245183944702e-01
1.167059466242790222e-01
1.137617155909538269e-01
3.430724143981933594e-01
5.217646434903144836e-02
1.305195093154907227e-01
1.846142709255218506e-01
4.041708633303642273e-02
4.234530031681060791e-01
3.133779764175415039e-02
4.408320412039756775e-02
1.512137204408645630e-01
3.381323516368865967e-01
4.232262820005416870e-02
1.968597322702407837e-01
3.760924637317657471e-01
1.008753553032875061e-01
5.400409922003746033e-02
7.298191636800765991e-02
7.434958219528198242e-02
1.423912942409515381e-01
3.633760660886764526e-02
5.291304364800453186e-02
4.961809888482093811e-02
2.367025613784790039e-02
1.263140290975570679e-01
1.357958614826202393e-01
1.050964072346687317e-01
1.692136377096176147e-01
5.791960358619689941e-01
4.088107943534851074e-01
1.369666606187820435e-01
5.343359336256980896e-02
2.606181614100933075e-02
7.894505560398101807e-02
3.184615075588226318e-02
4.763021767139434814e-01
7.102402299642562866e-02
1.334457248449325562e-01
5.734807848930358887e-01
3.745986521244049072e-01
9.167718142271041870e-02
7.179007679224014282e-02
7.705607414245605469e-01
5.679467916488647461e-01
3.135118484497070312e-01
6.361424177885055542e-02
7.886389642953872681e-02
2.708931267261505127e-01
2.772119939327239990e-01
4.436683654785156250e-02
4.036398604512214661e-02
5.997462943196296692e-02
4.241570085287094116e-02
4.345629364252090454e-02
1.467307060956954956e-01
2.875745296478271484e-02
1.404553353786468506e-01
1.291960179805755615e-01
1.434606909751892090e-01
1.478220522403717041e-01
3.736773133277893066e-02
2.673984318971633911e-02
4.416457936167716980e-02
9.218117594718933105e-02
7.092227041721343994e-02
7.779110223054885864e-02
6.409508734941482544e-02
6.234532222151756287e-02
1.476711332798004150e-01
6.699809432029724121e-02
9.009542316198348999e-02
4.968550205230712891e-01
3.556849062442779541e-02
1.587421745061874390e-01
1.242838948965072632e-01
6.584118306636810303e-02
8.200144767761230469e-02
9.549516439437866211e-02
1.686666607856750488e-01
6.347856670618057251e-02
7.878097146749496460e-02
9.609871357679367065e-02
6.450460851192474365e-02
6.996796280145645142e-02
7.821455597877502441e-02
3.088168427348136902e-02
9.514752030372619629e-02
6.146618723869323730e-02
9.056192636489868164e-02
1.231484189629554749e-01
1.458788216114044189e-01
4.688568413257598877e-02
7.936265319585800171e-02
1.158304978162050247e-02
6.796678900718688965e-02
1.345829069614410400e-01
5.070741847157478333e-02
7.768014818429946899e-02
1.095839589834213257e-01
6.829292327165603638e-02
8.486552536487579346e-02
3.260604441165924072e-01
1.988413482904434204e-01
4.602622985839843750e-02
1.450722664594650269e-01
4.711641743779182434e-02
7.973441481590270996e-02
9.012325108051300049e-02
6.848924607038497925e-02
1.837590634822845459e-01
1.642909795045852661e-01
4.400453716516494751e-02
9.212065488100051880e-02
8.118027448654174805e-02
6.784770637750625610e-02
2.882941812276840210e-02
4.906401410698890686e-02
5.654868111014366150e-02
1.194267868995666504e-01
6.073629856109619141e-02
2.375994771718978882e-01
9.964562207460403442e-02
3.260525315999984741e-02
5.769354477524757385e-02
2.163599431514739990e-01
1.023631840944290161e-01
1.176113486289978027e-01
5.079180374741554260e-02
7.059348374605178833e-02
2.074972242116928101e-01
1.100190654397010803e-01
4.492381960153579712e-02
4.122154787182807922e-02
1.763929426670074463e-01
8.060040324926376343e-02
8.525597304105758667e-02
7.656222581863403320e-02
2.525802701711654663e-02
6.917148828506469727e-02
1.601041406393051147e-01
6.721551418304443359e-01
5.679947733879089355e-01
9.742619991302490234e-01
9.717676788568496704e-02
7.717816531658172607e-02
9.899683594703674316e-01
3.047081828117370605e-01
6.129521504044532776e-02
4.381496086716651917e-02
1.334113925695419312e-01
7.118216902017593384e-02
6.289879977703094482e-02
7.637933641672134399e-02
1.096222102642059326e-01
1.070548444986343384e-01
5.245214700698852539e-02
3.428656160831451416e-01
6.762473285198211670e-02
1.795804314315319061e-02
8.683414012193679810e-02
1.942042410373687744e-01
9.094630181789398193e-02
7.503265142440795898e-02
8.255816996097564697e-02
1.321389228105545044e-01
6.492539495229721069e-02
1.079521998763084412e-01
1.402621567249298096e-01
1.656205356121063232e-01
9.595929384231567383e-01
4.057141840457916260e-01
6.181606277823448181e-02
6.767255067825317383e-02
1.047103703022003174e-01
9.020739793777465820e-02
9.404978156089782715e-02
6.794179230928421021e-02
1.034453660249710083e-01
1.090461388230323792e-01
4.266510531306266785e-02
5.133578926324844360e-02
1.445735394954681396e-01
1.294427961111068726e-01
4.820485413074493408e-02
5.827341973781585693e-02
9.769938141107559204e-02
8.146591484546661377e-02
2.259697020053863525e-01
4.799211025238037109e-02
2.442211657762527466e-01
5.402013659477233887e-01
4.092079773545265198e-02
2.026397883892059326e-01
4.678671807050704956e-02
8.340840041637420654e-02
7.003758102655410767e-02
5.931784957647323608e-02
2.525504231452941895e-01
1.463454365730285645e-01
9.838488101959228516e-01
2.831150889396667480e-01
1.216064989566802979e-01
1.627862751483917236e-01
5.131971091032028198e-02
7.217355072498321533e-02
4.315530881285667419e-02
9.271065890789031982e-02
2.481602132320404053e-02
3.358601331710815430e-01
8.752192556858062744e-02
1.306343078613281250e-01
1.294617950916290283e-01
1.354912668466567993e-01
7.895389944314956665e-02
3.296926617622375488e-02
1.315486729145050049e-01
4.339084029197692871e-02
1.107174903154373169e-01
7.913874089717864990e-02
6.278669834136962891e-02
4.113400354981422424e-02
1.000000000000000000e+00
9.999990463256835938e-01
7.120756804943084717e-02
8.035637438297271729e-02
5.380826070904731750e-02
2.417052537202835083e-01
8.733012527227401733e-02
2.924033105373382568e-01
4.702835679054260254e-01
7.097324728965759277e-02
3.080953955650329590e-01
7.285043597221374512e-02
9.354327619075775146e-02
6.596082448959350586e-02
4.362489655613899231e-02
8.207457512617111206e-02
9.211403876543045044e-02
7.211352884769439697e-02
4.410285130143165588e-02
9.564795345067977905e-02
6.840454041957855225e-02
8.940768986940383911e-02
4.548515006899833679e-02
7.198944687843322754e-02
1.220892071723937988e-01
8.377823978662490845e-02
5.481491982936859131e-02
5.798117443919181824e-02
6.553931534290313721e-02
8.744224905967712402e-02
4.036365747451782227e-01
4.382389038801193237e-02
1.295093148946762085e-01
4.249484837055206299e-02
7.154012471437454224e-02
1.581631898880004883e-01
5.526309460401535034e-02
7.547686249017715454e-02
4.089495167136192322e-02
7.555134594440460205e-02
6.137652695178985596e-02
9.970740973949432373e-02
5.963883548974990845e-02
5.937343090772628784e-02
4.574418812990188599e-02
8.178193122148513794e-02
7.922539860010147095e-02
6.348244845867156982e-02
6.573598831892013550e-02
3.454042226076126099e-02
8.643808215856552124e-02
5.691243708133697510e-02
1.128901392221450806e-01
3.577177971601486206e-02
1.048336029052734375e-01
1.093824207782745361e-01
7.770670205354690552e-02
1.160630434751510620e-01
4.049147665500640869e-02
9.147474914789199829e-02
1.313168406486511230e-01
6.275857239961624146e-02
8.859612047672271729e-02
4.303335845470428467e-01
8.057188987731933594e-02
7.095928490161895752e-02
1.678199768066406250e-01
2.901697531342506409e-02
1.038652509450912476e-01
1.297034472227096558e-01
2.473828382790088654e-02
2.203285992145538330e-01
2.853510379791259766e-01
8.862748742103576660e-02
1.302998214960098267e-01
9.014765918254852295e-02
5.198406577110290527e-01
5.267052650451660156e-01
2.055270969867706299e-01
3.315327689051628113e-02
8.602964133024215698e-02
6.318332999944686890e-02
1.644870042800903320e-01
1.434434056282043457e-01
9.611476957798004150e-02
3.549246862530708313e-02
8.625076711177825928e-02
8.749159425497055054e-02
8.923489600419998169e-02
7.840631157159805298e-02
1.159338131546974182e-01
9.073680639266967773e-02
6.407493352890014648e-01
1.354086697101593018e-01
1.408708393573760986e-01
9.630700945854187012e-02
4.314853250980377197e-02
1.263082623481750488e-01
8.027183264493942261e-02
1.297152638435363770e-01
5.321185663342475891e-02
2.249415963888168335e-02
7.883701473474502563e-02
5.724439397454261780e-02
3.589430823922157288e-02
5.539879575371742249e-02
1.743141375482082367e-02
6.104422733187675476e-02
1.449520289897918701e-01
7.685462385416030884e-02
7.890675216913223267e-02
8.478049188852310181e-02
7.283221930265426636e-02
8.923305571079254150e-02
4.737908393144607544e-02
1.831694841384887695e-01
1.246354803442955017e-01
9.163070470094680786e-02
2.278470396995544434e-01
4.375920817255973816e-02
3.849280625581741333e-02
8.839839696884155273e-02
1.802065595984458923e-02
9.720823168754577637e-02
8.099543303251266479e-02
5.850019678473472595e-02
1.206391155719757080e-01
9.850095212459564209e-02
4.162998124957084656e-02
1.007643491029739380e-01
1.518822461366653442e-01
5.300017446279525757e-02
2.017302662134170532e-01
1.974001377820968628e-01
7.191891968250274658e-02
1.903126686811447144e-01
7.332244515419006348e-02
1.901886910200119019e-01
7.454168051481246948e-02
5.979886651039123535e-02
7.280430942773818970e-02
5.880223959684371948e-02
8.760119974613189697e-02
1.828119009733200073e-01
2.499110400676727295e-01
1.543097198009490967e-01
1.546482294797897339e-01
6.593858450651168823e-02
1.285083144903182983e-01
6.432505697011947632e-02
1.781244762241840363e-02
7.189723104238510132e-02
6.627104431390762329e-02
5.381802096962928772e-02
5.599246621131896973e-01
1.316473037004470825e-01
8.381414413452148438e-02
5.816675722599029541e-02
1.533102244138717651e-01
7.046662271022796631e-02
2.961082942783832550e-02
4.194875434041023254e-02
7.423117756843566895e-01
3.820539414882659912e-01
3.816194087266921997e-02
1.180674880743026733e-01
5.111945047974586487e-02
2.083106786012649536e-01
4.526589065790176392e-02
4.326323792338371277e-02
7.593655586242675781e-02
5.347964912652969360e-02
8.018825948238372803e-02
7.375363260507583618e-02
4.142123460769653320e-02
1.238408237695693970e-01
6.403204798698425293e-02
2.738447487354278564e-02
3.261885419487953186e-02
1.322769820690155029e-01
1.215499863028526306e-01
4.116548970341682434e-02
2.975461483001708984e-01
9.661144018173217773e-01
9.281765222549438477e-01
5.132345557212829590e-01
9.544120728969573975e-02
7.772269845008850098e-02
8.996845036745071411e-02
4.066403582692146301e-02
1.170706823468208313e-01
4.326678067445755005e-02
6.429857760667800903e-02
7.903389632701873779e-02
9.021610021591186523e-02
1.251817047595977783e-01
3.207965195178985596e-01
1.110753193497657776e-01
1.841189563274383545e-01
2.929993532598018646e-02
1.499643027782440186e-01
3.258994221687316895e-02
4.699741303920745850e-02
2.298909425735473633e-02
6.873176246881484985e-02
2.504289746284484863e-01
4.550225436687469482e-01
7.291988283395767212e-02
1.534233838319778442e-01
3.883269801735877991e-02
8.511807024478912354e-02
6.826771050691604614e-02
4.791428893804550171e-02
7.418678700923919678e-02
5.483013018965721130e-02
2.481822110712528229e-02
4.318708553910255432e-02
3.267807886004447937e-02
2.547806501388549805e-01
8.073575496673583984e-01
7.921649515628814697e-02
2.854492515325546265e-02
8.793367445468902588e-02
5.294457077980041504e-02
4.843007028102874756e-02
1.199858542531728745e-02
8.305913209915161133e-02
3.861833363771438599e-02
5.564246326684951782e-02
9.913905709981918335e-02
5.821333080530166626e-02
4.000237211585044861e-02
5.783674493432044983e-02
1.129406988620758057e-01
8.651799708604812622e-02
7.551217079162597656e-02
3.728772327303886414e-02
6.769144535064697266e-02
1.333581656217575073e-01
7.287283986806869507e-02
3.917477652430534363e-02
5.165097862482070923e-02
3.679441660642623901e-02
3.737653046846389771e-02
1.150310784578323364e-01
7.905859500169754028e-02
6.072331219911575317e-02
1.232151538133621216e-01
7.019400596618652344e-02
5.724338814616203308e-02
7.918149232864379883e-02
7.980911433696746826e-02
1.250016093254089355e-01
6.232427433133125305e-02
6.797903776168823242e-02
8.122777193784713745e-02
1.075254902243614197e-01
1.093339473009109497e-01
7.560091465711593628e-02
7.670032978057861328e-02
1.385854184627532959e-01
1.360718011856079102e-01
7.323432713747024536e-02
1.032385379076004028e-01
6.213475763797760010e-02
6.206446886062622070e-02
2.734340168535709381e-02
1.254937648773193359e-01
9.477716684341430664e-02
4.214945062994956970e-02
1.516688168048858643e-01
9.727834910154342651e-02
2.155938893556594849e-01
2.056093811988830566e-01
5.827413871884346008e-02
2.920766547322273254e-02
9.020909667015075684e-02
1.322324573993682861e-01
1.698109060525894165e-01
7.300824671983718872e-02
7.390927523374557495e-02
3.892600163817405701e-02
6.291863322257995605e-01
5.311948657035827637e-01
8.357042819261550903e-02
4.084946960210800171e-02
4.591794684529304504e-02
6.131068244576454163e-02
1.576995253562927246e-01
9.126163274049758911e-02
6.788630038499832153e-02
1.283901333808898926e-01
9.999946355819702148e-01
7.751061767339706421e-02
7.051493972539901733e-02
4.850025847554206848e-02
5.313139408826828003e-02
5.078853666782379150e-02
4.866012185811996460e-02
1.070711910724639893e-01
9.982647299766540527e-01
9.581630229949951172e-01
2.845569513738155365e-02
2.302953600883483887e-01
4.514315724372863770e-01
7.343571782112121582e-01
1.931374967098236084e-01
9.190318733453750610e-02
2.727124989032745361e-01
3.645666241645812988e-01
9.566196054220199585e-02
8.087707310914993286e-02
1.568252146244049072e-01
1.922543495893478394e-01
5.342383310198783875e-02
2.338015735149383545e-01
2.213636636734008789e-01
7.709433436393737793e-01
6.908739358186721802e-02
1.075150966644287109e-01
2.220754325389862061e-01
4.861917197704315186e-01
1.115745902061462402e-01
7.418391853570938110e-02
5.310219898819923401e-02
6.845407187938690186e-02
4.754696786403656006e-02
1.248646825551986694e-01
9.484726786613464355e-01
8.432133197784423828e-01
8.194008469581604004e-02
4.118736460804939270e-02
6.254035234451293945e-01
2.679551951587200165e-02
3.307403028011322021e-01
7.734989374876022339e-02
1.317294780164957047e-02
7.011403143405914307e-02
1.270917356014251709e-01
6.994438171386718750e-02
8.664840459823608398e-02
3.729098141193389893e-01
3.255472704768180847e-02
3.041320107877254486e-02
3.946114331483840942e-02
3.661667183041572571e-02
2.087735682725906372e-01
5.933998823165893555e-01
2.752548754215240479e-01
2.938481569290161133e-01
9.172572940587997437e-02
9.276947379112243652e-02
7.591592520475387573e-02
6.020611897110939026e-02
4.187500849366188049e-02
6.004750728607177734e-02
1.668186485767364502e-02
1.320967674255371094e-01
3.433133661746978760e-02
1.816486939787864685e-02
1.032681614160537720e-01
6.593806296586990356e-02
8.333666622638702393e-02
3.068906962871551514e-01
1.683741956949234009e-01
1.132818758487701416e-01
1.574382036924362183e-01
2.194329909980297089e-02
9.137800335884094238e-02
6.417768448591232300e-02
8.292076587677001953e-01
2.650454640388488770e-01
1.540781091898679733e-02
7.154479622840881348e-02
2.856333740055561066e-02
3.165797144174575806e-02
4.862342774868011475e-02
6.427314877510070801e-02
6.358968019485473633e-01
2.027035206556320190e-01
4.105813428759574890e-02
2.323940396308898926e-01
9.814217090606689453e-01
7.431048154830932617e-02
5.743433907628059387e-02
4.117877781391143799e-02
5.904869735240936279e-02
8.473654836416244507e-02
8.231391757726669312e-02
2.072611451148986816e-01
3.453957289457321167e-02
5.915246605873107910e-01
9.472318738698959351e-02
6.431803107261657715e-02
1.286400109529495239e-01
9.562150388956069946e-02
5.713911354541778564e-02
1.190927326679229736e-01
7.961492240428924561e-02
7.946376502513885498e-02
7.555516064167022705e-02
1.075750961899757385e-01
5.734900012612342834e-02
5.635103583335876465e-02
5.501145124435424805e-02
1.036016866564750671e-01
3.433536738157272339e-02
2.660494744777679443e-01
7.369132339954376221e-02
5.828425288200378418e-02
6.610334664583206177e-02
8.549082875251770020e-01
9.178052544593811035e-01
4.375511035323143005e-02
3.922171890735626221e-02
1.046245694160461426e-01
5.131242051720619202e-02
1.947113126516342163e-02
6.780885905027389526e-02
5.012876167893409729e-02
4.061137139797210693e-02
5.700562894344329834e-02
5.729693546891212463e-02
5.526503548026084900e-02
8.939616382122039795e-02
6.395085901021957397e-02
7.520280033349990845e-02
1.432114392518997192e-01
8.090874552726745605e-02
6.490216404199600220e-02
7.688558846712112427e-02
1.407558470964431763e-01
6.160861998796463013e-02
6.495118141174316406e-02
5.351721867918968201e-02
8.093792945146560669e-02
2.283265627920627594e-02
1.956411898136138916e-01
3.243298083543777466e-02
1.252253651618957520e-01
5.409177020192146301e-02
7.215407490730285645e-02
4.068693518638610840e-02
4.522917047142982483e-02
5.614442005753517151e-02
8.859281241893768311e-02
5.614583939313888550e-02
1.627440899610519409e-01
6.924257427453994751e-02
2.103721350431442261e-02
9.073489159345626831e-02
1.058074459433555603e-01
5.432810634374618530e-02
1.720268577337265015e-01
8.727309852838516235e-02
4.497096687555313110e-02
4.133335873484611511e-02
3.862295299768447876e-02
1.976031251251697540e-02
8.611557632684707642e-02
2.052781283855438232e-01
5.024532079696655273e-01
6.861654669046401978e-02
2.009368836879730225e-01
2.169663608074188232e-01
2.678952515125274658e-01
1.075934097170829773e-01
9.434399753808975220e-02
9.439601749181747437e-02
9.755907952785491943e-02
1.011569052934646606e-01
6.902386248111724854e-02
7.277857512235641479e-02
1.225360929965972900e-01
2.107043266296386719e-01
4.864514991641044617e-02
7.566415518522262573e-02
1.309910118579864502e-01
1.575473248958587646e-01
5.084918066859245300e-02
6.961164623498916626e-02
5.444240570068359375e-02
6.263904273509979248e-02
5.945200100541114807e-02
2.137264758348464966e-01
9.999839067459106445e-01
9.903637319803237915e-02
5.732523649930953979e-02
5.036149173974990845e-02
3.879076987504959106e-02
8.412809967994689941e-01
5.025757849216461182e-02
2.768280170857906342e-02
3.578706979751586914e-01
2.432328611612319946e-01
6.410690397024154663e-02
1.536524742841720581e-01
8.658917993307113647e-02
6.117948517203330994e-02
9.407538175582885742e-02
6.614542752504348755e-02
9.577484428882598877e-02
9.194981306791305542e-02
4.928965866565704346e-02
4.194271266460418701e-01
7.285103201866149902e-02
4.540254175662994385e-01
7.934552431106567383e-01
1.046865433454513550e-01
1.235641762614250183e-01
6.553521007299423218e-02
3.170712888240814209e-01
2.144989073276519775e-01
1.850301474332809448e-01
5.345070362091064453e-02
7.161445170640945435e-02
5.256662517786026001e-02
8.353900909423828125e-02
5.345533415675163269e-02
1.149384900927543640e-01
1.067902818322181702e-01
7.096546888351440430e-02
1.180294230580329895e-01
4.138408601284027100e-01
7.266373932361602783e-02
1.916051208972930908e-01
5.617531016469001770e-02
1.365484595298767090e-01
1.239283084869384766e-01
6.890815496444702148e-02
4.387922212481498718e-02
8.702138811349868774e-02
2.871307134628295898e-01
9.865716695785522461e-01
9.830969572067260742e-01
1.431452035903930664e-01
1.859158873558044434e-01
2.093808203935623169e-01
1.415500789880752563e-01
9.951797127723693848e-02
9.361925721168518066e-02
6.119978800415992737e-02
5.700502544641494751e-02
7.888957858085632324e-02
1.083357855677604675e-01
5.562818422913551331e-02
1.143002808094024658e-01
4.559079930186271667e-02
1.599873602390289307e-01
2.780416049063205719e-02
7.335490733385086060e-02
9.007567912340164185e-02
9.921403974294662476e-02
7.505702227354049683e-02
9.980830550193786621e-02
5.568010732531547546e-02
2.431703358888626099e-01
9.744991362094879150e-02
4.784135892987251282e-02
6.190097332000732422e-02
1.039465218782424927e-01
1.297596096992492676e-01
7.402335852384567261e-02
7.839407771825790405e-02
1.001277193427085876e-01
9.312892705202102661e-02
8.992619812488555908e-02
6.551668792963027954e-02
1.364646404981613159e-01
7.526443898677825928e-02
1.004020795226097107e-01
1.069228127598762512e-01
9.833329170942306519e-02
5.957662314176559448e-02
1.175995618104934692e-01
8.542622625827789307e-02
7.106356322765350342e-02
3.717555850744247437e-02
9.298352152109146118e-02
1.531338691711425781e-01
5.831231549382209778e-02
3.122522234916687012e-01
1.701662987470626831e-01
6.063034012913703918e-02
1.518722176551818848e-01
1.981808803975582123e-02
1.083248853683471680e-01
4.545007273554801941e-02
1.069784462451934814e-01
1.191286370158195496e-01
1.500595808029174805e-01
1.138195469975471497e-01
1.468679606914520264e-01
5.470428615808486938e-02
1.039465740323066711e-01
3.361584544181823730e-01
9.657514691352844238e-01
1.043670251965522766e-01
4.571831226348876953e-02
1.221049875020980835e-01
5.698223784565925598e-02
1.820430010557174683e-01
6.700141727924346924e-02
8.747625350952148438e-02
8.923567086458206177e-02
9.621553868055343628e-02
1.105896383523941040e-01
5.650809034705162048e-02
2.098495066165924072e-01
1.760146170854568481e-01
1.038152053952217102e-01
6.931046396493911743e-02
7.621074467897415161e-02
3.202039599418640137e-01
5.164692923426628113e-02
5.906078219413757324e-02
2.971763350069522858e-02
1.089343577623367310e-01
3.719171136617660522e-02
5.285348743200302124e-02
7.566319406032562256e-02
7.778877764940261841e-02
1.923060119152069092e-01
3.972905501723289490e-02
6.191088631749153137e-02
8.160489797592163086e-02
4.878291115164756775e-02
6.985700875520706177e-02
6.719528138637542725e-02
7.631514966487884521e-02
6.921800225973129272e-02
9.588935971260070801e-02
1.538163572549819946e-01
4.650863632559776306e-02
9.102055430412292480e-02
5.188467502593994141e-01
1.487989574670791626e-01
6.337635964155197144e-02
5.607795342803001404e-02
1.407550871372222900e-01
3.148709610104560852e-02
1.078084036707878113e-01
8.509195595979690552e-02
5.972997844219207764e-02
7.097717374563217163e-02
7.992396503686904907e-02
1.080248877406120300e-01
3.782054781913757324e-02
6.238211691379547119e-02
7.589595764875411987e-02
5.220209062099456787e-02
1.661169528961181641e-01
6.368942558765411377e-02
1.725421696901321411e-01
5.598910897970199585e-02
2.749231457710266113e-01
3.444467484951019287e-02
6.631875038146972656e-02
1.116797626018524170e-01
1.718846410512924194e-01
7.923968136310577393e-02
1.717048138380050659e-01
3.028694689273834229e-01
1.879495829343795776e-01
2.322981655597686768e-01
1.171710193157196045e-01
1.099420711398124695e-01
3.470624983310699463e-02
1.465142071247100830e-01
8.817781507968902588e-02
8.251994848251342773e-02
4.651857912540435791e-02
3.974374383687973022e-02
3.902997449040412903e-02
2.334321849048137665e-02
5.643900111317634583e-02
1.214479058980941772e-01
9.717330336570739746e-02
2.158653289079666138e-01
8.337856084108352661e-02
8.103612065315246582e-02
9.904607385396957397e-02
9.351669996976852417e-02
7.295027375221252441e-02
1.113972514867782593e-01
8.046764135360717773e-02
1.196116060018539429e-01
2.880041487514972687e-02
2.114960551261901855e-02
8.306686580181121826e-02
6.234775483608245850e-02
1.023991629481315613e-01
8.580338209867477417e-02
1.254243850708007812e-01
2.440713718533515930e-02
2.888022959232330322e-01
3.683191835880279541e-01
2.012028694152832031e-01
1.393065899610519409e-01
3.915859013795852661e-02
4.303035885095596313e-02
1.132810190320014954e-01
6.001319736242294312e-02
1.322923004627227783e-01
9.039539098739624023e-02
3.102196156978607178e-01
2.357316762208938599e-01
4.881863668560981750e-02
4.226965084671974182e-02
4.383721947669982910e-01
7.281988859176635742e-01
6.055922806262969971e-02
1.079392805695533752e-01
4.434629529714584351e-02
6.188323348760604858e-02
1.411009430885314941e-01
3.541959077119827271e-02
3.266850709915161133e-01
8.748681843280792236e-02
8.490778505802154541e-02
6.826897710561752319e-02
2.594503387808799744e-02
3.407610580325126648e-02
2.257797867059707642e-01
6.068320944905281067e-02
4.963725060224533081e-02
5.156619101762771606e-02
5.561000704765319824e-01
1.461864411830902100e-01
1.009281128644943237e-01
7.602346688508987427e-02
1.750027090311050415e-01
1.149444580078125000e-01
4.407751932740211487e-02
1.253605931997299194e-01
1.340534389019012451e-01
9.297489374876022339e-02
6.073935329914093018e-02
9.609970450401306152e-02
8.721543848514556885e-02
7.650668919086456299e-02
2.633262276649475098e-01
2.230366021394729614e-01
6.707200407981872559e-02
7.445327192544937134e-02
9.313835948705673218e-02
8.304763585329055786e-02
5.247053876519203186e-02
2.589994668960571289e-02
6.231449544429779053e-02
4.519777745008468628e-02
8.258603513240814209e-02
4.445306956768035889e-02
9.146883338689804077e-02
8.223704993724822998e-02
4.577638581395149231e-02
1.472790688276290894e-01
5.475337803363800049e-02
9.561754018068313599e-02
1.019457727670669556e-01
2.238363958895206451e-02
5.087447911500930786e-02
1.453216224908828735e-01
1.502458844333887100e-02
1.069952771067619324e-01
5.341995507478713989e-02
7.553674280643463135e-02
1.702726930379867554e-01
1.085123047232627869e-01
6.785506010055541992e-02
3.461420238018035889e-01
3.272768110036849976e-02
5.335157364606857300e-02
2.763916365802288055e-02
1.023747995495796204e-01
6.267423182725906372e-02
9.627713263034820557e-02
3.162615373730659485e-02
5.190538987517356873e-02
1.740424185991287231e-01
5.399596691131591797e-01
1.830294355750083923e-02
1.914531886577606201e-01
4.411223903298377991e-02
6.409354507923126221e-02
2.444142848253250122e-02
3.617570549249649048e-02
3.006876073777675629e-02
5.739785358309745789e-02
3.079434335231781006e-01
4.628505930304527283e-02
4.672596603631973267e-02
4.786302894353866577e-02
1.614468097686767578e-01
2.001957297325134277e-01
9.897479414939880371e-02
9.430561214685440063e-02
1.241905391216278076e-01
4.428863897919654846e-02
7.476747035980224609e-02
8.133315294981002808e-02
1.853327453136444092e-01
1.038808301091194153e-01
1.276482641696929932e-01
6.509358435869216919e-02
7.535070180892944336e-02
6.232540681958198547e-02
1.079749539494514465e-01
6.473533064126968384e-02
1.227785795927047729e-01
9.205607324838638306e-02
1.981196105480194092e-01
4.447216391563415527e-01
7.741157710552215576e-02
1.389916837215423584e-01
1.139223799109458923e-01
4.615227505564689636e-02
8.602038025856018066e-02
7.171186804771423340e-02
7.715853303670883179e-02
8.090278506278991699e-02
4.378177970647811890e-02
5.517848581075668335e-02
5.518039315938949585e-02
1.216359958052635193e-01
3.357987850904464722e-02
5.098497122526168823e-02
1.630138605833053589e-01
9.510380029678344727e-02
4.118370264768600464e-02
7.278567552566528320e-02
4.061973467469215393e-02
3.960691392421722412e-02
1.357921510934829712e-01
8.225777745246887207e-02
8.395861089229583740e-02
5.204309150576591492e-02
3.537092506885528564e-01
5.737551674246788025e-02
1.060642004013061523e-01
1.972496509552001953e-01
7.596391439437866211e-02
8.142421394586563110e-02
8.344287425279617310e-02
2.158475518226623535e-01
1.139093637466430664e-01
4.291911423206329346e-02
1.787746250629425049e-01
2.805700153112411499e-02
4.741103574633598328e-02
8.093949407339096069e-02
6.140398606657981873e-02
1.149987056851387024e-01
4.724733904004096985e-02
4.622521623969078064e-02
1.585815101861953735e-01
2.360884994268417358e-01
2.957517094910144806e-02
3.971027582883834839e-02
8.442831784486770630e-02
8.023372292518615723e-02
1.386736780405044556e-01
3.620446622371673584e-01
1.689141094684600830e-01
4.822450131177902222e-02
2.765387855470180511e-02
2.531786449253559113e-02
4.924431443214416504e-02
4.111769795417785645e-02
7.269915938377380371e-02
3.795589506626129150e-02
9.408829361200332642e-02
5.293345078825950623e-02
6.127570569515228271e-02
7.509602606296539307e-02
1.107727214694023132e-01
9.756273031234741211e-02
1.342969238758087158e-01
1.353496164083480835e-01
8.076468855142593384e-02
1.859932839870452881e-01
2.698956429958343506e-01
5.961569771170616150e-02
8.764778077602386475e-02
6.855770945549011230e-02
1.293977349996566772e-01
4.082896113395690918e-01
1.024115607142448425e-01
4.102287068963050842e-02
1.276743412017822266e-01
2.792930044233798981e-02
4.951056540012359619e-01
4.965677261352539062e-01
6.592083722352981567e-02
4.711373150348663330e-02
4.480517283082008362e-02
6.124170124530792236e-02
7.550663352012634277e-01
9.014692902565002441e-01
5.783073976635932922e-02
2.084736078977584839e-01
9.135010093450546265e-02
2.442797869443893433e-01
7.947642803192138672e-01
8.687607049942016602e-01
4.496060609817504883e-01
1.120519191026687622e-01
8.785647153854370117e-02
1.643586754798889160e-01
