1.422617584466934204e-01
1.149061694741249084e-01
5.422672629356384277e-02
3.552648425102233887e-02
3.460973873734474182e-02
1.826859265565872192e-01
1.821009367704391479e-01
5.873341485857963562e-02
1.286303699016571045e-01
7.949662953615188599e-02
1.438422203063964844e-01
6.018361449241638184e-02
2.379541397094726562e-01
7.473736256361007690e-02
7.633753865957260132e-02
1.642825454473495483e-01
1.238312721252441406e-01
3.091550059616565704e-02
3.366513177752494812e-02
6.552036851644515991e-02
1.771353334188461304e-01
6.105245277285575867e-02
6.841885298490524292e-02
2.854877114295959473e-01
8.894357085227966309e-02
1.168495118618011475e-01
2.103046029806137085e-01
5.252287536859512329e-02
6.309796124696731567e-02
6.432063877582550049e-02
1.043092682957649231e-01
3.698235005140304565e-02
5.330800265073776245e-02
2.061930447816848755e-01
4.329672455787658691e-02
5.512579530477523804e-02
2.117885649204254150e-01
7.329285889863967896e-02
1.070037856698036194e-01
1.178946197032928467e-01
7.890909165143966675e-02
6.103251874446868896e-02
5.462697148323059082e-02
4.698013886809349060e-02
4.356227815151214600e-02
9.942349791526794434e-02
8.492118120193481445e-02
2.036414295434951782e-01
4.704057052731513977e-02
6.080125272274017334e-02
3.378319367766380310e-02
4.472369328141212463e-02
1.129981651902198792e-01
2.449970319867134094e-02
1.378898173570632935e-01
5.454336851835250854e-02
5.192893370985984802e-02
1.461502015590667725e-01
4.902717098593711853e-02
2.085903100669384003e-02
5.572632327675819397e-02
1.620642244815826416e-01
2.404078841209411621e-01
9.622893482446670532e-02
9.830580353736877441e-01
5.658151507377624512e-01
6.002900749444961548e-02
3.629927337169647217e-02
3.237550333142280579e-02
1.027374789118766785e-01
5.230040103197097778e-02
6.734893471002578735e-02
6.326481699943542480e-02
1.822009086608886719e-01
7.089955359697341919e-02
8.722952008247375488e-02
8.952673524618148804e-02
9.725572168827056885e-02
2.743972539901733398e-01
1.286142468452453613e-01
4.994141682982444763e-02
1.477012634277343750e-01
4.296158999204635620e-02
6.272767484188079834e-02
7.956081628799438477e-02
9.307511150836944580e-02
8.628717064857482910e-02
4.355254396796226501e-02
2.266963385045528412e-02
4.978789389133453369e-02
3.251837939023971558e-02
7.838038355112075806e-02
5.698082223534584045e-02
6.902953237295150757e-02
9.466680884361267090e-02
1.654996275901794434e-01
4.855434224009513855e-02
7.975199818611145020e-02
1.092942357063293457e-01
2.379952371120452881e-02
6.471738964319229126e-02
1.053869500756263733e-01
4.106817767024040222e-02
1.978068202733993530e-01
5.560182407498359680e-02
9.777574241161346436e-02
1.241548657417297363e-01
7.228377461433410645e-02
4.374450445175170898e-02
7.529871165752410889e-02
5.654567107558250427e-02
3.389722853899002075e-02
5.357528850436210632e-02
6.449830532073974609e-02
1.823064833879470825e-01
4.150881990790367126e-02
4.467338323593139648e-01
6.009753420948982239e-02
9.882971644401550293e-02
1.649097949266433716e-01
1.001286655664443970e-01
6.532242149114608765e-02
6.085228919982910156e-02
6.316716969013214111e-02
7.745504379272460938e-02
4.148933291435241699e-02
3.514377027750015259e-02
6.701559573411941528e-02
7.743477076292037964e-02
3.899127990007400513e-02
8.229210972785949707e-02
9.016431868076324463e-02
4.559879750013351440e-02
1.471621245145797729e-01
9.224025160074234009e-02
7.367876172065734863e-02
9.771226346492767334e-02
5.362798646092414856e-02
1.244727224111557007e-01
5.781272426247596741e-02
1.083599254488945007e-01
1.477179229259490967e-01
8.855707198381423950e-02
1.748022884130477905e-01
6.410562992095947266e-02
9.851980954408645630e-02
9.136925637722015381e-02
6.604826450347900391e-02
1.092563569545745850e-01
5.161657184362411499e-02
1.283994019031524658e-01
9.245643764734268188e-02
2.172372192144393921e-01
1.695678532123565674e-01
5.978110432624816895e-02
2.138217389583587646e-01
3.964237123727798462e-02
4.109594225883483887e-02
2.003317885100841522e-02
3.497495502233505249e-02
1.912586577236652374e-02
6.327558308839797974e-02
1.028171107172966003e-01
5.733540654182434082e-01
2.590240538120269775e-01
8.610428124666213989e-02
1.117992848157882690e-01
2.364116013050079346e-01
4.177159816026687622e-02
1.152170374989509583e-01
7.055688649415969849e-02
4.400084167718887329e-02
4.406810924410820007e-02
1.525538116693496704e-01
5.220448225736618042e-02
3.742939233779907227e-02
7.230012118816375732e-02
6.656964868307113647e-02
3.996131569147109985e-02
3.611482307314872742e-02
1.139760762453079224e-01
5.410988628864288330e-02
6.339906901121139526e-02
1.011914238333702087e-01
3.531192615628242493e-02
5.088370293378829956e-02
3.001127950847148895e-02
6.713442504405975342e-02
3.111554682254791260e-02
9.123579412698745728e-02
8.514202386140823364e-02
4.845887422561645508e-02
8.400206267833709717e-02
8.491664379835128784e-02
4.525646194815635681e-02
8.817240595817565918e-02
6.423973292112350464e-02
3.575834631919860840e-02
6.961815059185028076e-02
6.120613962411880493e-02
5.025049299001693726e-02
1.093842014670372009e-01
1.267131716012954712e-01
5.661511421203613281e-02
1.046673953533172607e-01
1.017767339944839478e-01
1.223525777459144592e-01
7.519407570362091064e-02
1.101250201463699341e-01
5.788889154791831970e-02
1.204546466469764709e-01
5.419524386525154114e-02
6.321226805448532104e-02
6.923666596412658691e-02
5.883035436272621155e-02
4.752137139439582825e-02
4.584664478898048401e-02
1.037757918238639832e-01
1.105716526508331299e-01
4.579582437872886658e-02
7.124319672584533691e-02
3.982513546943664551e-01
5.517451092600822449e-02
4.194058105349540710e-02
5.485828220844268799e-02
1.087139993906021118e-01
7.769122719764709473e-02
6.456236541271209717e-02
6.046731397509574890e-02
7.652999460697174072e-02
7.768025249242782593e-02
1.122359707951545715e-01
6.019222363829612732e-02
8.172007650136947632e-02
1.021205782890319824e-01
7.007047533988952637e-02
2.938932180404663086e-02
4.316028952598571777e-02
1.150982752442359924e-01
3.121908754110336304e-02
5.949288979172706604e-02
8.967958390712738037e-02
8.093887567520141602e-02
9.890771657228469849e-02
1.127966195344924927e-01
8.619629591703414917e-02
5.452712997794151306e-02
7.290860265493392944e-02
6.292369216680526733e-02
2.126871794462203979e-02
7.268350571393966675e-02
5.780844390392303467e-02
6.143415719270706177e-02
6.682662665843963623e-02
4.114805161952972412e-02
4.305996000766754150e-02
3.761489689350128174e-01
7.781232893466949463e-02
1.205489262938499451e-01
5.313023179769515991e-02
1.138694062829017639e-01
7.297604531049728394e-02
8.228297531604766846e-02
1.751217432320117950e-02
3.139707073569297791e-02
6.086611747741699219e-02
2.038151919841766357e-01
4.893926531076431274e-02
5.147514119744300842e-02
5.796900019049644470e-02
1.710337102413177490e-01
6.024670228362083435e-02
8.381154388189315796e-02
4.239702224731445312e-02
9.140829741954803467e-02
9.809923171997070312e-02
3.703180328011512756e-02
4.623398929834365845e-02
1.236590463668107986e-02
5.009913071990013123e-02
4.797775670886039734e-02
6.631959229707717896e-02
3.389000520110130310e-02
8.889994025230407715e-02
5.797864869236946106e-02
4.304350912570953369e-02
2.240680158138275146e-01
5.563930422067642212e-02
1.190805211663246155e-01
8.299842476844787598e-02
6.613998860120773315e-02
1.057034805417060852e-01
2.599205449223518372e-02
3.013118542730808258e-02
7.234762609004974365e-02
5.866378173232078552e-02
1.152990609407424927e-01
9.894478321075439453e-01
4.079805687069892883e-02
4.655546322464942932e-02
4.051855206489562988e-02
7.002086937427520752e-02
1.099430620670318604e-01
9.669864922761917114e-02
6.384461373090744019e-02
7.563392072916030884e-02
5.875017121434211731e-02
2.913338132202625275e-02
1.609773933887481689e-01
1.146718710660934448e-01
7.372363209724426270e-01
8.515823483467102051e-01
7.694729566574096680e-01
5.396353006362915039e-01
2.031562626361846924e-01
1.903233081102371216e-01
1.671707928180694580e-01
7.605036348104476929e-02
1.688509434461593628e-01
3.986537829041481018e-02
4.405505657196044922e-01
5.111487582325935364e-02
7.196994870901107788e-02
2.069115489721298218e-01
6.528704613447189331e-02
3.508282452821731567e-02
4.056388512253761292e-02
4.135275483131408691e-01
6.346906721591949463e-02
7.652398943901062012e-01
2.257583588361740112e-01
1.028542444109916687e-01
2.343139946460723877e-01
4.199122264981269836e-02
7.178022712469100952e-02
1.435919553041458130e-01
6.285376101732254028e-02
7.175043225288391113e-02
1.185806244611740112e-01
4.963030293583869934e-02
6.611800938844680786e-02
5.949503928422927856e-02
5.338183045387268066e-02
4.584049060940742493e-02
5.281875655055046082e-02
9.122547507286071777e-02
4.786182567477226257e-02
9.708572924137115479e-02
1.229202523827552795e-01
6.351192593574523926e-01
1.878051012754440308e-01
4.350217804312705994e-02
5.896928906440734863e-02
9.757870435714721680e-02
8.352140784263610840e-01
2.618582360446453094e-02
2.480211481451988220e-02
1.381660997867584229e-01
6.906305253505706787e-02
6.419822573661804199e-02
5.898945406079292297e-02
7.772172242403030396e-02
4.794242978096008301e-02
6.040108576416969299e-02
3.873873502016067505e-02
7.443648576736450195e-02
7.005836069583892822e-02
6.545861810445785522e-02
8.686842024326324463e-02
9.422802925109863281e-02
7.164135575294494629e-02
1.480121612548828125e-01
3.711609244346618652e-01
1.200758442282676697e-01
5.347401276230812073e-02
9.698230773210525513e-02
1.443838924169540405e-01
8.804947882890701294e-02
4.488148540258407593e-02
4.833690077066421509e-02
1.161625161767005920e-01
7.394400984048843384e-02
7.324732095003128052e-02
3.764325752854347229e-02
2.970766834914684296e-02
4.772358387708663940e-02
4.969587177038192749e-02
2.382000684738159180e-01
2.693285234272480011e-02
9.923090785741806030e-02
5.137795209884643555e-02
1.804075837135314941e-01
4.356942474842071533e-01
8.084027171134948730e-01
1.014373153448104858e-01
1.675027161836624146e-01
1.588798910379409790e-01
1.751213967800140381e-01
4.719633609056472778e-02
9.833001345396041870e-02
1.511042751371860504e-02
2.187890000641345978e-02
6.004274263978004456e-02
5.040006712079048157e-02
7.908628880977630615e-02
3.918950259685516357e-02
7.957094162702560425e-02
9.907071292400360107e-02
7.677308470010757446e-02
9.391743689775466919e-02
4.134026914834976196e-02
7.729425281286239624e-02
4.101124405860900879e-02
3.570727258920669556e-02
1.200806573033332825e-01
1.733412146568298340e-01
6.349702179431915283e-02
3.837443888187408447e-02
1.215152516961097717e-01
6.869568675756454468e-02
1.183862611651420593e-01
2.379009127616882324e-02
4.197836294770240784e-02
6.096050143241882324e-02
5.830885842442512512e-02
1.189436987042427063e-01
1.320407837629318237e-01
3.757875412702560425e-02
5.311036109924316406e-02
1.070562377572059631e-01
5.247884392738342285e-01
3.112324476242065430e-01
6.308929622173309326e-02
2.649303674697875977e-01
1.170641332864761353e-01
1.019688695669174194e-01
5.122812092304229736e-02
3.856425732374191284e-02
5.045586824417114258e-01
2.129348963499069214e-01
1.938867196440696716e-02
6.253647059202194214e-02
3.534949943423271179e-02
4.031728580594062805e-02
1.280852258205413818e-01
5.944756045937538147e-02
1.949459016323089600e-01
3.492841720581054688e-01
1.417594403028488159e-01
5.735615268349647522e-02
3.020596131682395935e-02
1.789705455303192139e-01
3.099861443042755127e-01
5.250677093863487244e-02
1.610303670167922974e-01
4.025426805019378662e-01
1.043227240443229675e-01
1.605812832713127136e-02
3.884572982788085938e-01
1.062413305044174194e-01
7.292009145021438599e-02
6.708512455224990845e-02
4.363559931516647339e-02
9.474284946918487549e-02
5.309035256505012512e-02
6.160321831703186035e-02
9.737415611743927002e-02
6.398177891969680786e-02
2.337720990180969238e-01
6.263929605484008789e-01
1.205901280045509338e-01
6.279559433460235596e-02
1.234910860657691956e-01
5.725041404366493225e-02
1.030492782592773438e-01
1.415945291519165039e-01
6.985656172037124634e-02
5.958842113614082336e-02
4.045159816741943359e-01
1.275309473276138306e-01
1.117383614182472229e-01
6.453917920589447021e-02
1.410929262638092041e-01
9.932084381580352783e-02
1.199691966176033020e-01
1.107407808303833008e-01
1.170154884457588196e-01
4.978180676698684692e-02
6.786821782588958740e-02
3.098824918270111084e-01
2.343261986970901489e-01
2.466071993112564087e-01
1.883966475725173950e-01
7.513745874166488647e-02
3.488172963261604309e-02
4.881454706192016602e-01
9.654812514781951904e-02
1.262068301439285278e-01
4.653446972370147705e-01
6.087588667869567871e-01
4.445704072713851929e-02
4.876834526658058167e-02
3.965868353843688965e-01
5.337224528193473816e-02
1.845265477895736694e-01
2.104410529136657715e-01
9.114076197147369385e-02
1.696468889713287354e-01
8.044865727424621582e-02
1.132832914590835571e-01
1.816166788339614868e-01
7.697313278913497925e-02
2.992044091224670410e-01
1.386525183916091919e-01
7.460705190896987915e-02
1.012110784649848938e-01
1.263450533151626587e-01
6.792627274990081787e-02
8.420224487781524658e-02
1.454083621501922607e-01
4.541535302996635437e-02
1.395522654056549072e-01
1.140421405434608459e-01
6.403502076864242554e-02
4.096494615077972412e-02
5.090485215187072754e-01
1.299667656421661377e-01
6.812701374292373657e-02
1.190559118986129761e-01
6.628236919641494751e-02
8.650707453489303589e-02
9.184355288743972778e-02
8.577888458967208862e-02
7.000573724508285522e-02
3.498539626598358154e-01
1.190935000777244568e-01
2.381432987749576569e-02
1.501203477382659912e-01
1.745700240135192871e-01
3.105054795742034912e-01
4.757826775312423706e-02
4.722165316343307495e-02
3.720804750919342041e-01
2.293923944234848022e-01
7.958617061376571655e-02
7.779561728239059448e-02
1.271882355213165283e-01
2.075475752353668213e-01
3.966206312179565430e-02
1.893668808043003082e-02
5.420457571744918823e-02
7.932257652282714844e-02
5.037413537502288818e-02
7.661654055118560791e-02
5.544872209429740906e-02
8.099683374166488647e-02
5.064507201313972473e-02
8.338911086320877075e-02
1.261074542999267578e-01
5.888890102505683899e-02
8.793178200721740723e-02
5.616666376590728760e-02
3.598219156265258789e-02
6.709869205951690674e-02
2.793273888528347015e-02
1.128193363547325134e-01
3.779379278421401978e-02
5.004136636853218079e-02
6.940826773643493652e-02
9.556929022073745728e-02
1.028279289603233337e-01
1.035318300127983093e-01
8.052062988281250000e-02
8.905897289514541626e-02
5.444409847259521484e-01
7.972890883684158325e-02
9.798633456230163574e-01
9.999974966049194336e-01
1.525968462228775024e-01
5.559260770678520203e-02
5.137032866477966309e-01
4.033754169940948486e-01
5.775416269898414612e-02
1.410079747438430786e-01
7.714715600013732910e-02
7.258144617080688477e-01
1.130529418587684631e-01
6.314723938703536987e-02
9.932579100131988525e-02
1.193214058876037598e-01
2.154084891080856323e-01
2.082265317440032959e-01
1.532702594995498657e-01
2.061236649751663208e-01
5.086296796798706055e-01
1.053152233362197876e-01
2.882775478065013885e-02
2.922697067260742188e-01
1.620676666498184204e-01
1.139470562338829041e-01
6.886183470487594604e-02
4.662535339593887329e-02
1.346751302480697632e-01
5.355804041028022766e-02
7.386078685522079468e-02
6.016227602958679199e-02
1.607444137334823608e-01
2.651497125625610352e-01
8.447282016277313232e-02
6.688795238733291626e-02
6.684026122093200684e-02
7.032707333564758301e-02
3.051636926829814911e-02
2.440690062940120697e-02
6.350939720869064331e-02
8.863251656293869019e-02
5.133012309670448303e-02
6.322598457336425781e-02
1.975775882601737976e-02
4.403851926326751709e-02
1.096360981464385986e-01
7.929191738367080688e-02
9.608148783445358276e-02
9.165256470441818237e-02
4.037727043032646179e-02
9.703627228736877441e-02
1.113418936729431152e-01
1.142093315720558167e-01
7.148661464452743530e-02
2.763162367045879364e-02
6.290391832590103149e-02
1.332514286041259766e-01
9.102258831262588501e-02
5.059865117073059082e-02
1.056829318404197693e-01
6.379839032888412476e-02
8.147154748439788818e-02
6.445385515689849854e-02
7.728327065706253052e-02
6.113696470856666565e-02
8.086073398590087891e-02
5.812272801995277405e-02
7.671054452657699585e-02
4.852415248751640320e-02
3.178256005048751831e-02
5.726578831672668457e-02
7.735706865787506104e-02
6.277102977037429810e-02
2.642751857638359070e-02
7.089806348085403442e-02
1.025798544287681580e-01
8.080820739269256592e-02
1.544080674648284912e-01
1.410438269376754761e-01
2.795376442372798920e-02
3.074737824499607086e-02
4.014285281300544739e-02
6.874009966850280762e-02
4.288036748766899109e-02
2.203399986028671265e-01
6.749473512172698975e-02
2.449802011251449585e-01
3.085471503436565399e-02
5.554482713341712952e-02
7.464330643415451050e-02
5.772218480706214905e-02
8.917463570833206177e-02
6.702506542205810547e-02
8.570722490549087524e-02
5.678808093070983887e-01
3.083109110593795776e-02
6.399224698543548584e-02
4.600531607866287231e-02
3.134571388363838196e-02
8.534163981676101685e-02
1.204334795475006104e-01
3.623642027378082275e-02
8.773281425237655640e-02
6.599667668342590332e-01
5.841716751456260681e-02
3.436383008956909180e-01
5.412738770246505737e-02
3.012101165950298309e-02
1.319190412759780884e-01
4.516215249896049500e-02
8.019617199897766113e-02
3.146127611398696899e-02
2.020718529820442200e-02
9.840540587902069092e-02
6.416665017604827881e-02
4.653003066778182983e-02
1.378389596939086914e-01
6.015781164169311523e-01
2.197535336017608643e-02
1.444746553897857666e-01
3.539041802287101746e-02
6.997541338205337524e-02
2.126155793666839600e-01
8.202009201049804688e-01
4.928182810544967651e-02
8.775388449430465698e-02
4.070434719324111938e-02
5.544020608067512512e-02
2.533508837223052979e-01
4.328978955745697021e-01
6.279565691947937012e-01
7.199522852897644043e-01
1.237291991710662842e-01
1.229157969355583191e-01
5.372621119022369385e-02
5.346460267901420593e-02
4.598918184638023376e-02
9.476113319396972656e-02
5.702981725335121155e-02
3.283455595374107361e-02
2.395069040358066559e-02
5.297607928514480591e-02
3.706986084580421448e-02
2.079308405518531799e-02
3.396286815404891968e-02
5.059881210327148438e-01
1.003603115677833557e-01
7.849678397178649902e-02
1.367828249931335449e-01
5.560978502035140991e-02
6.827188283205032349e-02
1.817134022712707520e-01
8.750244230031967163e-02
1.201640367507934570e-01
1.814227737486362457e-02
3.425329923629760742e-02
1.181531772017478943e-01
9.583085775375366211e-01
5.782404914498329163e-02
2.285653501749038696e-01
1.730465739965438843e-01
2.916798926889896393e-02
7.512490749359130859e-01
1.843214482069015503e-01
4.760622233152389526e-02
3.163303434848785400e-01
1.253526806831359863e-01
9.731482714414596558e-02
1.587514877319335938e-01
9.606092572212219238e-01
9.303448796272277832e-01
3.791483938694000244e-01
1.881693750619888306e-01
2.940047346055507660e-02
7.442117482423782349e-02
2.509875968098640442e-02
2.212246954441070557e-01
8.779294043779373169e-02
2.565652728080749512e-01
8.402574062347412109e-02
2.122455835342407227e-02
3.639636933803558350e-02
6.053938344120979309e-02
5.299396440386772156e-02
8.452248573303222656e-02
3.604909777641296387e-02
4.066335782408714294e-02
4.608076512813568115e-01
8.976228833198547363e-01
9.225696921348571777e-01
9.276498109102249146e-02
8.883733302354812622e-02
1.770320534706115723e-01
4.616861343383789062e-01
8.589136004447937012e-01
2.341416478157043457e-01
4.110852628946304321e-02
1.512932181358337402e-01
2.381690219044685364e-02
4.419911280274391174e-02
1.164599806070327759e-01
1.764862984418869019e-01
7.511997967958450317e-02
4.701967164874076843e-02
1.003783792257308960e-01
6.734688580036163330e-02
1.904634982347488403e-01
1.272459030151367188e-01
6.317747384309768677e-02
7.326691597700119019e-02
6.882289797067642212e-02
1.167099997401237488e-01
1.519342809915542603e-01
1.640815436840057373e-01
3.216267824172973633e-01
2.718536555767059326e-01
4.904545471072196960e-02
2.049222290515899658e-01
4.905778542160987854e-02
2.832584083080291748e-01
6.719829142093658447e-02
8.684463053941726685e-02
1.362598091363906860e-01
7.317492365837097168e-02
7.936761528253555298e-02
1.051688864827156067e-01
1.067105680704116821e-01
7.940216362476348877e-02
6.777112931013107300e-02
6.995283812284469604e-02
1.231736168265342712e-01
5.128793418407440186e-02
5.581576749682426453e-02
1.410121619701385498e-01
5.368609726428985596e-02
1.190464645624160767e-01
3.430433943867683411e-02
4.557733535766601562e-01
4.232109785079956055e-01
4.848234355449676514e-02
1.255832612514495850e-01
1.046274080872535706e-01
9.207434058189392090e-01
4.996919631958007812e-02
5.010943487286567688e-02
6.816781312227249146e-02
2.006724476814270020e-02
6.173285469412803650e-02
1.084804534912109375e-01
2.990267984569072723e-02
4.765887558460235596e-02
9.085830301046371460e-02
4.323980584740638733e-02
8.551521599292755127e-02
2.277374267578125000e-02
3.839449211955070496e-02
1.173123344779014587e-01
6.266689300537109375e-02
9.825552254915237427e-02
2.556425705552101135e-02
9.412729740142822266e-02
3.418425470590591431e-02
4.047580808401107788e-02
1.985642313957214355e-01
8.239842206239700317e-02
6.461810320615768433e-02
2.856537699699401855e-02
6.107854843139648438e-02
8.661767840385437012e-02
5.838255211710929871e-02
6.792385876178741455e-02
9.382715076208114624e-02
4.731573536992073059e-02
5.692615360021591187e-02
1.002301275730133057e-01
6.291668117046356201e-02
1.334824562072753906e-01
5.565324798226356506e-02
5.147437378764152527e-02
8.151909708976745605e-02
7.595098018646240234e-02
6.468306481838226318e-02
8.966094255447387695e-02
8.233576267957687378e-02
9.796675294637680054e-02
6.865750253200531006e-02
4.894336313009262085e-02
4.095958918333053589e-02
1.269160360097885132e-01
4.172251746058464050e-02
7.693757861852645874e-02
2.940184809267520905e-02
3.453561961650848389e-01
4.274885654449462891e-01
8.152714371681213379e-02
6.373617053031921387e-02
1.625591367483139038e-01
2.839484810829162598e-01
6.941992044448852539e-02
1.874664723873138428e-01
1.097786799073219299e-01
7.502640783786773682e-02
5.157712846994400024e-02
5.672845244407653809e-02
9.072313457727432251e-02
9.306319802999496460e-02
9.227547049522399902e-02
7.889117300510406494e-02
4.784779250621795654e-01
1.585148870944976807e-01
6.472656875848770142e-02
5.104129761457443237e-02
1.109729632735252380e-01
9.430958032608032227e-01
9.196303039789199829e-02
9.102524816989898682e-02
6.057607755064964294e-02
6.968640536069869995e-02
7.661455869674682617e-01
1.064766198396682739e-01
1.104983091354370117e-01
2.477507293224334717e-01
1.061252206563949585e-01
9.289102256298065186e-02
4.605884104967117310e-02
7.615520060062408447e-02
9.720549732446670532e-02
1.419636756181716919e-01
1.182237118482589722e-01
3.383363038301467896e-02
6.449420750141143799e-02
1.974007934331893921e-01
8.586909621953964233e-02
1.775289624929428101e-01
5.933830514550209045e-02
4.615818336606025696e-02
1.843975931406021118e-01
9.724269807338714600e-02
4.344150125980377197e-01
8.481445163488388062e-02
4.519196152687072754e-01
7.991935312747955322e-02
1.345890015363693237e-01
4.104036837816238403e-02
9.486168622970581055e-02
1.214977353811264038e-01
1.393244266510009766e-01
4.719033464789390564e-02
2.227220386266708374e-01
9.892109781503677368e-02
2.056991867721080780e-02
7.180426269769668579e-02
2.345742471516132355e-02
9.704755246639251709e-02
1.465470492839813232e-01
1.072443649172782898e-01
8.548886328935623169e-02
1.041515171527862549e-01
5.406302213668823242e-02
8.480154871940612793e-01
3.859692439436912537e-02
6.583172082901000977e-02
6.400011479854583740e-02
5.530386567115783691e-01
2.732339799404144287e-01
6.134473532438278198e-02
7.657426595687866211e-02
8.293628692626953125e-02
3.160992264747619629e-02
1.144761890172958374e-01
4.058125615119934082e-02
4.080954790115356445e-01
7.104802876710891724e-02
2.595807909965515137e-01
1.330860257148742676e-01
5.937666445970535278e-02
4.851358532905578613e-01
1.818718463182449341e-01
1.436460912227630615e-01
7.227011024951934814e-02
2.566012442111968994e-01
3.155180439352989197e-02
1.156679242849349976e-01
6.852239370346069336e-02
1.320779919624328613e-01
2.715270817279815674e-01
7.012415677309036255e-02
2.103260457515716553e-01
7.534495741128921509e-02
1.109105348587036133e-01
3.596818074584007263e-02
8.737949281930923462e-02
5.705124512314796448e-02
4.258950427174568176e-02
1.919952630996704102e-01
6.269512325525283813e-02
1.105693578720092773e-01
8.198989182710647583e-02
8.209554105997085571e-02
5.101516842842102051e-02
3.855849802494049072e-01
2.316516339778900146e-01
1.147703975439071655e-01
1.105378046631813049e-01
6.183018088340759277e-01
7.487469315528869629e-01
1.614439785480499268e-01
1.535659283399581909e-01
5.715911835432052612e-02
1.532300114631652832e-01
9.429518133401870728e-02
4.027899354696273804e-02
3.695209324359893799e-02
1.256029754877090454e-01
8.144552260637283325e-02
8.096227049827575684e-02
5.086746811866760254e-02
6.660120934247970581e-02
1.082266196608543396e-01
1.605088114738464355e-01
6.742183119058609009e-02
6.343616545200347900e-02
1.515373140573501587e-01
4.615121334791183472e-02
1.191128045320510864e-01
1.021146550774574280e-01
1.014922857284545898e-01
3.711178153753280640e-02
5.449732542037963867e-01
5.820999667048454285e-02
5.683989450335502625e-02
1.900993287563323975e-01
4.180296882987022400e-02
2.912528812885284424e-01
1.603168100118637085e-01
7.259606719017028809e-01
1.407350003719329834e-01
9.988073110580444336e-01
1.235699430108070374e-01
5.247498750686645508e-01
1.538785994052886963e-01
9.206742048263549805e-01
8.620173335075378418e-01
4.097833335399627686e-01
9.842411428689956665e-02
3.459111973643302917e-02
5.737983807921409607e-02
3.671844676136970520e-02
7.723477482795715332e-02
2.046811394393444061e-02
3.231548890471458435e-02
3.492819368839263916e-01
3.638403490185737610e-02
2.117340862751007080e-01
1.853097230195999146e-01
1.946118921041488647e-01
2.349665910005569458e-01
2.827566266059875488e-01
3.117060475051403046e-02
1.070784684270620346e-02
5.883697047829627991e-02
8.458226174116134644e-02
1.015585735440254211e-01
1.301471143960952759e-01
1.881029643118381500e-02
1.141869947314262390e-01
1.124356985092163086e-01
4.613125696778297424e-02
1.970404535531997681e-01
1.357828080654144287e-01
2.213819175958633423e-01
1.230334863066673279e-01
1.121488660573959351e-01
1.586456149816513062e-01
2.078560590744018555e-01
1.779869645833969116e-01
1.424792595207691193e-02
8.053238689899444580e-02
6.728004664182662964e-02
5.823939666152000427e-02
5.398597568273544312e-02
5.451039224863052368e-02
6.307649612426757812e-02
1.103931292891502380e-01
1.215143501758575439e-01
5.618012696504592896e-02
8.293835073709487915e-02
3.874845057725906372e-02
1.872450262308120728e-01
4.424870386719703674e-02
5.854602903127670288e-02
5.627887696027755737e-02
9.466022998094558716e-02
5.860941484570503235e-02
4.099077731370925903e-02
7.847526669502258301e-02
2.070573568344116211e-01
8.093057572841644287e-02
5.939996242523193359e-02
9.899806231260299683e-02
4.375116899609565735e-02
8.181968331336975098e-02
3.137142956256866455e-02
9.293632209300994873e-02
2.436275184154510498e-01
6.551018357276916504e-02
5.972752720117568970e-02
3.729746937751770020e-01
5.407150834798812866e-02
7.388414442539215088e-02
6.130751222372055054e-02
4.589428752660751343e-02
6.719186156988143921e-02
4.270686209201812744e-02
2.062707245349884033e-01
3.616640344262123108e-02
7.881729304790496826e-02
4.257515668869018555e-01
3.588808178901672363e-01
4.896515980362892151e-02
3.556691482663154602e-02
1.556504815816879272e-01
5.229284241795539856e-02
1.193853095173835754e-01
8.065619468688964844e-01
4.359715804457664490e-02
1.282638311386108398e-01
5.626329034566879272e-02
2.500863671302795410e-01
1.752802431583404541e-01
5.432414636015892029e-02
7.660890370607376099e-02
3.867989778518676758e-02
1.547092646360397339e-01
1.593850106000900269e-01
1.693800389766693115e-01
1.996095627546310425e-01
1.002707555890083313e-01
9.853120893239974976e-02
3.887046277523040771e-01
1.651585847139358521e-01
4.878328740596771240e-02
4.526914656162261963e-02
2.596054673194885254e-01
1.493697315454483032e-01
1.800744235515594482e-01
9.848752617835998535e-01
9.999908208847045898e-01
3.044582903385162354e-01
2.700491435825824738e-02
8.643518388271331787e-02
7.397402077913284302e-02
7.999246567487716675e-02
8.533044904470443726e-02
9.998031258583068848e-01
9.998630285263061523e-01
7.216145098209381104e-02
1.986487358808517456e-01
2.566596567630767822e-01
5.142546296119689941e-01
7.369084954261779785e-01
9.022542089223861694e-02
2.168024778366088867e-01
9.939516186714172363e-01
9.642594456672668457e-01
1.049412563443183899e-01
1.096342802047729492e-01
2.460604459047317505e-01
2.776607871055603027e-01
8.552818745374679565e-02
6.152758374810218811e-02
1.184199824929237366e-01
5.059284716844558716e-02
1.570738703012466431e-01
1.506928354501724243e-01
9.959859251976013184e-01
2.926256693899631500e-02
1.426104754209518433e-01
2.156066447496414185e-01
1.243060827255249023e-01
1.590203046798706055e-01
3.250832557678222656e-01
8.841680288314819336e-01
6.784030050039291382e-02
7.086287438869476318e-02
1.887735128402709961e-01
4.311471432447433472e-02
9.698771685361862183e-02
8.995426446199417114e-02
1.103937029838562012e-01
5.602771788835525513e-02
1.554303616285324097e-01
1.945473700761795044e-01
1.572947949171066284e-01
3.808345645666122437e-02
1.024414375424385071e-01
9.372740238904953003e-02
3.581739962100982666e-02
1.846377253532409668e-01
2.174674421548843384e-01
1.203058063983917236e-01
5.294921994209289551e-01
7.389548420906066895e-02
2.318622544407844543e-02
1.776669733226299286e-02
8.070263266563415527e-02
4.959378764033317566e-02
1.157884672284126282e-02
9.999563694000244141e-01
9.999167919158935547e-01
5.824190750718116760e-02
4.846608638763427734e-02
9.881591796875000000e-02
6.620366126298904419e-02
3.950679674744606018e-02
2.924189865589141846e-01
8.677158504724502563e-02
1.354029923677444458e-01
8.219550549983978271e-02
9.513155221939086914e-01
6.794187426567077637e-01
4.424780309200286865e-01
1.844565719366073608e-01
6.944219768047332764e-02
4.496638849377632141e-02
9.759995341300964355e-02
7.584230303764343262e-01
9.999462366104125977e-01
2.769677527248859406e-02
5.872486159205436707e-02
8.111547678709030151e-02
6.518488377332687378e-02
9.920630604028701782e-02
5.112886801362037659e-02
4.385903477668762207e-02
3.121096268296241760e-02
8.723944425582885742e-01
6.968973875045776367e-01
5.196936056017875671e-02
5.228763446211814880e-02
1.147967353463172913e-01
4.303650557994842529e-02
7.026920467615127563e-02
1.141119301319122314e-01
3.391903042793273926e-01
1.022897809743881226e-01
1.668071448802947998e-01
9.020339250564575195e-01
4.625730514526367188e-01
3.258067667484283447e-01
6.021026521921157837e-02
8.122433722019195557e-02
1.695190370082855225e-02
4.930617660284042358e-02
7.145204395055770874e-02
2.338332310318946838e-02
1.182909831404685974e-01
5.238570645451545715e-02
1.581465750932693481e-01
9.478056430816650391e-02
1.346657276153564453e-01
5.816184729337692261e-02
5.843109264969825745e-02
9.532613158226013184e-01
2.593890018761157990e-02
3.065548464655876160e-02
7.791819423437118530e-02
4.187529534101486206e-02
1.518730819225311279e-01
8.107026666402816772e-02
1.358406394720077515e-01
2.322036027908325195e-02
3.180982172489166260e-02
1.827321946620941162e-01
7.860674709081649780e-02
8.322391659021377563e-02
1.086989417672157288e-01
2.808735966682434082e-01
2.125007808208465576e-01
5.463794246315956116e-02
2.306779623031616211e-01
9.031411260366439819e-02
3.082194924354553223e-02
5.660282820463180542e-02
3.182280436158180237e-02
2.189849168062210083e-01
1.623783707618713379e-01
8.765702694654464722e-02
1.127936989068984985e-01
1.515986621379852295e-01
1.022365242242813110e-01
4.439708888530731201e-01
8.113396167755126953e-02
3.757827356457710266e-02
1.798327118158340454e-01
2.620700895786285400e-01
1.844973266124725342e-01
4.312764853239059448e-02
6.904383003711700439e-02
3.889090195298194885e-02
3.155109286308288574e-02
9.056630730628967285e-02
4.962741956114768982e-02
5.914730578660964966e-02
6.736156344413757324e-02
2.363812178373336792e-02
4.249946773052215576e-02
2.528814598917961121e-02
1.208054646849632263e-01
9.920815378427505493e-02
5.954992771148681641e-02
5.453910306096076965e-02
1.557188779115676880e-01
2.047470770776271820e-02
1.064694076776504517e-01
6.178152933716773987e-02
4.465166479349136353e-02
5.346340686082839966e-02
2.296781390905380249e-01
6.699223816394805908e-02
1.755255609750747681e-01
1.612548828125000000e-01
5.418832600116729736e-02
6.958238780498504639e-02
8.352416008710861206e-02
6.795032322406768799e-02
9.855309873819351196e-02
1.020637601613998413e-01
7.442128658294677734e-01
5.644755437970161438e-02
1.592525690793991089e-01
3.302308917045593262e-02
1.560548245906829834e-01
9.487529397010803223e-01
2.418350875377655029e-01
4.329085722565650940e-02
2.663955688476562500e-01
4.797099530696868896e-02
6.927423924207687378e-02
3.872114419937133789e-02
1.187138035893440247e-01
2.165741473436355591e-01
4.352695941925048828e-01
1.308219972997903824e-02
2.446641176939010620e-01
2.558472752571105957e-01
1.486642658710479736e-01
5.114744976162910461e-02
7.420327514410018921e-02
9.589236974716186523e-02
1.070081740617752075e-01
9.802810847759246826e-02
9.388639777898788452e-02
6.131255254149436951e-02
3.223580867052078247e-02
7.042147219181060791e-02
3.820144012570381165e-02
7.991484552621841431e-02
7.209698855876922607e-02
5.987166240811347961e-02
4.010834544897079468e-02
3.689751029014587402e-02
5.583368241786956787e-02
5.746339559555053711e-01
8.643213659524917603e-02
6.868597120046615601e-02
4.051824808120727539e-01
2.457826435565948486e-01
3.743074238300323486e-01
7.977527379989624023e-02
2.464403212070465088e-02
3.897518664598464966e-02
5.778475999832153320e-01
8.233992755413055420e-02
1.819977164268493652e-01
2.313381433486938477e-01
1.969869062304496765e-02
5.933530926704406738e-01
5.553806945681571960e-02
1.770083159208297729e-01
1.936670243740081787e-01
7.440946996212005615e-02
1.268438696861267090e-01
1.531878486275672913e-02
7.174842059612274170e-02
1.542131304740905762e-01
6.022474914789199829e-02
5.353196710348129272e-02
7.127525657415390015e-02
1.089906468987464905e-01
7.071548700332641602e-01
8.667337298393249512e-01
2.069454044103622437e-01
3.369546830654144287e-01
7.984477281570434570e-02
7.812803983688354492e-02
8.133631944656372070e-02
4.464094340801239014e-02
1.759546995162963867e-01
3.556480258703231812e-02
8.826716989278793335e-02
1.467112898826599121e-01
1.239773929119110107e-01
5.168543010950088501e-02
1.091272160410881042e-01
4.497759044170379639e-02
2.819722332060337067e-02
6.163106486201286316e-02
7.165114283561706543e-01
1.043384522199630737e-01
1.282997429370880127e-01
7.143496721982955933e-02
1.825319826602935791e-01
4.254639893770217896e-02
1.215575933456420898e-01
7.370769232511520386e-02
2.289602756500244141e-01
6.047863885760307312e-02
8.453729003667831421e-02
2.907373756170272827e-02
2.313477173447608948e-02
5.200817435979843140e-02
9.072913229465484619e-02
2.301244586706161499e-01
2.303745895624160767e-01
2.773132324218750000e-01
3.383292630314826965e-02
3.336661681532859802e-02
9.378454834222793579e-02
3.899632096290588379e-01
1.372671872377395630e-01
9.714599251747131348e-01
9.238899946212768555e-01
1.402081847190856934e-01
8.507616072893142700e-02
1.651290655136108398e-01
6.421084403991699219e-01
4.645018577575683594e-01
9.305689483880996704e-02
5.111796036362648010e-02
4.140238091349601746e-02
6.323342025279998779e-02
5.764206871390342712e-02
4.937556758522987366e-02
5.317006632685661316e-02
1.880110055208206177e-02
1.224849224090576172e-01
4.677026346325874329e-02
8.252140879631042480e-02
1.143053993582725525e-01
5.838221684098243713e-02
8.635939657688140869e-02
4.266507551074028015e-02
1.215105503797531128e-01
2.451690658926963806e-02
8.625704795122146606e-02
9.270669519901275635e-02
2.958105131983757019e-02
3.225489333271980286e-02
1.395984143018722534e-01
7.376519590616226196e-02
6.380511820316314697e-02
3.655728697776794434e-02
4.727314785122871399e-02
5.653120577335357666e-02
2.438483759760856628e-02
9.928408265113830566e-02
1.009313762187957764e-01
1.077040582895278931e-01
4.890080541372299194e-02
9.522817730903625488e-01
8.170808851718902588e-02
6.085740402340888977e-02
6.279426068067550659e-02
1.497170925140380859e-01
7.175086438655853271e-02
8.690235763788223267e-02
1.798532307147979736e-01
9.692335873842239380e-02
1.012719050049781799e-01
6.873072683811187744e-02
8.883829414844512939e-02
4.691494628787040710e-02
8.192162215709686279e-02
1.638298779726028442e-01
3.135364875197410583e-02
5.254819989204406738e-02
1.047909557819366455e-01
2.612682580947875977e-01
1.089835166931152344e-01
8.855071663856506348e-02
8.441048115491867065e-02
1.682672947645187378e-01
4.312254488468170166e-02
3.772857040166854858e-02
7.821556925773620605e-02
1.089035049080848694e-01
3.683921322226524353e-02
6.272087246179580688e-02
1.197833195328712463e-02
1.094343215227127075e-01
2.039626389741897583e-01
2.314150035381317139e-01
1.143454834818840027e-01
1.127958819270133972e-01
5.322724953293800354e-02
9.890975058078765869e-02
1.311991065740585327e-01
9.711758792400360107e-02
3.603159636259078979e-02
7.814978063106536865e-02
5.801042914390563965e-01
2.349057607352733612e-02
1.401370018720626831e-01
5.579423531889915466e-02
1.393054276704788208e-01
2.104159072041511536e-02
1.917670965194702148e-01
2.852592431008815765e-02
1.223283410072326660e-01
2.097870707511901855e-01
4.840315878391265869e-02
1.090857982635498047e-01
3.604523465037345886e-02
8.972369879484176636e-02
5.505442246794700623e-02
1.941851973533630371e-01
6.704504042863845825e-02
1.012558490037918091e-01
2.481699883937835693e-01
7.598459720611572266e-02
4.747655242681503296e-02
2.992843836545944214e-02
7.948139309883117676e-02
7.973197102546691895e-02
5.318450927734375000e-02
5.864075571298599243e-02
4.357842355966567993e-02
2.112458087503910065e-02
8.822968602180480957e-02
1.176264211535453796e-01
5.063272640109062195e-02
9.016902744770050049e-02
4.183096811175346375e-02
7.960295677185058594e-02
7.811278849840164185e-02
6.501420587301254272e-02
2.068932950496673584e-01
3.861755132675170898e-02
4.413045346736907959e-01
8.007635176181793213e-02
7.271227240562438965e-02
5.222186446189880371e-02
9.407841414213180542e-02
8.715175837278366089e-02
6.755534559488296509e-02
1.244631037116050720e-01
6.861431896686553955e-02
4.718454554677009583e-02
7.591819018125534058e-02
9.983183145523071289e-01
9.671265482902526855e-01
3.490399196743965149e-02
8.829900622367858887e-02
9.165639430284500122e-02
1.113812923431396484e-01
2.084867060184478760e-01
3.175764903426170349e-02
1.051137968897819519e-01
1.803367584943771362e-01
2.081011533737182617e-01
4.522166401147842407e-02
3.944636136293411255e-02
6.610437296330928802e-03
2.542542852461338043e-02
3.403186202049255371e-01
3.614167869091033936e-02
2.015469521284103394e-01
3.193245455622673035e-02
1.918850094079971313e-02
5.833036825060844421e-02
6.462538987398147583e-02
1.464041173458099365e-01
7.539574801921844482e-02
7.101886719465255737e-02
1.096087098121643066e-01
2.639187872409820557e-01
4.218769073486328125e-02
1.348694860935211182e-01
2.639763057231903076e-01
4.651894792914390564e-02
1.075000688433647156e-01
5.295675247907638550e-02
7.669334411621093750e-01
1.084747761487960815e-01
8.682149648666381836e-02
4.688868671655654907e-02
8.735561370849609375e-02
5.923047289252281189e-02
5.806154012680053711e-01
6.079267859458923340e-01
2.576539479196071625e-02
5.331172347068786621e-01
9.999864101409912109e-01
9.999976158142089844e-01
4.934179410338401794e-02
4.799817129969596863e-02
1.130882501602172852e-01
1.151795312762260437e-01
2.981185913085937500e-02
6.202591583132743835e-02
3.382305428385734558e-02
1.290040016174316406e-01
9.119243174791336060e-02
2.341646514832973480e-02
8.864075690507888794e-02
1.139756739139556885e-01
9.583194553852081299e-02
1.458246409893035889e-01
6.896300613880157471e-02
8.184356689453125000e-01
2.984621524810791016e-01
1.498400270938873291e-01
6.667534261941909790e-02
3.360380232334136963e-02
6.483166664838790894e-02
1.584253013134002686e-01
5.726846680045127869e-02
2.679321914911270142e-02
7.666686922311782837e-02
8.935403823852539062e-01
1.473903656005859375e-01
4.273898154497146606e-02
7.284645736217498779e-02
5.689946934580802917e-02
6.423777341842651367e-02
2.574185132980346680e-01
1.336237192153930664e-01
4.969783127307891846e-02
3.577741086483001709e-01
9.386129379272460938e-01
9.340670704841613770e-02
4.584297910332679749e-02
9.298533201217651367e-02
1.779071055352687836e-02
1.006663739681243896e-01
6.589739769697189331e-02
9.246063232421875000e-02
1.282513588666915894e-01
2.812200039625167847e-02
1.583284437656402588e-01
7.474542856216430664e-01
9.452574700117111206e-02
1.646465212106704712e-01
3.708228766918182373e-01
5.728829503059387207e-01
1.472152620553970337e-01
7.854688167572021484e-02
1.627521812915802002e-01
4.359377920627593994e-02
3.578392043709754944e-02
2.723113633692264557e-02
6.387405097484588623e-02
1.200344190001487732e-01
3.873523175716400146e-01
1.518759727478027344e-01
3.280802816152572632e-02
6.011485680937767029e-02
1.172929257154464722e-01
4.654959216713905334e-02
4.772216454148292542e-02
1.151472106575965881e-01
3.153407946228981018e-02
5.091682448983192444e-02
1.281582266092300415e-01
5.887691676616668701e-02
7.746233046054840088e-02
4.565596953034400940e-02
1.020938679575920105e-01
5.135342851281166077e-02
4.470302909612655640e-02
5.506166815757751465e-02
8.469586074352264404e-02
1.420907825231552124e-01
2.420558482408523560e-01
2.122436836361885071e-02
1.464743819087743759e-02
9.115438908338546753e-02
5.882617086172103882e-02
7.208483666181564331e-02
3.583405911922454834e-02
1.792659424245357513e-02
3.417092189192771912e-02
9.565775096416473389e-02
2.442530095577239990e-01
1.173927783966064453e-01
9.144808351993560791e-02
4.147943481802940369e-02
5.744451656937599182e-02
8.279049396514892578e-02
7.113140821456909180e-01
1.544590443372726440e-01
9.350302219390869141e-01
2.799050696194171906e-02
1.792544126510620117e-01
1.510500758886337280e-01
2.741664461791515350e-02
6.110573559999465942e-02
3.298608213663101196e-02
1.330577582120895386e-01
1.789008378982543945e-01
2.503304779529571533e-01
2.287834510207176208e-02
3.957307338714599609e-02
5.177987366914749146e-02
9.555878490209579468e-02
9.159629046916961670e-02
4.992841184139251709e-02
2.097989171743392944e-01
4.863167405128479004e-01
4.940106868743896484e-01
3.248262777924537659e-02
1.005745679140090942e-01
4.136369749903678894e-02
7.628925144672393799e-02
7.263829559087753296e-02
1.191095337271690369e-01
6.899897009134292603e-02
5.853508040308952332e-02
1.173276230692863464e-01
8.190528303384780884e-02
4.324687644839286804e-02
5.005323514342308044e-02
9.250424057245254517e-02
2.404805272817611694e-02
5.888935923576354980e-01
7.895322144031524658e-02
3.732092306017875671e-02
1.814135462045669556e-01
6.019892916083335876e-02
7.251770794391632080e-02
1.585820466279983521e-01
5.965874716639518738e-02
7.130388915538787842e-02
2.833667583763599396e-02
2.807405404746532440e-02
4.461386427283287048e-02
9.814815968275070190e-02
8.152568340301513672e-02
1.242637187242507935e-01
3.171654418110847473e-02
2.588087320327758789e-02
4.844012483954429626e-02
1.126926466822624207e-01
2.474866248667240143e-02
3.157514706254005432e-02
7.392339408397674561e-02
1.222213134169578552e-01
8.658637106418609619e-02
7.384680956602096558e-02
4.672408849000930786e-02
6.156820431351661682e-02
4.687591269612312317e-02
6.133488193154335022e-02
1.279055923223495483e-01
1.452005207538604736e-01
2.246704846620559692e-01
1.941076219081878662e-01
7.121340185403823853e-02
6.030365452170372009e-02
3.334331139922142029e-02
6.345543265342712402e-02
6.097641214728355408e-02
1.773158162832260132e-01
3.718286752700805664e-02
5.232617259025573730e-02
7.602547109127044678e-02
1.316390335559844971e-01
1.839765161275863647e-01
9.604820013046264648e-01
9.734117984771728516e-01
3.851450681686401367e-01
2.616523504257202148e-01
2.448108345270156860e-01
1.064543947577476501e-01
5.363687872886657715e-02
5.003675445914268494e-02
8.126959204673767090e-02
5.556840300559997559e-01
1.369773447513580322e-01
9.076302051544189453e-01
2.251152992248535156e-01
1.040233150124549866e-01
1.130445972084999084e-01
8.768655359745025635e-02
6.530572474002838135e-02
1.331653296947479248e-01
1.061955392360687256e-01
1.041774377226829529e-01
1.443663388490676880e-01
7.439073175191879272e-02
1.675495654344558716e-01
3.959249705076217651e-02
6.192301586270332336e-02
2.384546101093292236e-01
2.019993066787719727e-01
4.632617533206939697e-02
7.203267514705657959e-02
7.625817507505416870e-02
5.589613318443298340e-02
8.224001526832580566e-02
1.616409979760646820e-02
6.582090258598327637e-02
1.397959738969802856e-01
6.379060447216033936e-02
4.693190008401870728e-02
3.542226925492286682e-02
8.866724371910095215e-02
9.865337610244750977e-02
1.292082816362380981e-01
2.427934855222702026e-01
7.588864117860794067e-02
2.417118102312088013e-02
3.650586679577827454e-02
9.023103117942810059e-02
1.784357726573944092e-01
2.610379271209239960e-02
1.748553514480590820e-01
8.804031461477279663e-02
1.389573365449905396e-01
3.912878036499023438e-01
8.621411770582199097e-02
2.095916680991649628e-02
5.091263353824615479e-02
8.092587441205978394e-02
1.664859503507614136e-01
1.041178107261657715e-01
8.993197977542877197e-02
7.653046399354934692e-02
5.476618930697441101e-02
8.246394991874694824e-02
4.669438302516937256e-02
9.373311698436737061e-02
9.999933242797851562e-01
1.727104187011718750e-01
1.239251270890235901e-01
7.063335180282592773e-02
1.496441662311553955e-01
5.135001540184020996e-01
6.075942888855934143e-02
7.362325489521026611e-02
8.820043504238128662e-02
5.668436735868453979e-02
5.398456379771232605e-02
9.753242135047912598e-02
3.609486520290374756e-01
3.613536059856414795e-02
1.310979425907135010e-01
7.807075232267379761e-02
1.599230915307998657e-01
1.036539375782012939e-01
7.516217976808547974e-02
9.682249426841735840e-01
9.304807782173156738e-01
3.125852942466735840e-01
2.306821942329406738e-02
2.895979583263397217e-01
3.484781682491302490e-01
1.997889280319213867e-01
7.785581946372985840e-01
4.692552685737609863e-01
1.127614304423332214e-01
1.471135765314102173e-01
4.451290369033813477e-01
5.180361866950988770e-01
7.470043748617172241e-02
1.643954217433929443e-01
2.865192480385303497e-02
1.300211995840072632e-01
7.905635982751846313e-02
2.346779108047485352e-01
4.019278883934020996e-01
3.533282876014709473e-02
9.998471736907958984e-01
1.060468181967735291e-01
7.712801545858383179e-02
2.378990054130554199e-01
5.969430133700370789e-02
1.217143535614013672e-01
2.449703030288219452e-02
6.421007215976715088e-02
1.391292363405227661e-01
3.971139490604400635e-01
5.024438500404357910e-01
7.005379348993301392e-02
3.969485685229301453e-02
4.445245116949081421e-02
5.379041656851768494e-02
1.479930579662322998e-01
6.758891791105270386e-02
6.652391701936721802e-02
7.629235833883285522e-02
8.681225031614303589e-02
7.633505016565322876e-02
1.376184374094009399e-01
8.567874133586883545e-02
7.028483599424362183e-02
2.486153841018676758e-01
1.995909810066223145e-01
5.488818287849426270e-01
2.268065214157104492e-01
1.683079153299331665e-01
7.803709059953689575e-02
1.748011559247970581e-01
6.678386926651000977e-01
2.750413119792938232e-02
5.202721804380416870e-02
6.118919700384140015e-02
4.673178866505622864e-02
1.299342215061187744e-01
7.815795391798019409e-02
1.742587089538574219e-01
7.776305079460144043e-02
1.391924768686294556e-01
7.097361981868743896e-02
2.419727295637130737e-01
2.337877601385116577e-01
2.043416947126388550e-01
3.262522816658020020e-02
2.525704912841320038e-02
1.109002083539962769e-01
1.857749521732330322e-01
1.205264776945114136e-01
5.516118556261062622e-02
1.694502979516983032e-01
5.435783043503761292e-02
1.072253063321113586e-01
8.576252311468124390e-02
7.617214322090148926e-02
1.019483804702758789e-01
3.004695475101470947e-02
4.289677366614341736e-02
9.297696501016616821e-02
7.529608905315399170e-02
6.846503168344497681e-02
3.141942620277404785e-02
9.936997294425964355e-02
1.044330075383186340e-01
3.595145344734191895e-01
1.625902801752090454e-01
8.868094533681869507e-02
2.815797366201877594e-02
5.371734499931335449e-02
2.487676404416561127e-02
1.112798750400543213e-01
7.005465030670166016e-02
2.348875850439071655e-01
9.529805928468704224e-02
7.821467518806457520e-02
5.533885955810546875e-02
7.074692100286483765e-02
4.033242538571357727e-02
5.105693638324737549e-02
2.435553669929504395e-01
5.078335851430892944e-02
1.076463311910629272e-01
4.284068942070007324e-01
6.554256677627563477e-01
2.313416898250579834e-01
5.800361558794975281e-02
5.653788149356842041e-02
3.471260890364646912e-02
1.143003180623054504e-01
1.272347569465637207e-01
4.034805595874786377e-01
1.308158338069915771e-01
8.974093198776245117e-02
4.487230628728866577e-02
4.538143053650856018e-02
9.561929106712341309e-02
6.834412366151809692e-02
9.577155858278274536e-02
5.405579805374145508e-01
3.672359585762023926e-01
7.152026891708374023e-02
6.328010559082031250e-02
1.366919726133346558e-01
2.988014817237854004e-01
9.849003553390502930e-01
9.363842606544494629e-01
9.104361385107040405e-02
3.574858605861663818e-02
2.467994540929794312e-01
7.716584950685501099e-02
1.581666469573974609e-01
7.632435858249664307e-02
5.184784531593322754e-02
1.512281000614166260e-01
1.117996200919151306e-01
5.703988298773765564e-02
1.891428828239440918e-01
1.086084917187690735e-01
1.078185364603996277e-01
6.353260576725006104e-02
5.786597728729248047e-01
9.965483546257019043e-01
9.866771101951599121e-02
2.078741788864135742e-01
1.060408428311347961e-01
9.999798536300659180e-01
5.221192911267280579e-02
3.450735658407211304e-02
1.252058148384094238e-01
1.479023993015289307e-01
4.108149558305740356e-02
5.066049098968505859e-01
9.810578823089599609e-01
4.064800739288330078e-01
1.033608838915824890e-01
4.457194358110427856e-02
2.073703408241271973e-01
1.102344170212745667e-01
8.550680428743362427e-02
9.003150463104248047e-02
9.953121095895767212e-02
1.553273200988769531e-01
6.238688156008720398e-02
1.007812917232513428e-01
1.022224277257919312e-01
3.370553255081176758e-02
8.096627891063690186e-02
5.439679324626922607e-02
3.465284034609794617e-02
1.049824059009552002e-01
8.951977640390396118e-02
5.808600038290023804e-02
2.440730668604373932e-02
5.986133217811584473e-02
9.761769771575927734e-01
9.048776626586914062e-01
6.965327262878417969e-02
8.666323870420455933e-02
5.253621190786361694e-02
9.233725816011428833e-02
9.772901982069015503e-02
8.134534209966659546e-02
7.175392657518386841e-02
7.260715961456298828e-02
7.481571286916732788e-02
9.398902207612991333e-02
3.930626064538955688e-02
5.341266095638275146e-02
5.362031236290931702e-02
1.671189963817596436e-01
2.337787300348281860e-02
6.384915858507156372e-02
4.038675129413604736e-01
9.108664095401763916e-02
7.560881227254867554e-02
1.515799164772033691e-01
3.254969716072082520e-01
6.238428950309753418e-01
3.755213022232055664e-01
9.484495967626571655e-02
6.490364670753479004e-02
6.994591653347015381e-02
5.793506279587745667e-02
1.275874227285385132e-01
4.207663983106613159e-02
2.198142558336257935e-01
1.445268094539642334e-01
4.558352753520011902e-02
1.553510278463363647e-01
8.469061553478240967e-02
4.149746894836425781e-02
1.367584168910980225e-01
4.034276008605957031e-01
1.301106661558151245e-01
6.232997775077819824e-02
1.229366809129714966e-01
6.278766691684722900e-02
6.773706525564193726e-02
4.083814099431037903e-02
7.315625250339508057e-02
1.180766597390174866e-01
4.441110044717788696e-02
4.558856785297393799e-02
6.532454490661621094e-02
2.556101419031620026e-02
9.042186290025711060e-02
5.103715509176254272e-02
7.174663245677947998e-02
2.742706611752510071e-02
6.547275185585021973e-02
7.865706831216812134e-02
8.292450010776519775e-02
6.197882443666458130e-02
5.683877691626548767e-02
6.949327141046524048e-02
7.042454928159713745e-02
8.576004207134246826e-02
4.718384891748428345e-02
2.212218791246414185e-01
3.944433480501174927e-02
1.098377630114555359e-01
6.829077005386352539e-02
2.019238285720348358e-02
1.958051025867462158e-01
2.559692561626434326e-01
1.136066541075706482e-01
7.890251278877258301e-02
5.605246871709823608e-02
6.609547138214111328e-02
4.788442701101303101e-02
4.248752444982528687e-02
5.335939303040504456e-02
4.767529293894767761e-02
8.985949307680130005e-02
7.265227288007736206e-02
4.298050329089164734e-02
7.861992716789245605e-02
6.983662396669387817e-02
3.705919906497001648e-02
7.150624692440032959e-02
1.182155683636665344e-01
5.046844109892845154e-02
6.070475280284881592e-02
8.246485143899917603e-02
8.885205537080764771e-02
5.338042229413986206e-02
5.274343490600585938e-02
8.507613837718963623e-02
4.800215736031532288e-02
3.378124907612800598e-02
3.272478580474853516e-01
7.539980113506317139e-02
4.792954772710800171e-02
1.360478699207305908e-01
9.244713932275772095e-02
9.042892605066299438e-02
7.079747319221496582e-02
1.889607012271881104e-01
7.171449065208435059e-01
6.398545205593109131e-02
4.804500192403793335e-02
2.956085801124572754e-01
7.975923269987106323e-02
6.630988419055938721e-02
4.762197658419609070e-02
4.142839461565017700e-02
4.363691210746765137e-01
1.559788137674331665e-01
4.559976235032081604e-02
5.727121233940124512e-02
5.708795413374900818e-02
5.719490721821784973e-02
1.179115921258926392e-01
3.500485420227050781e-02
4.826156795024871826e-02
1.237080618739128113e-01
4.212859645485877991e-02
4.930960759520530701e-02
1.279400736093521118e-01
1.051479578018188477e-01
5.628998205065727234e-02
7.551560550928115845e-02
8.224289119243621826e-02
1.891653835773468018e-01
2.458886653184890747e-01
1.996907293796539307e-01
8.911074697971343994e-02
1.771973818540573120e-01
5.347070842981338501e-02
2.350437492132186890e-01
4.046705961227416992e-01
4.552007839083671570e-02
2.729400247335433960e-02
8.248832821846008301e-02
7.207123190164566040e-02
6.795611977577209473e-02
8.436620980501174927e-02
7.070884108543395996e-02
9.484206885099411011e-02
8.374236524105072021e-02
1.451120674610137939e-01
6.188636645674705505e-02
1.294151414185762405e-02
2.178675830364227295e-01
1.135565266013145447e-01
8.902399986982345581e-02
1.470564901828765869e-01
1.251230835914611816e-01
5.052137374877929688e-02
8.352884650230407715e-01
4.755660295486450195e-01
4.068716242909431458e-02
8.622192591428756714e-02
2.463560849428176880e-01
5.106674432754516602e-01
4.688578099012374878e-02
6.544215232133865356e-02
7.043039798736572266e-02
6.173419952392578125e-02
1.133425608277320862e-01
8.150272816419601440e-02
1.376174837350845337e-01
1.732013225555419922e-01
9.987621754407882690e-02
6.386974453926086426e-02
1.243731230497360229e-01
1.075771600008010864e-01
1.029759198427200317e-01
6.597808748483657837e-02
3.168972209095954895e-02
3.058489598333835602e-02
7.581197470426559448e-02
9.693621844053268433e-02
1.800380647182464600e-01
5.470903590321540833e-02
1.962001621723175049e-01
1.961503028869628906e-01
1.141234636306762695e-01
5.000728368759155273e-02
1.091424673795700073e-01
3.034031577408313751e-02
3.708803281188011169e-02
7.690493017435073853e-02
3.911525756120681763e-02
6.057434156537055969e-02
1.398145109415054321e-01
4.733862727880477905e-02
6.087485700845718384e-02
6.443880498409271240e-02
9.594776034355163574e-01
9.977377951145172119e-02
4.954367876052856445e-02
6.493442505598068237e-02
5.790404975414276123e-02
9.277025610208511353e-02
1.223484799265861511e-01
7.987856864929199219e-02
6.767570972442626953e-02
3.206582739949226379e-02
1.165695115923881531e-01
5.918497964739799500e-02
8.128166943788528442e-02
4.820531234145164490e-02
4.053511098027229309e-02
1.538495421409606934e-01
7.466875761747360229e-02
3.243852406740188599e-02
5.999362468719482422e-02
8.674681931734085083e-02
4.822565615177154541e-01
3.597418218851089478e-02
7.446315139532089233e-02
1.416746973991394043e-01
1.051814332604408264e-01
4.259138926863670349e-02
6.236776337027549744e-02
7.075764238834381104e-02
7.001230120658874512e-02
7.682379335165023804e-02
7.039154320955276489e-02
8.830076456069946289e-02
9.815730154514312744e-02
1.574923843145370483e-01
4.378130286931991577e-02
1.149738132953643799e-01
5.519759282469749451e-02
3.942608460783958435e-02
5.810390040278434753e-02
2.839066274464130402e-02
1.158463209867477417e-01
1.515868604183197021e-01
1.521990746259689331e-01
1.492034792900085449e-01
5.801879614591598511e-02
4.322765395045280457e-02
4.619949162006378174e-01
2.470641285181045532e-01
7.464680820703506470e-02
4.962999746203422546e-02
6.946025788784027100e-02
1.068554744124412537e-01
1.384055614471435547e-01
2.364932745695114136e-02
8.794388175010681152e-02
7.003861665725708008e-02
3.358964323997497559e-01
1.259665638208389282e-01
8.494789600372314453e-01
8.790625333786010742e-01
4.639390856027603149e-02
1.090848222374916077e-01
3.893570974469184875e-02
3.129846230149269104e-02
3.965113461017608643e-01
2.302792817354202271e-01
6.721457839012145996e-02
6.784693151712417603e-02
6.002722680568695068e-02
5.877214670181274414e-02
4.149345681071281433e-02
4.016797989606857300e-02
7.614742219448089600e-02
2.495625466108322144e-01
1.115823239088058472e-01
3.545169904828071594e-02
3.039452135562896729e-01
1.459953486919403076e-01
4.844480752944946289e-02
7.372472435235977173e-02
4.973941296339035034e-02
4.642669111490249634e-02
1.545794215053319931e-02
9.278916567564010620e-02
6.862917542457580566e-02
5.325392261147499084e-02
5.928657203912734985e-02
9.210012108087539673e-02
3.500349521636962891e-01
6.352656483650207520e-01
2.490415796637535095e-02
6.482212245464324951e-02
6.919698417186737061e-02
4.488613829016685486e-02
1.503487825393676758e-01
2.288399636745452881e-02
7.556063681840896606e-02
6.915013492107391357e-02
3.788580298423767090e-01
9.900202751159667969e-01
9.936868548393249512e-01
6.420414149761199951e-02
7.419686764478683472e-02
2.175982110202312469e-02
1.131726652383804321e-01
4.838836565613746643e-02
9.561158716678619385e-02
4.011690318584442139e-01
6.343056261539459229e-02
5.808554217219352722e-02
3.899265080690383911e-02
2.428042739629745483e-01
2.193939127027988434e-02
1.033156439661979675e-01
8.291079103946685791e-02
2.631042599678039551e-01
1.746002435684204102e-01
4.519042372703552246e-02
5.013113617897033691e-01
5.410660430788993835e-02
8.078658580780029297e-02
3.277010843157768250e-02
1.322659701108932495e-01
3.428972139954566956e-02
9.330413490533828735e-02
5.584214627742767334e-02
4.766253381967544556e-02
1.005136817693710327e-01
3.858897089958190918e-02
6.580549478530883789e-02
3.581148013472557068e-02
6.698653101921081543e-02
6.961984932422637939e-02
7.217230647802352905e-02
6.540338695049285889e-02
6.393994390964508057e-02
1.209098938852548599e-02
1.328809559345245361e-01
8.207506686449050903e-02
5.678451433777809143e-02
8.973271399736404419e-02
6.318791210651397705e-02
4.769901186227798462e-02
6.176961213350296021e-02
1.502446383237838745e-01
1.389141827821731567e-01
4.758520051836967468e-02
7.595709711313247681e-02
2.018989324569702148e-01
3.725277632474899292e-02
3.870344161987304688e-01
1.523725092411041260e-01
1.243915185332298279e-01
4.888894408941268921e-02
3.944741562008857727e-02
5.244697332382202148e-01
9.438379108905792236e-02
7.883405685424804688e-02
7.246556133031845093e-02
3.421762585639953613e-02
8.126550167798995972e-02
1.260013431310653687e-01
6.476511806249618530e-02
3.758710250258445740e-02
4.774789139628410339e-02
4.609945788979530334e-02
5.321400165557861328e-01
1.748293936252593994e-01
8.120715618133544922e-02
5.024585872888565063e-02
8.544453233480453491e-02
3.389256075024604797e-02
8.422046154737472534e-02
1.576867252588272095e-01
7.405719906091690063e-02
2.628394030034542084e-02
8.903191089630126953e-01
1.866078525781631470e-01
7.087474316358566284e-02
1.421101540327072144e-01
3.676024451851844788e-02
5.291239917278289795e-02
7.534217834472656250e-02
2.926795780658721924e-01
2.949450723826885223e-02
2.012332975864410400e-01
5.156360939145088196e-02
6.691788136959075928e-02
3.072699718177318573e-02
5.737952888011932373e-02
3.910570591688156128e-02
1.386053264141082764e-01
1.410426646471023560e-01
4.050187468528747559e-01
7.135337591171264648e-02
8.211464434862136841e-02
6.804170459508895874e-02
1.835971623659133911e-01
1.254195421934127808e-01
2.315330319106578827e-02
7.788070291280746460e-02
2.705458924174308777e-02
3.935098275542259216e-02
4.673544317483901978e-02
4.386695474386215210e-02
4.322468489408493042e-02
4.185808822512626648e-02
3.038079105317592621e-02
9.464973211288452148e-02
6.960293650627136230e-02
2.499047815799713135e-01
5.764381289482116699e-01
5.473882704973220825e-02
9.631723910570144653e-02
3.273005038499832153e-02
2.141086608171463013e-01
7.107929587364196777e-01
5.398081988096237183e-02
9.017904847860336304e-02
1.413875222206115723e-01
5.589938163757324219e-02
5.633284524083137512e-02
2.465663105249404907e-01
6.491827964782714844e-01
1.514298468828201294e-01
6.479742377996444702e-02
9.774842858314514160e-02
2.740833722054958344e-02
9.925945848226547241e-02
6.249935925006866455e-02
1.394350677728652954e-01
2.299200445413589478e-01
3.760611116886138916e-01
1.047213897109031677e-01
1.073432713747024536e-01
5.837031453847885132e-02
9.802459180355072021e-02
7.350374758243560791e-02
7.631602138280868530e-02
4.227778688073158264e-02
1.035432741045951843e-01
7.321394979953765869e-02
7.420104742050170898e-02
2.102486640214920044e-01
6.808970868587493896e-02
5.273170024156570435e-02
7.585220038890838623e-02
3.255774453282356262e-02
1.486177742481231689e-01
4.649467766284942627e-01
7.547100633382797241e-02
1.029845401644706726e-01
1.323204040527343750e-01
1.238603219389915466e-01
7.971023768186569214e-02
5.587647482752799988e-02
2.069232426583766937e-02
1.771399006247520447e-02
4.602333903312683105e-02
9.374565631151199341e-02
8.990731835365295410e-02
1.357593238353729248e-01
6.869043409824371338e-02
5.047352239489555359e-02
6.674690544605255127e-02
5.512168630957603455e-02
5.307670310139656067e-02
2.378455549478530884e-02
8.204444497823715210e-02
9.642261266708374023e-01
5.398736000061035156e-01
4.909593611955642700e-02
4.151730611920356750e-02
7.744144648313522339e-02
7.013320177793502808e-02
2.929460443556308746e-02
1.162319183349609375e-01
4.208419919013977051e-01
9.951470792293548584e-02
1.049607694149017334e-01
1.029782593250274658e-01
5.512003600597381592e-02
7.129240036010742188e-02
9.107460081577301025e-02
1.143827289342880249e-01
5.659211277961730957e-01
6.826235055923461914e-01
1.560383737087249756e-01
6.986796110868453979e-02
1.066660061478614807e-01
8.587628602981567383e-01
4.366408288478851318e-02
2.917426079511642456e-02
5.779545381665229797e-02
4.379466921091079712e-02
1.371992528438568115e-01
8.992048352956771851e-02
3.835990428924560547e-01
1.193595752120018005e-01
1.961008757352828979e-01
9.989352822303771973e-01
9.967149496078491211e-01
9.129224717617034912e-02
9.596412628889083862e-02
6.750111281871795654e-02
6.582967191934585571e-02
2.999027073383331299e-02
3.855494037270545959e-02
1.927870213985443115e-01
8.609367609024047852e-01
5.351509153842926025e-02
1.593065559864044189e-01
9.466593861579895020e-01
6.883853673934936523e-01
9.799855202436447144e-02
1.027602106332778931e-01
5.313679575920104980e-02
1.903253495693206787e-01
5.651332810521125793e-02
1.411739736795425415e-01
4.080079868435859680e-02
1.028487384319305420e-01
3.665359318256378174e-02
6.102627888321876526e-02
1.229132935404777527e-01
5.796506628394126892e-02
1.353984326124191284e-01
4.239855706691741943e-01
1.664697080850601196e-01
3.731731325387954712e-02
9.991184622049331665e-02
1.503645330667495728e-01
6.295481324195861816e-02
2.137111686170101166e-02
3.001690506935119629e-01
1.484758704900741577e-01
9.140016138553619385e-02
3.237896561622619629e-01
3.015144914388656616e-02
7.221758365631103516e-02
4.232161492109298706e-02
5.980670452117919922e-02
7.072665095329284668e-01
3.361847996711730957e-01
7.915304601192474365e-02
3.542333841323852539e-02
5.643873289227485657e-02
2.171109765768051147e-01
1.567145809531211853e-02
4.897244647145271301e-02
2.976211309432983398e-01
6.439043283462524414e-01
5.728376656770706177e-02
5.445437133312225342e-02
6.031896546483039856e-02
9.666629135608673096e-02
7.013185322284698486e-02
8.271262794733047485e-02
5.896361172199249268e-02
9.427443891763687134e-02
8.550012856721878052e-02
2.307887971401214600e-01
9.951981902122497559e-01
9.835700392723083496e-01
5.356073752045631409e-02
5.396419018507003784e-02
3.599269315600395203e-02
1.901888549327850342e-01
3.661281988024711609e-02
5.840555205941200256e-02
1.533067226409912109e-01
2.352662943303585052e-02
7.187276333570480347e-02
5.689789727330207825e-02
6.776853650808334351e-02
4.287946969270706177e-02
6.318620592355728149e-02
9.469407796859741211e-02
5.694118514657020569e-02
1.124905794858932495e-01
4.095097631216049194e-02
6.754936277866363525e-02
1.524319946765899658e-01
6.239760294556617737e-02
8.033912628889083862e-02
4.863741621375083923e-02
1.116591393947601318e-01
9.225787967443466187e-02
3.532732650637626648e-02
4.326011985540390015e-02
7.907181233167648315e-02
8.382944762706756592e-02
3.954283520579338074e-02
3.921602293848991394e-02
3.835049644112586975e-02
1.968383938074111938e-01
1.718909293413162231e-01
5.326577425003051758e-01
5.368195772171020508e-01
8.231297880411148071e-02
1.489894688129425049e-01
2.482276409864425659e-01
7.539352178573608398e-01
4.477897658944129944e-02
1.523305326700210571e-01
1.057279631495475769e-01
5.422021821141242981e-02
5.806395784020423889e-02
4.938180372118949890e-02
7.358984649181365967e-02
1.322632282972335815e-01
9.699447751045227051e-01
9.820895195007324219e-01
9.207022786140441895e-01
7.475133985280990601e-02
1.505515277385711670e-01
7.191993594169616699e-01
2.724624238908290863e-02
7.982438802719116211e-02
6.906469911336898804e-02
9.963794797658920288e-02
3.993801772594451904e-02
5.136639252305030823e-02
9.587007015943527222e-02
1.726456880569458008e-01
6.685748696327209473e-02
6.595528870820999146e-02
1.290352940559387207e-01
1.004316508769989014e-01
6.241366267204284668e-02
4.849475249648094177e-02
9.064830839633941650e-02
1.154944449663162231e-01
6.385120004415512085e-02
9.652762115001678467e-02
3.105839155614376068e-02
1.278012841939926147e-01
2.359206527471542358e-01
5.169346928596496582e-01
1.039210334420204163e-01
7.955989241600036621e-02
6.007554009556770325e-02
4.589274898171424866e-02
4.071423411369323730e-02
2.044164948165416718e-02
1.179804727435112000e-01
6.214128434658050537e-02
2.778541296720504761e-02
5.503357052803039551e-01
4.821248650550842285e-01
3.555187880992889404e-01
1.573971956968307495e-01
1.704211682081222534e-01
3.331039845943450928e-02
1.463693976402282715e-01
1.181196197867393494e-01
1.843629777431488037e-01
1.032047271728515625e-01
7.814240455627441406e-02
9.988880902528762817e-02
1.816451400518417358e-01
1.679610610008239746e-01
1.848360151052474976e-01
4.767773672938346863e-02
4.764090478420257568e-02
4.196681082248687744e-02
3.646535798907279968e-02
7.816144078969955444e-02
2.239443063735961914e-01
8.568364381790161133e-02
6.149461865425109863e-02
6.068781763315200806e-02
5.251268297433853149e-02
2.294797897338867188e-01
8.647519350051879883e-02
1.769638210535049438e-01
9.761631488800048828e-02
4.484133124351501465e-01
3.732991963624954224e-02
6.970002502202987671e-02
1.034845188260078430e-01
6.072329729795455933e-02
5.817670002579689026e-02
1.028767302632331848e-01
5.731419473886489868e-02
9.478782862424850464e-02
9.385791420936584473e-02
3.810636699199676514e-02
1.557341217994689941e-01
1.397750377655029297e-01
7.492639124393463135e-02
1.225340962409973145e-01
9.813493490219116211e-02
2.433780282735824585e-01
1.914335489273071289e-01
7.047255337238311768e-02
2.119976878166198730e-01
7.553432881832122803e-02
1.193369179964065552e-01
5.500954017043113708e-02
9.647352993488311768e-02
6.331533938646316528e-02
9.019498527050018311e-02
1.490969508886337280e-01
4.246094524860382080e-01
2.999716103076934814e-01
5.868288874626159668e-02
3.355154991149902344e-01
1.041336134076118469e-01
5.607598274946212769e-02
3.673574700951576233e-02
1.487261503934860229e-01
4.767822846770286560e-02
3.693668544292449951e-01
1.395340412855148315e-01
7.809755951166152954e-02
1.508205682039260864e-01
3.872841969132423401e-02
8.052515238523483276e-02
2.240827828645706177e-01
2.820982933044433594e-01
7.192952036857604980e-01
5.670166760683059692e-02
3.542713448405265808e-02
1.044376045465469360e-01
1.472595781087875366e-01
4.637831449508666992e-02
2.406251579523086548e-01
9.114249795675277710e-02
1.955492049455642700e-02
1.238756999373435974e-02
1.844214797019958496e-01
7.972501963376998901e-02
1.968547403812408447e-01
2.001531273126602173e-01
9.270197898149490356e-02
6.798093765974044800e-02
1.117147132754325867e-01
1.015572622418403625e-01
1.903353780508041382e-01
5.621816217899322510e-02
6.960778683423995972e-02
8.910321593284606934e-01
4.708226621150970459e-01
4.037717729806900024e-02
1.396039724349975586e-01
1.662754267454147339e-01
6.354193389415740967e-02
1.419587135314941406e-01
1.916424334049224854e-01
9.894990175962448120e-02
8.484522104263305664e-01
9.957225322723388672e-01
1.612238585948944092e-01
1.133587807416915894e-01
4.961560666561126709e-02
5.220730602741241455e-02
1.601439267396926880e-01
5.232938528060913086e-01
3.490089252591133118e-02
6.070860475301742554e-02
4.840737208724021912e-02
3.120044618844985962e-02
9.673914313316345215e-02
6.948619335889816284e-02
5.575788021087646484e-02
3.591836616396903992e-02
4.480560868978500366e-02
9.050201624631881714e-02
6.788734346628189087e-02
9.989380836486816406e-02
5.684507265686988831e-02
8.816535025835037231e-02
5.076278746128082275e-02
3.564784303307533264e-02
4.872509464621543884e-02
7.435286790132522583e-02
7.130258530378341675e-02
1.184185892343521118e-01
1.003198027610778809e-01
3.182453289628028870e-02
6.385961174964904785e-02
1.007107421755790710e-01
1.321269720792770386e-01
1.888487637042999268e-01
7.414526492357254028e-02
9.783004969358444214e-02
1.666860431432723999e-01
2.466942220926284790e-01
5.319698527455329895e-02
8.819129317998886108e-02
5.266099423170089722e-02
1.037438586354255676e-01
2.261371724307537079e-02
1.478705555200576782e-01
9.951688647270202637e-01
1.014796271920204163e-01
4.554102942347526550e-02
1.105092987418174744e-01
1.285867094993591309e-01
1.197425052523612976e-01
4.176120832562446594e-02
1.408072412014007568e-01
6.849621236324310303e-02
4.225372523069381714e-02
9.103402495384216309e-02
3.725963085889816284e-02
1.330899745225906372e-01
1.894005239009857178e-01
6.208096072077751160e-02
6.633810698986053467e-02
1.098913624882698059e-01
6.978523731231689453e-02
5.311219394207000732e-02
1.117356643080711365e-01
4.772496968507766724e-02
7.852107286453247070e-02
1.002391129732131958e-01
8.490122854709625244e-02
7.857146859169006348e-01
6.835960745811462402e-01
1.501743048429489136e-01
3.138656020164489746e-01
2.955530881881713867e-01
4.117662906646728516e-01
8.971726894378662109e-02
3.640087842941284180e-01
8.301951736211776733e-02
1.052106767892837524e-01
2.953515946865081787e-01
2.248575091361999512e-01
7.429848313331604004e-01
9.733629971742630005e-02
9.700095653533935547e-02
4.668724164366722107e-02
1.309954673051834106e-01
5.487752333283424377e-02
2.008347399532794952e-02
3.268979117274284363e-02
3.506636247038841248e-02
8.888904750347137451e-02
4.297849163413047791e-02
1.882253140211105347e-01
5.551965162158012390e-02
6.077791005373001099e-02
9.170977026224136353e-02
5.001305788755416870e-02
1.347101181745529175e-01
7.139039784669876099e-02
1.264977902173995972e-01
1.020276397466659546e-01
3.692359477281570435e-02
8.272246271371841431e-02
7.847701013088226318e-02
1.527260243892669678e-01
7.105599343776702881e-02
6.775746494531631470e-02
5.790481716394424438e-02
3.031421639025211334e-02
1.109166666865348816e-01
4.602093994617462158e-02
1.139340996742248535e-01
5.842536687850952148e-01
4.492325782775878906e-01
2.891564182937145233e-02
6.644588708877563477e-02
9.373686462640762329e-02
2.368841022253036499e-01
3.638998568058013916e-01
1.310303360223770142e-01
9.754943847656250000e-02
5.603934824466705322e-02
5.164678394794464111e-02
7.014767825603485107e-02
9.655912220478057861e-02
3.693785667419433594e-01
7.744550704956054688e-01
1.250442564487457275e-01
6.907377392053604126e-02
8.950065821409225464e-02
8.776814490556716919e-02
3.763871267437934875e-02
5.047168582677841187e-02
1.144620925188064575e-01
2.338157407939434052e-02
6.671478599309921265e-02
8.207624405622482300e-02
1.320441812276840210e-01
2.565282583236694336e-01
1.685800254344940186e-01
2.789195775985717773e-01
1.380523741245269775e-01
1.733152568340301514e-01
3.813341259956359863e-02
1.153938695788383484e-01
7.578898221254348755e-02
2.095147371292114258e-01
6.203734129667282104e-02
6.457596272230148315e-02
5.860596895217895508e-02
1.045740172266960144e-01
7.909283041954040527e-01
9.816812872886657715e-01
8.803655952215194702e-02
4.366920888423919678e-02
6.069535017013549805e-02
1.491604149341583252e-01
2.636336684226989746e-01
1.873989216983318329e-02
6.848407536745071411e-02
3.399470150470733643e-01
3.353031277656555176e-01
4.593220725655555725e-02
6.646149605512619019e-02
8.758919686079025269e-02
1.187008991837501526e-01
6.900987774133682251e-02
1.858873218297958374e-01
5.433626472949981689e-02
6.601423770189285278e-02
1.029764786362648010e-01
1.066306009888648987e-01
5.543050542473793030e-02
6.438446789979934692e-02
8.329716324806213379e-02
1.804022490978240967e-02
6.013872846961021423e-02
2.360850200057029724e-02
4.584313556551933289e-02
8.504005521535873413e-02
1.963979303836822510e-01
7.580492645502090454e-02
3.931410238146781921e-02
1.332818269729614258e-01
7.885045558214187622e-02
6.466761231422424316e-01
3.782201558351516724e-02
2.622679769992828369e-01
1.020820736885070801e-01
5.679587274789810181e-02
5.116812884807586670e-02
8.806157857179641724e-02
1.800817102193832397e-01
6.677246838808059692e-02
2.895284071564674377e-02
5.500379204750061035e-02
1.265719234943389893e-01
7.226832956075668335e-02
1.162833422422409058e-01
2.273242324590682983e-01
8.085057139396667480e-02
8.966621756553649902e-02
6.117372587323188782e-02
3.761665150523185730e-02
5.325571075081825256e-02
5.671286582946777344e-02
2.365351617336273193e-01
6.479970216751098633e-01
1.766960173845291138e-01
1.603830754756927490e-01
3.655036687850952148e-01
8.857913613319396973e-01
8.392232060432434082e-01
2.269385159015655518e-01
4.471842050552368164e-01
7.210475951433181763e-02
1.227761656045913696e-01
1.047601327300071716e-01
6.895903497934341431e-02
7.722034454345703125e-01
4.539824128150939941e-01
1.736027151346206665e-01
1.471037566661834717e-01
1.712446808815002441e-01
5.401881784200668335e-02
2.749109566211700439e-01
3.555638790130615234e-01
7.548838853836059570e-01
4.647064805030822754e-01
3.688744455575942993e-02
3.254600763320922852e-01
7.738443464040756226e-02
1.284230649471282959e-01
1.151041761040687561e-01
1.249774768948554993e-01
6.383244693279266357e-02
5.101039633154869080e-02
8.652612566947937012e-02
6.298508495092391968e-02
1.526903659105300903e-01
1.854495853185653687e-01
8.375249803066253662e-02
1.425348520278930664e-01
1.447618305683135986e-01
5.213790759444236755e-02
