2.640578709542751312e-02
8.272780478000640869e-02
2.598163858056068420e-02
7.507868111133575439e-02
9.032788127660751343e-02
8.945629745721817017e-02
3.901479393243789673e-02
1.587310731410980225e-01
4.742570966482162476e-02
7.740338891744613647e-02
5.940339565277099609e-01
1.414830535650253296e-01
3.669541329145431519e-02
1.664680093526840210e-01
1.264779716730117798e-01
3.241220712661743164e-01
2.126818597316741943e-01
3.997757434844970703e-01
9.243278950452804565e-02
5.674364790320396423e-02
4.673582687973976135e-02
9.476324170827865601e-02
7.787485420703887939e-02
1.710914224386215210e-01
6.003080680966377258e-02
5.885839834809303284e-02
3.092332370579242706e-02
3.068240173161029816e-02
1.321484148502349854e-01
7.808078825473785400e-02
1.470589041709899902e-01
9.950449466705322266e-01
8.768023848533630371e-01
6.093615889549255371e-01
6.461202353239059448e-02
1.097613200545310974e-01
1.904083937406539917e-01
7.028831541538238525e-02
9.654184430837631226e-02
1.630448848009109497e-01
1.450245827436447144e-01
9.813916683197021484e-02
1.063829734921455383e-01
9.128969907760620117e-02
5.223254486918449402e-02
1.113965213298797607e-01
2.792761102318763733e-02
3.257523104548454285e-02
5.457870289683341980e-02
4.390880838036537170e-02
1.848473213613033295e-02
1.491663884371519089e-02
9.941796958446502686e-02
4.736766964197158813e-02
6.748735159635543823e-02
5.100871622562408447e-02
3.333326801657676697e-02
1.002197414636611938e-01
9.421742707490921021e-02
3.892659246921539307e-01
4.566399753093719482e-01
4.043919444084167480e-01
3.360546007752418518e-02
1.825193464756011963e-01
2.806649506092071533e-01
4.457030445337295532e-02
2.946923859417438507e-02
2.392063289880752563e-02
9.885989129543304443e-02
1.992674916982650757e-02
4.896711558103561401e-02
4.658679366111755371e-01
5.365571379661560059e-02
9.998041987419128418e-01
9.998095631599426270e-01
2.635164000093936920e-02
9.414429217576980591e-02
4.811118170619010925e-02
2.338491082191467285e-01
3.608390092849731445e-01
2.225049883127212524e-01
3.837889805436134338e-02
6.689898669719696045e-02
1.028881072998046875e-01
5.432173982262611389e-02
6.980083882808685303e-02
1.291497349739074707e-01
9.312809109687805176e-01
1.568207293748855591e-01
6.255440413951873779e-02
5.393425002694129944e-02
2.752270400524139404e-01
1.693026125431060791e-01
5.106110572814941406e-01
7.280577719211578369e-02
7.801701873540878296e-02
6.604866981506347656e-01
8.534242510795593262e-01
1.838051676750183105e-01
5.993060022592544556e-02
9.855713844299316406e-01
2.461193129420280457e-02
7.549258321523666382e-02
8.231905102729797363e-02
8.262737095355987549e-02
1.740661263465881348e-01
2.382881194353103638e-02
2.939532324671745300e-02
6.356211006641387939e-02
9.520317614078521729e-02
1.105925068259239197e-01
9.107994288206100464e-02
1.036878526210784912e-01
8.549962043762207031e-01
8.360969424247741699e-01
4.562911763787269592e-02
1.737914979457855225e-01
5.763318538665771484e-01
7.121928781270980835e-02
4.003227502107620239e-02
7.727006077766418457e-01
6.901920586824417114e-02
1.732591986656188965e-01
2.567342519760131836e-01
1.315258145332336426e-01
8.427400141954421997e-02
3.701771795749664307e-02
7.984127402305603027e-01
4.210799336433410645e-01
9.970037341117858887e-01
9.985377788543701172e-01
8.161452412605285645e-02
1.678908765316009521e-01
1.869330182671546936e-02
2.173343747854232788e-01
7.359467446804046631e-02
2.505089342594146729e-01
1.434319466352462769e-01
2.142736129462718964e-02
9.399332851171493530e-02
8.142672479152679443e-02
1.495043337345123291e-01
5.129565298557281494e-02
6.046204566955566406e-01
2.661914750933647156e-02
7.992924451828002930e-01
8.267077803611755371e-01
4.619035869836807251e-02
6.772503256797790527e-02
5.990766733884811401e-02
4.194279387593269348e-02
6.561952829360961914e-02
8.998483419418334961e-02
9.992262125015258789e-01
9.987629652023315430e-01
3.205174580216407776e-02
4.459596052765846252e-02
1.170330792665481567e-01
5.486537516117095947e-02
9.770310670137405396e-02
8.636514097452163696e-02
1.742272675037384033e-01
2.057325541973114014e-01
8.140736073255538940e-02
2.266557961702346802e-01
5.851780623197555542e-02
7.185997813940048218e-02
6.124932691454887390e-02
1.563597768545150757e-01
7.750314474105834961e-01
7.071288824081420898e-01
6.369420140981674194e-02
3.537988662719726562e-02
1.184491440653800964e-01
7.600620985031127930e-01
5.383917093276977539e-01
4.145726934075355530e-02
4.474534466862678528e-02
1.301085501909255981e-01
3.387593477964401245e-02
1.115493327379226685e-01
1.186363324522972107e-01
3.715773671865463257e-02
8.524336665868759155e-02
6.445606797933578491e-02
1.072759628295898438e-01
2.499007433652877808e-01
2.746447548270225525e-02
1.346136778593063354e-01
1.410247087478637695e-01
5.160357058048248291e-02
5.645061284303665161e-02
8.841027319431304932e-02
9.367298334836959839e-02
4.577893763780593872e-02
5.547933652997016907e-02
1.532690078020095825e-01
1.280185580253601074e-01
5.220266580581665039e-01
9.993460774421691895e-01
6.367259472608566284e-02
3.322485685348510742e-01
5.230323970317840576e-02
6.616666167974472046e-02
8.465818762779235840e-01
6.183338165283203125e-01
9.592605382204055786e-02
8.570572733879089355e-02
1.124058291316032410e-01
2.140695229172706604e-02
4.898709431290626526e-02
1.009353324770927429e-01
4.352611675858497620e-02
4.989435523748397827e-02
9.503345489501953125e-01
8.558818697929382324e-01
2.830360233783721924e-01
1.013426259160041809e-01
5.491406098008155823e-02
5.655596032738685608e-02
3.243784010410308838e-01
3.089356422424316406e-01
1.115057766437530518e-01
1.169906258583068848e-01
7.610426098108291626e-02
6.693462282419204712e-02
2.176162749528884888e-01
1.631941050291061401e-01
7.524084448814392090e-01
3.570102453231811523e-01
8.873215317726135254e-02
2.996155619621276855e-02
4.341606423258781433e-02
6.978164613246917725e-02
3.939080983400344849e-02
3.356649726629257202e-02
6.606813520193099976e-02
8.020148426294326782e-02
1.855770647525787354e-01
6.053601950407028198e-02
1.208154335618019104e-01
4.710044711828231812e-02
3.508888557553291321e-02
8.154009282588958740e-02
7.098857313394546509e-02
3.715345263481140137e-02
1.474398970603942871e-01
2.911075651645660400e-01
1.849997937679290771e-01
5.157406926155090332e-01
8.602110743522644043e-01
2.137711197137832642e-01
6.620895862579345703e-02
4.760441929101943970e-02
4.281298816204071045e-01
5.234181284904479980e-01
7.863567769527435303e-02
2.933980822563171387e-01
6.854287385940551758e-01
1.092560663819313049e-01
5.631122589111328125e-01
1.319984048604965210e-01
3.602975606918334961e-02
1.742406487464904785e-01
1.122563108801841736e-01
1.615928411483764648e-01
5.400333181023597717e-02
4.222632348537445068e-01
6.056245416402816772e-02
9.124349057674407959e-02
8.492201566696166992e-02
6.669472455978393555e-01
2.278873473405838013e-01
1.072015315294265747e-01
6.974718719720840454e-02
1.796887367963790894e-01
1.670973747968673706e-01
2.241930514574050903e-01
1.152464672923088074e-01
8.965856581926345825e-02
1.366259902715682983e-01
6.476706266403198242e-02
5.836970210075378418e-01
1.176016405224800110e-01
6.646442413330078125e-02
4.895649105310440063e-02
2.938051819801330566e-01
7.349957525730133057e-02
9.569728970527648926e-01
1.357207000255584717e-01
9.493782371282577515e-02
6.348733603954315186e-02
5.705586075782775879e-02
5.263496562838554382e-02
1.773433089256286621e-01
1.185576468706130981e-01
7.204582542181015015e-02
5.580335110425949097e-02
8.942884951829910278e-02
5.815236568450927734e-01
8.856341242790222168e-01
7.871863245964050293e-02
9.098403453826904297e-01
9.874919652938842773e-01
2.598854154348373413e-02
4.639856144785881042e-02
2.985925041139125824e-02
8.688101172447204590e-02
1.068548783659934998e-01
1.229843348264694214e-01
1.213200241327285767e-01
1.385701894760131836e-01
1.789365559816360474e-01
5.107451975345611572e-02
3.130344152450561523e-01
3.800520598888397217e-01
3.275351226329803467e-02
1.385673973709344864e-02
1.479316651821136475e-01
9.106548130512237549e-02
5.362291634082794189e-02
1.375316679477691650e-01
1.075767539441585541e-02
3.957010060548782349e-02
5.646713972091674805e-01
1.562897115945816040e-01
4.569348692893981934e-02
8.026501536369323730e-02
3.175338730216026306e-02
2.907111309468746185e-02
3.113892488181591034e-02
4.278052598237991333e-02
6.894256919622421265e-02
6.026298925280570984e-02
5.944265127182006836e-01
2.377257645130157471e-01
8.107076287269592285e-01
9.978975057601928711e-01
8.521232753992080688e-02
1.309566497802734375e-01
4.683934897184371948e-02
8.332274854183197021e-02
9.495566785335540771e-02
1.802983582019805908e-01
3.601491078734397888e-02
2.409756183624267578e-01
8.284703828394412994e-03
5.585945770144462585e-02
7.052680104970932007e-02
9.567578881978988647e-02
4.766764119267463684e-02
3.430881723761558533e-02
4.642095044255256653e-02
1.308230012655258179e-01
1.235273927450180054e-01
4.239534735679626465e-01
5.434799194335937500e-02
4.025406837463378906e-01
3.554944396018981934e-01
4.293215274810791016e-01
4.779429435729980469e-01
8.133233338594436646e-02
8.452595770359039307e-02
3.654658421874046326e-02
5.610540881752967834e-02
2.460993081331253052e-01
1.990381777286529541e-01
5.026866495609283447e-02
7.875512540340423584e-02
1.120241284370422363e-01
1.353731006383895874e-01
7.755578309297561646e-02
3.656741976737976074e-02
