5.037041902542114258e-01
6.897690892219543457e-01
2.291645258665084839e-01
6.732799857854843140e-02
1.290119886398315430e-01
3.855996951460838318e-02
1.663695871829986572e-01
1.678095310926437378e-01
2.516669929027557373e-01
1.241014823317527771e-01
8.864191174507141113e-02
5.430731177330017090e-02
5.189176797866821289e-01
7.773492336273193359e-01
3.354052454233169556e-02
4.865352809429168701e-01
6.134043633937835693e-02
1.910694539546966553e-01
9.676660597324371338e-02
1.088843718171119690e-01
2.778298556804656982e-01
8.636975288391113281e-02
3.423324823379516602e-01
4.853427037596702576e-02
7.014397531747817993e-02
1.104124039411544800e-01
1.499760895967483521e-01
2.033261954784393311e-02
1.302639842033386230e-01
2.602492831647396088e-02
6.876029819250106812e-02
5.559081584215164185e-02
4.113253951072692871e-01
4.012854993343353271e-01
8.241304010152816772e-02
1.038407310843467712e-01
6.051662936806678772e-02
8.976072072982788086e-02
8.281217515468597412e-02
3.000158071517944336e-02
7.455394864082336426e-01
2.463370710611343384e-01
1.416607853025197983e-02
8.296231180429458618e-02
5.920035392045974731e-02
7.077445089817047119e-02
9.022834897041320801e-01
5.253570899367332458e-02
5.951802805066108704e-02
1.088705658912658691e-01
6.180901080369949341e-02
1.031073629856109619e-01
9.379549324512481689e-02
1.949237845838069916e-02
2.782798931002616882e-02
4.798606783151626587e-02
1.052343696355819702e-01
9.437409043312072754e-02
1.663545891642570496e-02
7.462619990110397339e-02
1.009851321578025818e-01
1.283293515443801880e-01
8.688034117221832275e-02
7.973466068506240845e-02
7.597767561674118042e-02
3.922056779265403748e-02
3.730649948120117188e-01
4.207297414541244507e-02
8.390796184539794922e-02
1.453353017568588257e-01
8.828633278608322144e-02
5.092026293277740479e-02
7.449349015951156616e-02
6.835522502660751343e-02
1.330382525920867920e-01
5.978018417954444885e-02
6.855546683073043823e-02
2.782717160880565643e-02
3.769840672612190247e-02
6.038727611303329468e-02
1.080733016133308411e-01
7.297609001398086548e-02
8.521102368831634521e-02
8.292618393898010254e-01
3.392445743083953857e-01
3.665670752525329590e-02
1.976568810641765594e-02
4.472371190786361694e-02
1.000639721751213074e-01
5.451119318604469299e-02
4.121001437306404114e-02
1.145291626453399658e-01
4.481627419590950012e-02
1.065558791160583496e-01
6.446180492639541626e-02
1.067403703927993774e-01
2.826704271137714386e-02
1.068924292922019958e-01
1.386183202266693115e-01
3.321843966841697693e-02
5.305316299200057983e-02
1.780659258365631104e-01
8.993092924356460571e-02
1.592552214860916138e-01
8.641455322504043579e-02
5.080034583806991577e-02
1.578707695007324219e-01
2.116108089685440063e-01
9.544031620025634766e-01
1.154959574341773987e-01
1.288968026638031006e-01
3.555543348193168640e-02
1.907799839973449707e-01
6.391129642724990845e-02
8.301520943641662598e-01
3.954393267631530762e-01
6.223328113555908203e-01
5.664960946887731552e-03
6.800039857625961304e-02
1.754099875688552856e-01
1.773732304573059082e-01
3.507532179355621338e-02
5.029713511466979980e-01
1.464348882436752319e-01
4.386996477842330933e-02
8.548835515975952148e-01
1.047343090176582336e-01
3.581675514578819275e-02
2.267234958708286285e-02
3.151390329003334045e-02
1.630568057298660278e-01
2.386019378900527954e-02
8.385656774044036865e-02
2.291621267795562744e-01
4.847209453582763672e-01
6.045739650726318359e-01
8.109307289123535156e-02
8.721156418323516846e-02
1.934203654527664185e-01
8.936676383018493652e-02
1.243854314088821411e-01
8.387713879346847534e-02
7.836971431970596313e-02
1.737743318080902100e-01
5.160130932927131653e-02
5.789626836776733398e-01
1.720013618469238281e-01
9.925096035003662109e-01
7.446988672018051147e-02
6.884945929050445557e-02
1.398518532514572144e-01
2.735873758792877197e-01
1.979477107524871826e-01
1.709249019622802734e-01
3.960952535271644592e-02
7.870448231697082520e-01
7.341198325157165527e-01
4.238440096378326416e-01
2.589057944715023041e-02
4.069656506180763245e-02
9.548477083444595337e-02
6.089805811643600464e-02
5.739358812570571899e-02
3.085316717624664307e-01
2.432174831628799438e-01
2.302728593349456787e-02
4.498785734176635742e-02
2.486165054142475128e-02
3.408916667103767395e-02
8.708412945270538330e-02
4.201913774013519287e-01
4.254554510116577148e-01
4.254554510116577148e-01
4.254554510116577148e-01
3.331581652164459229e-01
4.791409149765968323e-02
2.693119347095489502e-01
3.038593232631683350e-01
5.035698413848876953e-01
1.558206826448440552e-01
6.756206601858139038e-02
8.871724009513854980e-01
7.276282310485839844e-01
5.933432281017303467e-02
3.025897219777107239e-02
6.607040762901306152e-01
1.697086691856384277e-01
3.545607924461364746e-01
1.451376974582672119e-01
2.520163953304290771e-01
1.125998273491859436e-01
2.043800503015518188e-01
2.644868791103363037e-01
1.062382757663726807e-01
1.170627772808074951e-01
3.214733302593231201e-02
1.901351213455200195e-01
3.695784211158752441e-01
1.910482197999954224e-01
1.169949844479560852e-01
6.246982514858245850e-02
4.823808744549751282e-02
2.736498415470123291e-01
4.375518858432769775e-02
6.201821938157081604e-02
6.952112317085266113e-01
1.471794992685317993e-01
7.104925811290740967e-02
1.306825876235961914e-01
9.925617575645446777e-01
7.827082276344299316e-01
4.611748456954956055e-02
2.882550656795501709e-01
4.254554510116577148e-01
4.254554510116577148e-01
4.278611540794372559e-01
2.207749187946319580e-01
6.172643899917602539e-01
6.025296077132225037e-02
4.373053461313247681e-02
1.057693287730216980e-01
7.141047120094299316e-01
3.123355098068714142e-02
1.048402041196823120e-01
2.443146891891956329e-02
6.346158683300018311e-02
5.407317876815795898e-01
1.750553548336029053e-01
2.874907106161117554e-02
4.522959142923355103e-02
4.682062566280364990e-01
4.693590700626373291e-01
1.795295327901840210e-01
4.457813501358032227e-01
1.527841389179229736e-01
7.507101446390151978e-02
2.808452844619750977e-01
5.037562921643257141e-02
1.253893077373504639e-01
5.338071584701538086e-01
1.056101471185684204e-01
1.264123916625976562e-01
9.798088669776916504e-01
8.739181160926818848e-01
4.010845124721527100e-01
1.384839713573455811e-01
3.010468482971191406e-01
5.210325494408607483e-02
2.239784598350524902e-01
1.010563224554061890e-01
2.247874736785888672e-01
6.072505563497543335e-02
3.274011611938476562e-01
2.518289089202880859e-01
8.102343976497650146e-02
8.826161921024322510e-02
1.893489956855773926e-01
4.431900978088378906e-01
1.457096487283706665e-01
4.724636673927307129e-02
1.807555556297302246e-02
1.042997837066650391e-01
4.591783508658409119e-02
1.935086585581302643e-02
1.006821766495704651e-01
9.524523280560970306e-03
7.553463429212570190e-02
5.636182427406311035e-02
6.386478245258331299e-02
3.550720214843750000e-02
5.721057578921318054e-02
5.824657902121543884e-02
1.690982729196548462e-01
3.325198218226432800e-02
3.627443313598632812e-02
2.394005805253982544e-01
2.061598151922225952e-01
8.181462883949279785e-01
8.518612980842590332e-01
5.494083091616630554e-02
2.477926202118396759e-02
1.420822292566299438e-01
4.350325092673301697e-02
9.531586617231369019e-02
6.727910786867141724e-02
1.167173534631729126e-01
6.685105711221694946e-02
8.271198868751525879e-01
3.062163293361663818e-01
5.691877603530883789e-01
6.394796073436737061e-02
5.681906268000602722e-02
2.326566874980926514e-01
4.137159883975982666e-01
1.677157580852508545e-01
3.277565538883209229e-02
3.876731544733047485e-02
1.255532205104827881e-01
2.343719266355037689e-02
2.981764078140258789e-01
7.756146043539047241e-02
7.772772014141082764e-02
8.555095642805099487e-02
7.348866760730743408e-02
1.064685434103012085e-01
1.936645656824111938e-01
4.388464242219924927e-02
5.942144989967346191e-02
6.213469430804252625e-02
6.033899635076522827e-02
1.091435104608535767e-01
1.663046628236770630e-01
5.130371823906898499e-02
4.883260279893875122e-02
1.267292648553848267e-01
8.183632045984268188e-02
9.038149565458297729e-02
6.679734587669372559e-02
3.894636034965515137e-02
4.625745117664337158e-02
8.828617632389068604e-02
1.953870505094528198e-01
3.399517387151718140e-02
1.042524352669715881e-01
1.230302527546882629e-01
5.721078068017959595e-02
8.634301275014877319e-02
6.841319799423217773e-02
1.607926785945892334e-01
1.280286312103271484e-01
1.124373748898506165e-01
7.722853869199752808e-02
1.046011000871658325e-01
6.465207785367965698e-02
5.491543561220169067e-02
1.281611174345016479e-01
6.210606917738914490e-02
8.283961415290832520e-01
1.074861213564872742e-01
3.892476111650466919e-02
4.856728017330169678e-02
6.311879307031631470e-02
2.640578709542751312e-02
8.272780478000640869e-02
2.598163858056068420e-02
7.507868111133575439e-02
9.032788127660751343e-02
8.945629745721817017e-02
3.901479393243789673e-02
1.587310731410980225e-01
4.742570966482162476e-02
7.740338891744613647e-02
5.940339565277099609e-01
1.414830535650253296e-01
3.669541329145431519e-02
1.664680093526840210e-01
1.264779716730117798e-01
3.241220712661743164e-01
2.126818597316741943e-01
3.997757434844970703e-01
9.243278950452804565e-02
5.674364790320396423e-02
4.673582687973976135e-02
9.476324170827865601e-02
7.787485420703887939e-02
1.710914224386215210e-01
6.003080680966377258e-02
5.885839834809303284e-02
3.092332370579242706e-02
3.068240173161029816e-02
1.321484148502349854e-01
7.808078825473785400e-02
1.470589041709899902e-01
9.950449466705322266e-01
8.768023848533630371e-01
6.093615889549255371e-01
6.461202353239059448e-02
1.097613200545310974e-01
1.904083937406539917e-01
7.028831541538238525e-02
9.654184430837631226e-02
1.630448848009109497e-01
1.450245827436447144e-01
9.813916683197021484e-02
1.063829734921455383e-01
9.128969907760620117e-02
5.223254486918449402e-02
1.113965213298797607e-01
2.792761102318763733e-02
3.257523104548454285e-02
5.457870289683341980e-02
4.390880838036537170e-02
1.848473213613033295e-02
1.491663884371519089e-02
9.941796958446502686e-02
4.736766964197158813e-02
6.748735159635543823e-02
5.100871622562408447e-02
3.333326801657676697e-02
1.002197414636611938e-01
9.421742707490921021e-02
3.892659246921539307e-01
4.566399753093719482e-01
4.043919444084167480e-01
3.360546007752418518e-02
1.825193464756011963e-01
2.806649506092071533e-01
4.457030445337295532e-02
2.946923859417438507e-02
2.392063289880752563e-02
9.885989129543304443e-02
1.992674916982650757e-02
4.896711558103561401e-02
4.658679366111755371e-01
5.365571379661560059e-02
9.998041987419128418e-01
9.998095631599426270e-01
2.635164000093936920e-02
9.414429217576980591e-02
4.811118170619010925e-02
2.338491082191467285e-01
3.608390092849731445e-01
2.225049883127212524e-01
3.837889805436134338e-02
6.689898669719696045e-02
1.028881072998046875e-01
5.432173982262611389e-02
6.980083882808685303e-02
1.291497349739074707e-01
9.312809109687805176e-01
1.568207293748855591e-01
6.255440413951873779e-02
5.393425002694129944e-02
2.752270400524139404e-01
1.693026125431060791e-01
5.106110572814941406e-01
7.280577719211578369e-02
7.801701873540878296e-02
6.604866981506347656e-01
8.534242510795593262e-01
1.838051676750183105e-01
5.993060022592544556e-02
9.855713844299316406e-01
2.461193129420280457e-02
7.549258321523666382e-02
8.231905102729797363e-02
8.262737095355987549e-02
1.740661263465881348e-01
2.382881194353103638e-02
2.939532324671745300e-02
6.356211006641387939e-02
9.520317614078521729e-02
1.105925068259239197e-01
9.107994288206100464e-02
1.036878526210784912e-01
8.549962043762207031e-01
8.360969424247741699e-01
4.562911763787269592e-02
1.737914979457855225e-01
5.763318538665771484e-01
7.121928781270980835e-02
4.003227502107620239e-02
7.727006077766418457e-01
6.901920586824417114e-02
1.732591986656188965e-01
2.567342519760131836e-01
1.315258145332336426e-01
8.427400141954421997e-02
3.701771795749664307e-02
7.984127402305603027e-01
4.210799336433410645e-01
9.970037341117858887e-01
9.985377788543701172e-01
8.161452412605285645e-02
1.678908765316009521e-01
1.869330182671546936e-02
2.173343747854232788e-01
7.359467446804046631e-02
2.505089342594146729e-01
1.434319466352462769e-01
2.142736129462718964e-02
9.399332851171493530e-02
8.142672479152679443e-02
1.495043337345123291e-01
5.129565298557281494e-02
6.046204566955566406e-01
2.661914750933647156e-02
7.992924451828002930e-01
8.267077803611755371e-01
4.619035869836807251e-02
6.772503256797790527e-02
5.990766733884811401e-02
4.194279387593269348e-02
6.561952829360961914e-02
8.998483419418334961e-02
9.992262125015258789e-01
9.987629652023315430e-01
3.205174580216407776e-02
4.459596052765846252e-02
1.170330792665481567e-01
5.486537516117095947e-02
9.770310670137405396e-02
8.636514097452163696e-02
1.742272675037384033e-01
2.057325541973114014e-01
8.140736073255538940e-02
2.266557961702346802e-01
5.851780623197555542e-02
7.185997813940048218e-02
6.124932691454887390e-02
1.563597768545150757e-01
7.750314474105834961e-01
7.071288824081420898e-01
6.369420140981674194e-02
3.537988662719726562e-02
1.184491440653800964e-01
7.600620985031127930e-01
5.383917093276977539e-01
4.145726934075355530e-02
4.474534466862678528e-02
1.301085501909255981e-01
3.387593477964401245e-02
1.115493327379226685e-01
1.186363324522972107e-01
3.715773671865463257e-02
8.524336665868759155e-02
6.445606797933578491e-02
1.072759628295898438e-01
2.499007433652877808e-01
2.746447548270225525e-02
1.346136778593063354e-01
1.410247087478637695e-01
5.160357058048248291e-02
5.645061284303665161e-02
8.841027319431304932e-02
9.367298334836959839e-02
4.577893763780593872e-02
5.547933652997016907e-02
1.532690078020095825e-01
1.280185580253601074e-01
5.220266580581665039e-01
9.993460774421691895e-01
6.367259472608566284e-02
3.322485685348510742e-01
5.230323970317840576e-02
6.616666167974472046e-02
8.465818762779235840e-01
6.183338165283203125e-01
9.592605382204055786e-02
8.570572733879089355e-02
1.124058291316032410e-01
2.140695229172706604e-02
4.898709431290626526e-02
1.009353324770927429e-01
4.352611675858497620e-02
4.989435523748397827e-02
9.503345489501953125e-01
8.558818697929382324e-01
2.830360233783721924e-01
1.013426259160041809e-01
5.491406098008155823e-02
5.655596032738685608e-02
3.243784010410308838e-01
3.089356422424316406e-01
1.115057766437530518e-01
1.169906258583068848e-01
7.610426098108291626e-02
6.693462282419204712e-02
2.176162749528884888e-01
1.631941050291061401e-01
7.524084448814392090e-01
3.570102453231811523e-01
8.873215317726135254e-02
2.996155619621276855e-02
4.341606423258781433e-02
6.978164613246917725e-02
3.939080983400344849e-02
3.356649726629257202e-02
6.606813520193099976e-02
8.020148426294326782e-02
1.855770647525787354e-01
6.053601950407028198e-02
1.208154335618019104e-01
4.710044711828231812e-02
3.508888557553291321e-02
8.154009282588958740e-02
7.098857313394546509e-02
3.715345263481140137e-02
1.474398970603942871e-01
2.911075651645660400e-01
1.849997937679290771e-01
5.157406926155090332e-01
8.602110743522644043e-01
2.137711197137832642e-01
6.620895862579345703e-02
4.760441929101943970e-02
4.281298816204071045e-01
5.234181284904479980e-01
7.863567769527435303e-02
2.933980822563171387e-01
6.854287385940551758e-01
1.092560663819313049e-01
5.631122589111328125e-01
1.319984048604965210e-01
3.602975606918334961e-02
1.742406487464904785e-01
1.122563108801841736e-01
1.615928411483764648e-01
5.400333181023597717e-02
4.222632348537445068e-01
6.056245416402816772e-02
9.124349057674407959e-02
8.492201566696166992e-02
6.669472455978393555e-01
2.278873473405838013e-01
1.072015315294265747e-01
6.974718719720840454e-02
1.796887367963790894e-01
1.670973747968673706e-01
2.241930514574050903e-01
1.152464672923088074e-01
8.965856581926345825e-02
1.366259902715682983e-01
6.476706266403198242e-02
5.836970210075378418e-01
1.176016405224800110e-01
6.646442413330078125e-02
4.895649105310440063e-02
2.938051819801330566e-01
7.349957525730133057e-02
9.569728970527648926e-01
1.357207000255584717e-01
9.493782371282577515e-02
6.348733603954315186e-02
5.705586075782775879e-02
5.263496562838554382e-02
1.773433089256286621e-01
1.185576468706130981e-01
7.204582542181015015e-02
5.580335110425949097e-02
8.942884951829910278e-02
5.815236568450927734e-01
8.856341242790222168e-01
7.871863245964050293e-02
9.098403453826904297e-01
9.874919652938842773e-01
2.598854154348373413e-02
4.639856144785881042e-02
2.985925041139125824e-02
8.688101172447204590e-02
1.068548783659934998e-01
1.229843348264694214e-01
1.213200241327285767e-01
1.385701894760131836e-01
1.789365559816360474e-01
5.107451975345611572e-02
3.130344152450561523e-01
3.800520598888397217e-01
3.275351226329803467e-02
1.385673973709344864e-02
1.479316651821136475e-01
9.106548130512237549e-02
5.362291634082794189e-02
1.375316679477691650e-01
1.075767539441585541e-02
3.957010060548782349e-02
5.646713972091674805e-01
1.562897115945816040e-01
4.569348692893981934e-02
8.026501536369323730e-02
3.175338730216026306e-02
2.907111309468746185e-02
3.113892488181591034e-02
4.278052598237991333e-02
6.894256919622421265e-02
6.026298925280570984e-02
5.944265127182006836e-01
2.377257645130157471e-01
8.107076287269592285e-01
9.978975057601928711e-01
8.521232753992080688e-02
1.309566497802734375e-01
4.683934897184371948e-02
8.332274854183197021e-02
9.495566785335540771e-02
1.802983582019805908e-01
3.601491078734397888e-02
2.409756183624267578e-01
8.284703828394412994e-03
5.585945770144462585e-02
7.052680104970932007e-02
9.567578881978988647e-02
4.766764119267463684e-02
3.430881723761558533e-02
4.642095044255256653e-02
1.308230012655258179e-01
1.235273927450180054e-01
4.239534735679626465e-01
5.434799194335937500e-02
4.025406837463378906e-01
3.554944396018981934e-01
4.293215274810791016e-01
4.779429435729980469e-01
8.133233338594436646e-02
8.452595770359039307e-02
3.654658421874046326e-02
5.610540881752967834e-02
2.460993081331253052e-01
1.990381777286529541e-01
5.026866495609283447e-02
7.875512540340423584e-02
1.120241284370422363e-01
1.353731006383895874e-01
7.755578309297561646e-02
3.656741976737976074e-02
3.523245826363563538e-02
7.110435515642166138e-02
6.084032729268074036e-02
5.235736817121505737e-02
3.751011937856674194e-02
2.638958394527435303e-01
5.930189043283462524e-02
9.429994225502014160e-01
7.590529322624206543e-02
2.312579751014709473e-02
4.759971797466278076e-02
1.033108308911323547e-01
9.324355423450469971e-02
1.007375419139862061e-01
1.161555871367454529e-01
7.965064644813537598e-01
8.757669329643249512e-01
5.535475909709930420e-02
2.087512984871864319e-02
1.821092665195465088e-01
4.202321171760559082e-02
4.256040602922439575e-02
8.815897256135940552e-02
1.980316638946533203e-01
8.235952854156494141e-01
9.958025813102722168e-01
5.222575664520263672e-01
2.636830806732177734e-01
3.134047687053680420e-01
4.137082397937774658e-01
