9.996933937072753906e-01
1.803264766931533813e-01
5.022200569510459900e-02
3.675330802798271179e-02
3.101070784032344818e-02
3.473205119371414185e-02
2.278544157743453979e-01
2.304327934980392456e-01
1.081065610051155090e-01
5.713474750518798828e-02
8.933813124895095825e-02
2.083906531333923340e-01
4.397035762667655945e-02
1.365208029747009277e-01
9.188290685415267944e-02
9.467962384223937988e-02
9.479392319917678833e-02
2.959078550338745117e-01
1.774614751338958740e-01
6.609380990266799927e-02
5.129224061965942383e-02
3.223527967929840088e-01
1.085821613669395447e-01
2.127844095230102539e-01
2.565738372504711151e-02
3.241169080138206482e-02
2.667694352567195892e-02
6.586112827062606812e-02
5.029943957924842834e-02
2.224301695823669434e-01
1.409954726696014404e-01
3.333131596446037292e-02
9.989571571350097656e-01
9.636840820312500000e-01
3.907681629061698914e-02
8.666757941246032715e-01
5.547209382057189941e-01
3.119173347949981689e-01
3.985732197761535645e-01
7.359570264816284180e-02
5.242136493325233459e-02
3.412429243326187134e-02
2.652284801006317139e-01
1.431368589401245117e-01
6.209944188594818115e-02
3.255837857723236084e-01
8.800624310970306396e-02
9.230103343725204468e-02
2.911154031753540039e-01
8.330467939376831055e-01
1.968469023704528809e-01
7.752618193626403809e-02
3.901090472936630249e-02
1.786154210567474365e-01
1.042777523398399353e-01
6.147051453590393066e-01
5.208330973982810974e-02
1.613872200250625610e-01
1.583654135465621948e-01
1.440165638923645020e-01
3.054860532283782959e-01
1.576548814773559570e-01
7.567105889320373535e-01
9.843356609344482422e-01
9.640843868255615234e-01
9.444684535264968872e-02
1.943497061729431152e-01
2.567989937961101532e-02
4.714106768369674683e-02
4.397160932421684265e-02
4.759436845779418945e-02
6.724421679973602295e-02
3.764221370220184326e-01
6.048477441072463989e-02
3.771336376667022705e-02
5.008167400956153870e-02
2.112479954957962036e-01
7.696742564439773560e-02
1.953405588865280151e-01
1.488277465105056763e-01
9.636240452527999878e-02
4.803461730480194092e-01
1.948813349008560181e-01
1.530271470546722412e-01
3.869552165269851685e-02
3.141627013683319092e-01
3.969977423548698425e-02
2.537054941058158875e-02
7.824524492025375366e-02
2.675724588334560394e-02
2.931590676307678223e-01
8.761435002088546753e-02
3.103734180331230164e-02
2.479885891079902649e-02
1.269636303186416626e-01
4.478754475712776184e-02
8.240243792533874512e-02
6.678881496191024780e-02
7.039394229650497437e-02
1.837435662746429443e-01
7.109895348548889160e-02
1.731930971145629883e-01
2.820073962211608887e-01
8.279482275247573853e-02
8.230733871459960938e-02
4.828136414289474487e-02
1.166970282793045044e-01
7.988715171813964844e-02
6.583009362220764160e-01
4.885876774787902832e-01
1.703092008829116821e-01
1.425556689500808716e-01
3.186633437871932983e-02
7.062867283821105957e-02
9.435349702835083008e-02
1.243236958980560303e-01
5.051460489630699158e-02
8.052070438861846924e-02
6.916048377752304077e-02
5.872800573706626892e-02
6.056350842118263245e-02
2.032364159822463989e-02
2.818699367344379425e-02
1.173202693462371826e-02
8.630064874887466431e-02
1.071651130914688110e-01
7.346080243587493896e-02
1.069748774170875549e-01
5.523926392197608948e-02
5.082625150680541992e-02
7.681138068437576294e-02
3.818274661898612976e-02
6.008742377161979675e-02
6.370674073696136475e-02
8.074401319026947021e-02
1.187085881829261780e-01
8.653891831636428833e-02
3.252422437071800232e-02
1.848392188549041748e-02
1.763163134455680847e-02
2.128029800951480865e-02
3.173135966062545776e-02
4.634726792573928833e-02
3.206389769911766052e-02
1.039619967341423035e-01
9.010221809148788452e-02
1.688735634088516235e-01
6.336889415979385376e-02
6.420125067234039307e-02
7.259301841259002686e-02
5.503607913851737976e-02
4.772790521383285522e-02
3.535386919975280762e-01
5.678933858871459961e-01
5.472379550337791443e-02
6.656852364540100098e-02
5.937864258885383606e-02
8.145239204168319702e-02
7.771687209606170654e-02
5.233330279588699341e-02
3.831107914447784424e-02
4.974586144089698792e-02
2.898198552429676056e-03
2.355618029832839966e-02
4.701900854706764221e-02
5.653766915202140808e-02
2.819328308105468750e-01
5.807814747095108032e-02
2.041129916906356812e-01
1.676733605563640594e-02
3.011444956064224243e-02
1.012079045176506042e-02
7.252086699008941650e-02
1.069146916270256042e-01
7.979013025760650635e-02
8.323774486780166626e-02
9.549707919359207153e-02
3.859043866395950317e-02
5.327409505844116211e-01
1.482398957014083862e-01
7.161822170019149780e-03
2.981140278279781342e-02
1.201324071735143661e-02
3.344702720642089844e-02
1.565707661211490631e-02
4.874068126082420349e-02
7.126286029815673828e-01
2.621804177761077881e-02
8.001958578824996948e-02
3.849365189671516418e-02
8.819265663623809814e-02
5.717194452881813049e-02
1.301694214344024658e-01
8.665214478969573975e-02
2.007289975881576538e-01
3.955939784646034241e-02
1.643519103527069092e-01
5.045813322067260742e-02
1.020804867148399353e-01
3.358279466629028320e-01
3.768251240253448486e-01
1.099888533353805542e-01
6.113085150718688965e-02
8.423651754856109619e-02
9.431727975606918335e-02
5.395554751157760620e-02
3.107334859669208527e-02
2.187935560941696167e-01
6.252217292785644531e-02
9.259278178215026855e-01
6.236804723739624023e-01
7.762464135885238647e-02
1.626570522785186768e-01
5.827154964208602905e-02
3.862565383315086365e-02
9.282676130533218384e-02
2.118756994605064392e-02
8.372429013252258301e-02
1.270108018070459366e-02
2.532277256250381470e-02
1.592162624001502991e-02
8.881174959242343903e-03
4.621820151805877686e-02
1.145293414592742920e-01
9.348566085100173950e-02
5.919222161173820496e-02
8.790671825408935547e-02
9.519083797931671143e-02
4.312485828995704651e-02
1.307353228330612183e-01
4.144917055964469910e-02
7.543212175369262695e-02
2.021192908287048340e-01
4.665824770927429199e-02
5.174845457077026367e-02
2.815667353570461273e-02
1.084221974015235901e-01
2.092441916465759277e-01
4.263878986239433289e-02
2.890282124280929565e-02
1.187662705779075623e-01
8.615963906049728394e-02
9.193562716245651245e-02
6.313032656908035278e-02
2.874036729335784912e-01
6.554421186447143555e-01
2.090776860713958740e-01
8.593741059303283691e-02
8.982630819082260132e-02
1.293051242828369141e-01
4.355082660913467407e-02
3.358688950538635254e-02
1.308671236038208008e-01
8.999773859977722168e-02
4.102551564574241638e-02
4.642739146947860718e-02
1.041730865836143494e-01
9.456410259008407593e-02
7.650209665298461914e-01
7.898152619600296021e-02
4.583327472209930420e-02
6.951660662889480591e-02
8.692961931228637695e-02
1.180806383490562439e-01
3.126984834671020508e-02
7.701252400875091553e-02
4.039826616644859314e-02
4.666618257761001587e-02
6.490982323884963989e-02
1.710888743400573730e-01
1.510008871555328369e-01
2.545623779296875000e-01
6.643424928188323975e-02
1.663719415664672852e-01
4.158129543066024780e-02
5.586294084787368774e-02
1.281639486551284790e-01
1.868175342679023743e-02
6.192682683467864990e-02
4.015456885099411011e-02
1.331958174705505371e-02
1.570720225572586060e-02
7.234217226505279541e-02
8.435928821563720703e-02
3.969129547476768494e-02
5.241726711392402649e-02
1.105267107486724854e-01
1.255472898483276367e-01
1.287781149148941040e-01
8.717603087425231934e-01
8.378279954195022583e-02
3.657109737396240234e-01
1.940327510237693787e-02
9.046165645122528076e-02
1.384857594966888428e-01
1.444700360298156738e-01
2.413592636585235596e-01
4.637748003005981445e-02
6.015008687973022461e-02
4.820712655782699585e-02
3.090224601328372955e-02
4.362681135535240173e-02
4.813241586089134216e-02
1.557181179523468018e-01
1.219037100672721863e-01
4.189295694231987000e-02
6.159619987010955811e-02
3.563266992568969727e-02
8.918989449739456177e-02
1.430047899484634399e-01
5.011890828609466553e-02
3.010983467102050781e-01
5.473285168409347534e-02
7.415071874856948853e-02
5.500483140349388123e-02
7.308457046747207642e-02
1.868600696325302124e-01
1.219274997711181641e-01
4.923861622810363770e-01
1.338585168123245239e-01
7.390687614679336548e-02
5.335198715329170227e-02
8.612890243530273438e-01
9.867135286331176758e-01
7.155877947807312012e-01
9.766398668289184570e-01
9.743762612342834473e-01
9.982325434684753418e-01
9.978645443916320801e-01
1.154137924313545227e-01
3.518204018473625183e-02
3.224371746182441711e-02
4.315868318080902100e-01
4.434149861335754395e-01
7.514229416847229004e-02
1.436966098845005035e-02
3.968907892704010010e-02
2.827367000281810760e-02
2.301801741123199463e-01
3.179766535758972168e-01
2.338963449001312256e-01
2.862780392169952393e-01
2.182722538709640503e-01
9.251913428306579590e-02
9.839414805173873901e-02
1.902889162302017212e-01
2.159321010112762451e-01
2.755064368247985840e-01
1.001135185360908508e-01
1.468954142183065414e-02
9.391642361879348755e-02
8.621142804622650146e-02
7.269220054149627686e-02
8.144388347864151001e-02
1.162277162075042725e-01
7.659888267517089844e-02
1.493884474039077759e-01
8.741886913776397705e-02
4.643468558788299561e-02
1.215953156352043152e-01
7.104407995939254761e-02
1.492589414119720459e-01
3.484186157584190369e-02
6.012537702918052673e-02
1.233582869172096252e-01
3.516248241066932678e-02
6.325149536132812500e-02
1.100219860672950745e-01
2.502706348896026611e-01
6.153405457735061646e-02
8.867285251617431641e-01
9.122607111930847168e-02
1.038883551955223083e-01
2.644944563508033752e-02
1.059568524360656738e-01
2.252872884273529053e-01
1.632501631975173950e-01
5.057432875037193298e-02
2.269771322607994080e-02
5.596393719315528870e-02
1.472127288579940796e-01
6.936523318290710449e-02
5.859294906258583069e-02
4.994250088930130005e-02
7.466114163398742676e-01
9.983604550361633301e-01
8.555504679679870605e-02
1.322571560740470886e-02
4.449161887168884277e-02
1.440539676696062088e-02
3.259904682636260986e-01
5.085784569382667542e-02
4.252317547798156738e-01
8.932089060544967651e-02
5.610196590423583984e-01
5.728341639041900635e-02
8.292619884014129639e-02
8.386138081550598145e-02
1.483416855335235596e-01
1.429197937250137329e-02
6.811738014221191406e-02
2.093234360218048096e-01
6.630015373229980469e-02
6.224253028631210327e-02
1.286111474037170410e-01
8.184921741485595703e-02
1.578345298767089844e-01
7.418401241302490234e-01
1.308330595493316650e-01
1.990759223699569702e-01
1.685941070318222046e-01
5.737355947494506836e-01
7.123696804046630859e-02
1.544460952281951904e-01
1.986546814441680908e-02
4.148028045892715454e-02
3.715303912758827209e-02
4.771103709936141968e-02
5.905361101031303406e-02
8.021666109561920166e-02
8.827468752861022949e-02
3.105008415877819061e-02
3.601697683334350586e-01
1.900827437639236450e-01
1.293141543865203857e-01
5.741121992468833923e-02
5.398122966289520264e-02
3.170215338468551636e-02
3.620634227991104126e-02
4.875812530517578125e-01
9.911239892244338989e-02
5.298250913619995117e-01
1.306900680065155029e-01
1.146061494946479797e-01
1.248774677515029907e-01
4.949190467596054077e-02
1.840498596429824829e-01
9.999608993530273438e-01
6.452876925468444824e-01
9.427970647811889648e-02
2.626818418502807617e-02
6.748123466968536377e-02
3.599469363689422607e-01
3.780371323227882385e-02
1.268826276063919067e-01
3.964022919535636902e-02
9.996221959590911865e-02
9.153506159782409668e-02
4.629827663302421570e-02
6.973987072706222534e-02
2.455457001924514771e-01
1.013069301843643188e-01
2.692465670406818390e-02
3.783752620220184326e-01
1.623191088438034058e-01
7.261677831411361694e-02
7.927646487951278687e-02
8.659907579421997070e-01
9.957285523414611816e-01
3.805454075336456299e-02
2.709128335118293762e-02
9.144589304924011230e-02
8.557642251253128052e-02
2.840829640626907349e-02
6.526549905538558960e-02
1.089598834514617920e-01
4.366004839539527893e-02
5.268724262714385986e-02
6.685625910758972168e-01
7.530254125595092773e-01
6.563015282154083252e-02
4.109789058566093445e-02
5.093806982040405273e-01
2.205063551664352417e-01
9.755264967679977417e-02
1.688631623983383179e-01
1.225400865077972412e-01
1.062847115099430084e-02
2.029465511441230774e-02
7.571653462946414948e-03
1.428256332874298096e-01
9.058813005685806274e-02
4.718593880534172058e-02
3.592934831976890564e-02
2.217053249478340149e-02
8.842477202415466309e-01
6.811156123876571655e-02
1.734912097454071045e-01
5.912964418530464172e-02
9.999736547470092773e-01
9.990727901458740234e-01
5.061253532767295837e-02
8.588888496160507202e-02
4.945021122694015503e-02
1.472337637096643448e-02
9.112054109573364258e-01
2.341450303792953491e-01
1.025508791208267212e-01
4.002420231699943542e-02
3.005255758762359619e-01
8.722777664661407471e-02
1.991673558950424194e-02
9.859755635261535645e-02
1.088952086865901947e-02
8.937300741672515869e-02
1.993857510387897491e-02
1.908938959240913391e-02
3.126843273639678955e-02
5.645707994699478149e-02
6.593094021081924438e-02
3.447223082184791565e-02
4.856374561786651611e-01
2.370243370532989502e-01
2.378715872764587402e-01
1.125564649701118469e-01
4.970791749656200409e-03
5.905798077583312988e-02
3.919004276394844055e-02
1.704880297183990479e-01
1.333905383944511414e-02
5.687413364648818970e-02
3.471421077847480774e-03
1.609440706670284271e-02
2.214427478611469269e-02
8.095207065343856812e-02
4.857692420482635498e-01
6.167329549789428711e-01
2.975463271141052246e-01
5.466923713684082031e-01
2.470410428941249847e-02
5.112217068672180176e-01
5.206577479839324951e-02
2.753484249114990234e-02
1.808225922286510468e-02
7.610651850700378418e-02
2.065535932779312134e-01
3.578589484095573425e-02
2.824986167252063751e-02
5.009496212005615234e-01
4.487833976745605469e-01
7.137333750724792480e-01
9.999933242797851562e-01
1.706160306930541992e-01
3.109660744667053223e-02
1.785081066191196442e-02
1.324341259896755219e-02
4.853574931621551514e-02
1.392837762832641602e-01
2.646573185920715332e-01
6.826771050691604614e-02
3.656792268157005310e-02
2.301694080233573914e-02
2.458404935896396637e-02
1.091925241053104401e-02
9.542428702116012573e-02
4.620525240898132324e-01
6.704672425985336304e-02
4.789490997791290283e-02
2.978663705289363861e-02
8.535876125097274780e-02
6.654541194438934326e-02
7.990306615829467773e-02
5.725343897938728333e-02
5.456412956118583679e-02
1.641265302896499634e-01
1.029153689742088318e-01
8.529337495565414429e-02
4.659173637628555298e-02
5.486909672617912292e-02
5.419313162565231323e-02
1.215196475386619568e-01
7.692016661167144775e-02
8.862496167421340942e-02
8.803775310516357422e-01
7.874011397361755371e-01
7.042014598846435547e-02
5.392103269696235657e-02
1.064925342798233032e-01
2.573505938053131104e-01
9.746056199073791504e-01
1.014778912067413330e-01
3.182357177138328552e-02
8.176268637180328369e-02
1.605197414755821228e-02
1.354608684778213501e-01
5.785978585481643677e-02
8.338534832000732422e-01
1.667050123214721680e-01
7.474576234817504883e-01
9.742420911788940430e-01
7.559794932603836060e-02
4.770606756210327148e-02
1.088180467486381531e-01
7.356172204017639160e-01
9.987722039222717285e-01
7.410110533237457275e-02
8.581439852714538574e-01
9.381539374589920044e-02
1.461766362190246582e-01
8.438308537006378174e-02
9.910282492637634277e-01
9.506263136863708496e-01
4.355097562074661255e-02
1.252104789018630981e-01
1.060277670621871948e-01
9.423547983169555664e-02
1.063863039016723633e-01
2.947717159986495972e-02
1.926968693733215332e-01
4.202845320105552673e-02
2.862085700035095215e-01
3.458545356988906860e-02
8.152773603796958923e-03
8.085374534130096436e-02
8.847489207983016968e-02
2.666030079126358032e-02
8.841924369335174561e-02
1.129116788506507874e-01
3.835667669773101807e-02
1.523178815841674805e-01
6.121184304356575012e-02
6.009958684444427490e-02
6.421323865652084351e-02
6.684353202581405640e-02
6.093808263540267944e-02
2.546085231006145477e-02
6.448927521705627441e-02
4.681342467665672302e-02
7.700289785861968994e-02
5.929125100374221802e-02
1.362795531749725342e-01
7.983032613992691040e-02
8.554281294345855713e-02
3.245756030082702637e-02
8.883627131581306458e-03
2.760752849280834198e-02
1.560830324888229370e-01
2.578631937503814697e-01
2.828923799097537994e-02
7.573038339614868164e-02
3.015260398387908936e-02
7.351937144994735718e-02
5.776909738779067993e-02
1.150331571698188782e-01
3.470693156123161316e-02
1.119448766112327576e-01
2.600657381117343903e-02
1.471500843763351440e-01
1.098492741584777832e-01
8.424723893404006958e-02
8.233267664909362793e-01
4.769869446754455566e-01
9.902149438858032227e-01
3.366104960441589355e-01
4.353268817067146301e-02
3.951879218220710754e-02
4.353440180420875549e-02
1.263137012720108032e-01
1.523503065109252930e-01
9.719446301460266113e-01
6.190641522407531738e-01
4.602667689323425293e-02
2.484100311994552612e-01
6.139540076255798340e-01
2.256661839783191681e-02
4.274799674749374390e-02
2.652325928211212158e-01
2.210871726274490356e-01
5.794180557131767273e-02
4.377529397606849670e-02
9.891273081302642822e-02
1.490274369716644287e-01
4.496072977781295776e-02
4.230789467692375183e-02
9.452790766954421997e-02
1.155502274632453918e-01
1.297868937253952026e-01
3.562686443328857422e-01
7.032117843627929688e-01
3.499293699860572815e-02
1.859607733786106110e-02
1.075137704610824585e-01
9.125417098402976990e-03
1.155294850468635559e-02
1.571188494563102722e-02
3.352866321802139282e-02
4.459856450557708740e-02
3.376925736665725708e-02
1.625023968517780304e-02
1.596273854374885559e-02
1.910188794136047363e-02
8.340927213430404663e-02
8.830083012580871582e-01
1.501902639865875244e-01
3.628018498420715332e-02
2.089232206344604492e-01
7.102131843566894531e-02
2.743480168282985687e-02
3.795897960662841797e-01
1.152299046516418457e-01
7.097622752189636230e-02
4.559281095862388611e-02
2.267708182334899902e-01
1.077299937605857849e-01
1.899609714746475220e-01
4.378438740968704224e-02
4.115486517548561096e-02
7.188728451728820801e-02
9.107144176959991455e-02
1.167850941419601440e-01
7.898415625095367432e-02
5.383424460887908936e-02
7.074772566556930542e-02
6.602594852447509766e-01
8.346238732337951660e-02
9.643395245075225830e-02
5.002002120018005371e-01
6.516318023204803467e-02
4.520856216549873352e-02
8.148391544818878174e-02
1.155682802200317383e-01
7.766199856996536255e-02
2.242635563015937805e-02
9.987626969814300537e-02
1.325286775827407837e-01
5.985702574253082275e-02
8.971187472343444824e-02
7.486821711063385010e-02
9.374263882637023926e-02
2.693618461489677429e-02
2.421225756406784058e-01
5.362395569682121277e-02
6.336420774459838867e-02
5.013874173164367676e-02
9.594857692718505859e-02
7.053961157798767090e-01
8.862414956092834473e-01
2.969121746718883514e-02
9.985670447349548340e-02
7.318803668022155762e-02
1.175801753997802734e-01
7.606629282236099243e-02
6.760493665933609009e-02
4.128795117139816284e-02
6.071636453270912170e-02
2.428221553564071655e-01
2.568028271198272705e-01
2.704429812729358673e-02
4.311907887458801270e-01
1.004070118069648743e-01
7.573471963405609131e-02
6.996783614158630371e-02
4.429792612791061401e-02
9.235552698373794556e-02
8.396931886672973633e-01
8.912302255630493164e-01
1.927549578249454498e-02
1.076765805482864380e-01
4.590472877025604248e-01
6.153963804244995117e-01
3.578717634081840515e-02
4.544332996010780334e-02
5.400776863098144531e-01
5.830074548721313477e-01
4.841807484626770020e-02
1.266719698905944824e-01
1.374613959342241287e-02
4.557146504521369934e-02
1.979348249733448029e-02
1.206601187586784363e-01
4.647765681147575378e-02
8.666667342185974121e-02
3.022356517612934113e-02
1.044090390205383301e-01
2.556730434298515320e-02
1.651345342397689819e-01
1.019343137741088867e-01
6.202286109328269958e-02
1.065857037901878357e-01
8.134578913450241089e-02
1.234510019421577454e-01
8.430847525596618652e-02
1.091609224677085876e-01
9.013164043426513672e-02
6.610405445098876953e-02
8.384052664041519165e-02
1.033176332712173462e-01
9.206073731184005737e-02
6.839410215616226196e-02
3.390970081090927124e-02
4.356552362442016602e-01
7.785169035196304321e-02
6.248195841908454895e-02
1.592997610569000244e-01
1.167708188295364380e-01
1.434606313705444336e-01
7.219503074884414673e-02
6.182797625660896301e-02
1.077244728803634644e-01
1.397473663091659546e-01
6.984881311655044556e-02
9.564919024705886841e-02
7.404181361198425293e-02
9.533505141735076904e-02
1.437060832977294922e-01
9.786049276590347290e-02
8.867781609296798706e-02
5.673908069729804993e-02
7.348535954952239990e-02
1.846954673528671265e-01
3.347812965512275696e-02
7.997627556324005127e-02
1.030030846595764160e-01
7.885431498289108276e-02
7.698036730289459229e-02
1.187235955148935318e-02
8.027034997940063477e-02
4.135036095976829529e-02
1.083638072013854980e-01
7.504206895828247070e-02
6.664148718118667603e-02
8.795438706874847412e-02
3.057259321212768555e-02
1.077563092112541199e-01
8.356201648712158203e-02
1.740135103464126587e-01
8.398912101984024048e-02
2.773283720016479492e-01
6.561974436044692993e-02
1.194388642907142639e-01
4.712742194533348083e-02
7.181064039468765259e-02
5.285655707120895386e-02
1.025142446160316467e-01
5.300141498446464539e-02
1.550189405679702759e-01
3.958781808614730835e-02
6.964318454265594482e-02
1.653380505740642548e-02
8.799602277576923370e-03
1.624597981572151184e-02
9.745877981185913086e-02
8.823607116937637329e-02
7.709296047687530518e-02
6.332514882087707520e-01
4.389652311801910400e-01
2.380342334508895874e-01
3.278075903654098511e-02
4.711562767624855042e-02
6.670803576707839966e-02
5.126376822590827942e-02
3.497304767370223999e-02
6.257167458534240723e-02
5.041372776031494141e-02
5.578643456101417542e-02
5.340120941400527954e-02
4.780608415603637695e-02
7.538948208093643188e-02
6.796926259994506836e-02
3.859854489564895630e-02
6.234880536794662476e-02
1.470514982938766479e-01
9.277056157588958740e-02
6.266093999147415161e-02
5.580712482333183289e-02
1.729275286197662354e-02
3.406922519207000732e-02
9.879920631647109985e-03
9.994093328714370728e-02
7.965660095214843750e-02
5.605478771030902863e-03
8.497041650116443634e-03
5.142830312252044678e-02
6.004328653216362000e-02
4.035590589046478271e-02
3.423239663243293762e-02
5.063705891370773315e-02
6.022104248404502869e-02
4.892246797680854797e-02
7.629445940256118774e-02
3.919326514005661011e-02
1.287984661757946014e-02
8.701804094016551971e-03
1.756760664284229279e-02
9.050710499286651611e-02
8.381716161966323853e-02
5.193960294127464294e-02
1.250592172145843506e-01
2.011923342943191528e-01
6.304787844419479370e-02
9.301324933767318726e-02
1.396023631095886230e-01
1.409386992454528809e-01
9.994951486587524414e-01
4.969600215554237366e-02
3.947471082210540771e-01
2.905983105301856995e-02
4.781880378723144531e-01
7.069147229194641113e-01
8.374792933464050293e-01
3.125396370887756348e-01
8.525026589632034302e-02
7.022166252136230469e-02
1.006141602993011475e-01
1.022451668977737427e-01
5.799594148993492126e-02
8.193587511777877808e-02
1.566942483186721802e-01
5.789847299456596375e-02
1.747571825981140137e-01
7.408796995878219604e-02
6.436289846897125244e-02
2.472095936536788940e-02
8.297874033451080322e-02
4.257543757557868958e-02
1.071806550025939941e-01
1.796375513076782227e-01
7.000739127397537231e-02
2.344287782907485962e-01
1.901922225952148438e-01
1.941579133272171021e-01
1.993827670812606812e-01
7.470911368727684021e-03
1.349802874028682709e-02
8.354139514267444611e-03
1.752290427684783936e-01
1.055322065949440002e-01
8.416804671287536621e-02
6.038574501872062683e-02
1.035387367010116577e-01
1.553211510181427002e-01
4.747880622744560242e-02
1.251402199268341064e-01
9.566757082939147949e-02
1.722248792648315430e-01
1.649463176727294922e-02
3.921683877706527710e-02
5.676249787211418152e-02
2.267992645502090454e-01
7.140757888555526733e-02
8.889397606253623962e-03
9.999914169311523438e-01
1.775850169360637665e-02
3.917958736419677734e-01
6.802342832088470459e-02
3.434741869568824768e-02
4.801989719271659851e-02
1.451920121908187866e-01
5.410926789045333862e-02
1.887470334768295288e-01
1.204501613974571228e-01
1.014620214700698853e-01
1.703029572963714600e-01
3.825323581695556641e-01
7.635937333106994629e-01
3.004545867443084717e-01
9.624050557613372803e-02
3.534336686134338379e-01
1.628714799880981445e-01
3.487208858132362366e-02
1.567482016980648041e-02
7.617752067744731903e-03
1.110947728157043457e-01
6.316094845533370972e-02
3.262709453701972961e-02
2.459011785686016083e-02
9.375108778476715088e-02
3.427971899509429932e-01
9.719516336917877197e-02
1.612854897975921631e-01
6.787483394145965576e-02
1.405721437186002731e-02
1.440811008214950562e-01
6.890768557786941528e-02
9.655829519033432007e-02
4.135670140385627747e-02
8.203206956386566162e-02
7.513603568077087402e-02
3.022743761539459229e-02
1.486891210079193115e-01
2.061227411031723022e-01
7.668469846248626709e-02
4.799940064549446106e-02
1.080888435244560242e-01
1.172325238585472107e-01
2.111421972513198853e-01
5.446035042405128479e-02
4.729366600513458252e-01
2.239713817834854126e-01
7.144820690155029297e-02
2.024143189191818237e-01
9.151900559663772583e-02
5.815982073545455933e-02
5.252333730459213257e-02
2.272437512874603271e-02
6.027041375637054443e-02
1.039849668741226196e-01
3.050806187093257904e-02
3.869577869772911072e-02
1.014731526374816895e-01
2.629567682743072510e-01
9.141669422388076782e-02
8.439368009567260742e-02
2.310482859611511230e-01
2.632590383291244507e-02
2.977564930915832520e-01
6.338568329811096191e-01
7.298129796981811523e-02
8.866159617900848389e-02
2.263100817799568176e-02
1.757968217134475708e-01
4.454886913299560547e-02
1.632504165172576904e-01
1.930603198707103729e-02
1.530476510524749756e-01
7.249405980110168457e-02
5.177806690335273743e-02
5.178225040435791016e-02
1.045156344771385193e-01
1.468501836061477661e-01
4.896411672234535217e-02
1.269877552986145020e-01
4.108515754342079163e-02
8.458855748176574707e-02
1.689400374889373779e-01
1.110148876905441284e-01
2.047144770622253418e-01
8.938913345336914062e-01
1.575019955635070801e-01
1.571263000369071960e-02
1.024161726236343384e-01
6.971584260463714600e-02
1.699574291706085205e-02
1.015372499823570251e-01
4.690774157643318176e-02
9.998856782913208008e-01
1.119923442602157593e-01
9.304468333721160889e-02
1.350426673889160156e-01
5.696699768304824829e-02
7.780697941780090332e-02
1.215368434786796570e-01
4.335481207817792892e-03
1.717907562851905823e-02
2.010391280055046082e-02
7.912402600049972534e-02
3.294301405549049377e-02
4.955051839351654053e-02
1.443672925233840942e-02
1.578530222177505493e-01
9.300692379474639893e-02
3.301644325256347656e-02
5.806086584925651550e-02
5.520135909318923950e-02
4.736857116222381592e-02
8.769570849835872650e-03
4.286848008632659912e-02
6.888345628976821899e-02
1.232636496424674988e-01
2.645716257393360138e-02
1.714634709060192108e-02
1.284525729715824127e-02
1.300882995128631592e-01
7.517053931951522827e-02
8.581892400979995728e-02
4.431513696908950806e-02
2.871837466955184937e-02
3.306347876787185669e-02
4.313080105930566788e-03
2.659312076866626740e-02
4.687559232115745544e-02
2.197551168501377106e-02
1.091253384947776794e-02
1.537917647510766983e-02
1.232204511761665344e-01
6.081271544098854065e-02
5.763712152838706970e-02
5.284297093749046326e-02
1.772508025169372559e-01
5.606051161885261536e-02
2.136446535587310791e-02
3.125717490911483765e-02
6.225807964801788330e-02
1.214906722307205200e-01
4.772584885358810425e-02
3.616532310843467712e-02
4.023234546184539795e-02
1.913096308708190918e-01
6.012544035911560059e-02
1.693269759416580200e-01
3.647104799747467041e-01
3.782958090305328369e-01
2.231759019196033478e-02
3.081746213138103485e-02
3.478094562888145447e-02
5.187882110476493835e-02
2.032069414854049683e-01
1.920086890459060669e-01
1.837477274239063263e-02
8.326040208339691162e-02
1.035659536719322205e-01
1.053389012813568115e-01
1.137120872735977173e-01
1.305217444896697998e-01
1.152093708515167236e-01
2.538084983825683594e-01
3.975468501448631287e-02
7.662411779165267944e-02
5.603759363293647766e-02
2.003753744065761566e-02
2.876286394894123077e-02
2.873839810490608215e-02
1.053767949342727661e-01
6.792531162500381470e-02
1.117230728268623352e-01
4.889621585607528687e-02
9.921050071716308594e-02
1.943919211626052856e-01
2.672196626663208008e-01
7.839683443307876587e-02
6.222915649414062500e-02
3.206755965948104858e-02
2.397915907204151154e-02
1.902170293033123016e-02
5.585285834968090057e-03
1.162447482347488403e-01
5.133272334933280945e-02
9.957738518714904785e-01
9.977182149887084961e-01
1.076678279787302017e-02
4.802701249718666077e-02
5.897945165634155273e-02
1.153839100152254105e-02
6.156842410564422607e-02
1.033714264631271362e-01
4.166768491268157959e-02
6.581655144691467285e-02
9.377773851156234741e-02
1.007835194468498230e-01
4.408866167068481445e-02
1.104046404361724854e-01
7.562182843685150146e-02
7.327090203762054443e-02
2.277583815157413483e-02
1.263363659381866455e-02
2.971191331744194031e-02
1.601305976510047913e-02
2.657031267881393433e-02
1.488485466688871384e-02
6.107854843139648438e-02
1.738876253366470337e-01
9.837642312049865723e-02
7.667031884193420410e-02
3.706180751323699951e-01
9.796162843704223633e-01
1.021355316042900085e-01
1.337045133113861084e-01
2.254226952791213989e-01
4.599799215793609619e-01
5.939159914851188660e-02
1.169782578945159912e-01
6.496984511613845825e-02
7.114288210868835449e-01
1.914124339818954468e-01
9.705969095230102539e-01
4.849417507648468018e-02
1.005843132734298706e-01
7.672813255339860916e-03
3.372825309634208679e-02
1.792794652283191681e-02
1.550310943275690079e-02
9.920110106468200684e-01
9.767746329307556152e-01
1.335064321756362915e-02
1.197841390967369080e-01
3.846111148595809937e-02
5.926467105746269226e-02
3.803003206849098206e-02
4.203281924128532410e-02
8.223200589418411255e-02
8.962085843086242676e-02
5.285538360476493835e-02
3.370574489235877991e-02
5.894634500145912170e-02
7.805515080690383911e-02
1.250015497207641602e-01
4.511479660868644714e-02
7.613366842269897461e-02
5.064374953508377075e-02
1.217375174164772034e-01
8.664260804653167725e-02
7.716500014066696167e-02
5.179250985383987427e-02
8.131798356771469116e-02
1.014341339468955994e-01
4.141714423894882202e-02
2.811654657125473022e-02
5.166103318333625793e-02
4.906400442123413086e-01
1.323768794536590576e-01
7.048051804304122925e-02
3.632991760969161987e-02
8.733445778489112854e-03
2.301215939223766327e-02
1.397745609283447266e-01
7.045575231313705444e-02
8.405454456806182861e-02
5.326677113771438599e-02
9.758998751640319824e-01
9.601401090621948242e-01
1.865104772150516510e-02
9.292984753847122192e-02
5.735152214765548706e-02
7.989884167909622192e-02
9.444081038236618042e-02
1.872485689818859100e-02
5.467419698834419250e-02
1.520547270774841309e-01
6.353932619094848633e-02
8.189040422439575195e-02
6.142140924930572510e-02
3.302551805973052979e-02
5.785468965768814087e-02
7.103632390499114990e-02
9.999989271163940430e-01
9.998426437377929688e-01
1.169234216213226318e-01
1.282915771007537842e-01
9.368322789669036865e-02
4.517420381307601929e-02
1.641869843006134033e-01
5.489482358098030090e-02
1.094622239470481873e-01
5.542860552668571472e-02
1.202019210904836655e-02
9.175926446914672852e-02
6.970832496881484985e-02
7.941296696662902832e-02
1.752549856901168823e-01
2.174540162086486816e-01
1.007132530212402344e-01
2.053942829370498657e-01
2.061611711978912354e-01
9.735095500946044922e-01
2.598213218152523041e-02
2.124489471316337585e-02
1.103129759430885315e-01
2.288652956485748291e-01
2.367352880537509918e-02
1.933189183473587036e-01
5.778569728136062622e-02
5.819443240761756897e-02
7.744422554969787598e-02
1.488061100244522095e-01
3.468722850084304810e-02
6.548741459846496582e-02
2.848345935344696045e-01
7.949895262718200684e-01
4.129835218191146851e-02
1.989872902631759644e-01
4.395982623100280762e-02
4.679156839847564697e-01
9.972488135099411011e-02
6.721176505088806152e-01
9.814008474349975586e-01
8.634814620018005371e-02
5.081633850932121277e-02
4.928040504455566406e-01
5.394170805811882019e-02
9.999858140945434570e-01
9.999711513519287109e-01
4.559537172317504883e-01
2.207694351673126221e-01
4.238573089241981506e-02
1.647829115390777588e-01
5.796577036380767822e-02
7.608159631490707397e-02
1.424040645360946655e-01
6.417281925678253174e-02
3.124895691871643066e-02
3.507027626037597656e-01
4.515345394611358643e-02
5.697961896657943726e-03
9.883561730384826660e-02
1.083040311932563782e-01
4.852255433797836304e-02
6.413317471742630005e-02
9.150687605142593384e-02
3.500073775649070740e-02
3.977340087294578552e-02
1.373660862445831299e-01
4.368874058127403259e-02
5.284025520086288452e-02
1.848405748605728149e-01
1.369277089834213257e-01
2.796590924263000488e-01
6.659927964210510254e-02
3.243934214115142822e-01
3.413040563464164734e-02
6.875496357679367065e-02
4.628419280052185059e-01
3.138589859008789062e-01
1.887257248163223267e-01
2.395418658852577209e-02
1.966726183891296387e-01
5.373424291610717773e-01
1.377679705619812012e-01
1.834611147642135620e-01
7.935195416212081909e-02
4.385058581829071045e-02
3.102779015898704529e-02
7.827413827180862427e-02
4.613137245178222656e-02
2.973539568483829498e-02
3.334204852581024170e-02
9.000261873006820679e-02
1.897923946380615234e-01
5.470733344554901123e-02
1.764365136623382568e-01
7.547149062156677246e-02
2.879312075674533844e-02
1.011005789041519165e-01
4.540822282433509827e-02
9.955152124166488647e-02
7.287048548460006714e-02
1.055929362773895264e-01
2.784064412117004395e-01
3.697865009307861328e-01
4.089648127555847168e-01
1.289438307285308838e-01
2.768910862505435944e-02
6.501983106136322021e-02
8.935149759054183960e-02
4.978764429688453674e-02
6.404599547386169434e-02
5.266681313514709473e-02
2.200561612844467163e-01
5.322666093707084656e-02
3.722537681460380554e-02
6.619112193584442139e-02
9.925050288438796997e-02
4.428275674581527710e-02
1.306991875171661377e-01
5.956974625587463379e-02
1.671454757452011108e-01
8.940224051475524902e-01
4.768708944320678711e-01
1.755724400281906128e-01
1.916838437318801880e-01
1.037465706467628479e-01
9.529507160186767578e-01
9.894469976425170898e-01
1.089882403612136841e-01
5.928185209631919861e-02
7.292754203081130981e-02
3.293939679861068726e-02
1.261417865753173828e-01
1.158589869737625122e-01
4.497871920466423035e-02
5.981258749961853027e-01
1.485420912504196167e-01
6.622483581304550171e-02
1.198006421327590942e-02
1.109895016998052597e-02
2.079660817980766296e-02
7.143026590347290039e-02
3.126526623964309692e-02
5.143904089927673340e-01
3.947496414184570312e-01
7.062620520591735840e-01
7.594629377126693726e-02
3.544017300009727478e-02
3.239205107092857361e-02
8.063407987356185913e-02
1.783570647239685059e-01
2.548511326313018799e-01
1.595748215913772583e-02
3.056753426790237427e-02
6.905044615268707275e-02
1.621989756822586060e-01
1.154620274901390076e-01
2.879593074321746826e-01
9.648634791374206543e-01
7.727234810590744019e-02
2.716627717018127441e-02
2.515863068401813507e-02
5.109209939837455750e-02
1.015949323773384094e-01
1.643718779087066650e-01
1.093910634517669678e-01
5.435930937528610229e-02
7.706533372402191162e-02
3.627681732177734375e-02
7.634320110082626343e-02
7.289111614227294922e-02
2.225529029965400696e-02
1.044527590274810791e-01
3.569246828556060791e-02
6.023250520229339600e-02
2.693098783493041992e-01
2.645598538219928741e-02
3.266641497611999512e-02
1.971714431419968605e-03
3.089231066405773163e-02
2.109410166740417480e-01
1.000000000000000000e+00
1.653107106685638428e-01
9.907656162977218628e-02
1.122952848672866821e-01
1.198118403553962708e-01
8.458903431892395020e-02
1.104558333754539490e-01
2.104393988847732544e-01
6.497386842966079712e-02
1.734956353902816772e-01
1.570754200220108032e-01
2.425647825002670288e-01
1.372649371623992920e-01
7.196155935525894165e-02
2.399574518203735352e-01
1.194525957107543945e-01
1.096495464444160461e-01
3.017824701964855194e-02
7.755819708108901978e-02
1.258288025856018066e-01
3.119492530822753906e-02
3.199165686964988708e-02
1.851425133645534515e-02
8.201406896114349365e-02
1.279508620500564575e-01
1.348305642604827881e-01
8.004149422049522400e-03
2.787118032574653625e-02
2.950880676507949829e-02
2.086254805326461792e-01
3.320018351078033447e-01
9.969113022089004517e-02
6.627398729324340820e-02
3.038255125284194946e-02
8.038206696510314941e-01
6.703862547874450684e-01
2.958420105278491974e-02
4.791173711419105530e-02
3.311321884393692017e-02
1.466499418020248413e-01
6.571070104837417603e-02
3.878754377365112305e-02
5.553271621465682983e-02
1.464628241956233978e-02
7.537054363638162613e-03
6.430474668741226196e-02
6.337971240282058716e-02
6.388689577579498291e-02
9.017042517662048340e-01
1.470852047204971313e-01
3.855376690626144409e-02
3.670800849795341492e-02
1.070066634565591812e-02
2.022550441324710846e-02
5.297006294131278992e-02
6.481378525495529175e-02
8.472591638565063477e-02
7.560371607542037964e-02
7.817576825618743896e-02
9.736672639846801758e-01
7.739683240652084351e-02
1.748857796192169189e-01
6.110236793756484985e-02
4.779566079378128052e-03
4.233051836490631104e-02
2.412370219826698303e-02
4.516960680484771729e-02
1.013929024338722229e-01
7.071663141250610352e-01
8.513259142637252808e-02
5.579097196459770203e-02
6.853993982076644897e-02
1.705656945705413818e-01
8.758036047220230103e-02
5.760920643806457520e-01
8.101982474327087402e-01
5.294300243258476257e-02
1.590629220008850098e-01
5.638767033815383911e-02
4.986451566219329834e-02
1.120699867606163025e-01
6.115948781371116638e-02
1.211615055799484253e-01
4.335997626185417175e-02
2.909104712307453156e-02
7.899293303489685059e-02
1.743078529834747314e-01
4.545523598790168762e-02
5.650266408920288086e-01
6.492517888545989990e-02
1.922858506441116333e-02
7.604597508907318115e-02
9.468317031860351562e-01
6.881383806467056274e-02
8.674188703298568726e-02
1.023984625935554504e-01
6.739977002143859863e-02
9.252946823835372925e-02
2.216066271066665649e-01
9.039318561553955078e-01
2.261835038661956787e-01
2.854394540190696716e-02
5.491871386766433716e-02
2.736615836620330811e-01
8.958950638771057129e-02
2.483850531280040741e-02
2.659135311841964722e-02
7.051216810941696167e-02
3.754810243844985962e-02
4.824906587600708008e-02
1.875604689121246338e-01
1.038053818047046661e-02
1.232913695275783539e-02
6.164012011140584946e-03
1.121657118201255798e-01
8.979017734527587891e-01
4.423092007637023926e-01
1.787435263395309448e-02
1.294888556003570557e-02
4.139402508735656738e-02
1.240758299827575684e-01
1.770267821848392487e-02
1.845964603126049042e-02
6.270552426576614380e-02
5.267726629972457886e-02
1.821892894804477692e-02
4.023168981075286865e-02
1.599056273698806763e-01
3.649588674306869507e-02
4.599259793758392334e-02
2.275691181421279907e-02
2.559346333146095276e-02
9.637924842536449432e-03
9.582599997520446777e-02
3.088142350316047668e-02
1.509910542517900467e-02
1.276942715048789978e-02
3.759910119697451591e-03
5.797294527292251587e-02
8.550705015659332275e-02
1.737093552947044373e-02
2.063365280628204346e-01
4.149723052978515625e-01
7.556676864624023438e-02
5.848316475749015808e-02
2.948299050331115723e-02
2.875703386962413788e-02
9.287877008318901062e-03
1.485733129084110260e-02
3.754309937357902527e-02
6.480432748794555664e-01
1.173674408346414566e-02
3.958114609122276306e-02
6.060430780053138733e-02
1.922497451305389404e-01
1.463122665882110596e-02
1.186685636639595032e-02
1.965936087071895599e-02
3.363263234496116638e-02
7.062178850173950195e-02
8.978522568941116333e-02
8.114747703075408936e-02
4.733394980430603027e-01
8.448211550712585449e-01
1.654303222894668579e-01
9.811115264892578125e-02
5.892616510391235352e-02
1.260697394609451294e-01
7.798415422439575195e-02
1.109905615448951721e-01
6.685368716716766357e-02
5.687253549695014954e-02
6.512924283742904663e-02
3.865014761686325073e-02
5.558328330516815186e-02
1.900413185358047485e-01
2.218738384544849396e-02
3.442980349063873291e-02
4.819299653172492981e-02
2.679903618991374969e-02
1.160917431116104126e-01
4.627673327922821045e-02
6.045381538569927216e-03
1.090871542692184448e-02
1.193856373429298401e-01
1.637132763862609863e-01
7.376581430435180664e-02
4.140659421682357788e-02
3.179745003581047058e-02
1.453538145869970322e-02
7.402675598859786987e-02
3.742781281471252441e-02
9.379218332469463348e-03
3.576057031750679016e-02
4.340389370918273926e-02
1.021673679351806641e-01
5.063516646623611450e-02
4.970436915755271912e-02
3.450197353959083557e-02
1.077163815498352051e-01
1.896636188030242920e-02
1.613891310989856720e-02
1.205282211303710938e-01
2.713615074753761292e-02
1.473806239664554596e-02
5.319021269679069519e-02
5.817021708935499191e-03
8.615026250481605530e-03
1.564748957753181458e-02
5.183463916182518005e-02
7.796917110681533813e-02
5.856792628765106201e-02
7.058510184288024902e-02
4.630050435662269592e-02
2.979789115488529205e-02
9.769251197576522827e-02
2.476551830768585205e-01
9.054776281118392944e-03
8.087022230029106140e-03
2.787194773554801941e-02
9.784230962395668030e-03
3.183024004101753235e-02
7.196344435214996338e-02
6.007668003439903259e-02
1.558696106076240540e-02
4.472051281481981277e-03
2.007981017231941223e-02
1.203185617923736572e-01
3.179410472512245178e-02
8.531997352838516235e-02
2.611076235771179199e-01
2.588803470134735107e-01
1.124126538634300232e-01
6.324755400419235229e-02
6.084665656089782715e-02
9.067350625991821289e-02
4.671728610992431641e-01
1.390806138515472412e-01
7.245930284261703491e-02
7.829474657773971558e-02
3.260765224695205688e-02
9.082543849945068359e-02
8.587940782308578491e-02
1.311510950326919556e-01
1.160579966381192207e-03
1.698867790400981903e-02
1.006778404116630554e-01
3.755542635917663574e-02
5.081607401371002197e-02
1.981040686368942261e-01
7.471859455108642578e-02
3.046272136270999908e-02
3.873080760240554810e-02
1.335170120000839233e-01
2.743590064346790314e-02
2.939504384994506836e-01
1.427507400512695312e-01
5.087261274456977844e-02
3.889366611838340759e-02
7.766206562519073486e-02
1.216798648238182068e-01
6.190682947635650635e-02
9.950432926416397095e-02
5.848806351423263550e-02
2.091127485036849976e-01
1.673251688480377197e-01
5.455608293414115906e-02
6.661298125982284546e-02
3.511917963624000549e-02
8.707801103591918945e-01
9.404183626174926758e-01
4.909989982843399048e-02
7.388001680374145508e-02
1.099244579672813416e-01
1.027134992182254791e-02
1.361820995807647705e-01
2.728810608386993408e-01
2.391587011516094208e-02
1.145246066153049469e-02
2.675239928066730499e-02
6.540822982788085938e-02
7.968910038471221924e-02
1.910539418458938599e-01
2.139292657375335693e-01
2.144319266080856323e-01
1.359055936336517334e-01
8.329046517610549927e-02
3.719786554574966431e-02
2.688881941139698029e-02
1.413212995976209641e-02
1.389783713966608047e-02
1.960883103311061859e-02
3.931858763098716736e-02
1.018166542053222656e-01
3.018751554191112518e-02
6.501869857311248779e-02
1.392859518527984619e-01
9.227707237005233765e-02
7.083126902580261230e-02
1.107539534568786621e-01
6.153867114335298538e-03
6.520374119281768799e-02
2.719594538211822510e-02
1.406874656677246094e-01
5.340775474905967712e-02
8.666729331016540527e-01
8.647909760475158691e-01
7.372472435235977173e-02
9.120572209358215332e-01
2.647307328879833221e-02
4.565394017845392227e-03
4.880169406533241272e-02
3.672121465206146240e-01
1.829496473073959351e-01
3.559151887893676758e-01
5.992377921938896179e-02
9.314541518688201904e-02
6.353394687175750732e-02
5.111255869269371033e-02
1.280347704887390137e-01
1.385469585657119751e-01
1.156314164400100708e-01
1.705944091081619263e-01
8.279736042022705078e-01
1.711797863245010376e-01
1.055369749665260315e-01
9.146274626255035400e-02
2.405198514461517334e-01
2.471633702516555786e-01
7.770178467035293579e-02
9.952314943075180054e-02
3.392708301544189453e-02
4.948986228555440903e-03
2.159308828413486481e-02
2.191676944494247437e-02
5.613789334893226624e-02
2.843457087874412537e-02
1.864114254713058472e-01
7.459984719753265381e-02
2.232689782977104187e-02
6.033028662204742432e-02
5.059253424406051636e-02
5.685978755354881287e-02
7.101514935493469238e-02
5.652101337909698486e-02
2.728248760104179382e-02
6.141782552003860474e-02
6.094460934400558472e-02
7.242083549499511719e-02
1.079485416412353516e-01
3.121846318244934082e-01
1.560196727514266968e-01
1.413906514644622803e-01
1.455798298120498657e-01
3.269345760345458984e-01
5.152005553245544434e-01
2.288379818201065063e-01
1.290641874074935913e-01
3.108106739819049835e-02
1.001058965921401978e-01
1.899484395980834961e-01
2.803274616599082947e-02
7.006213068962097168e-02
7.936500012874603271e-02
1.573104411363601685e-01
3.444444388151168823e-02
7.603118568658828735e-02
1.104900836944580078e-01
4.580207914113998413e-02
5.135324224829673767e-02
5.340730771422386169e-02
5.473937094211578369e-02
6.407192349433898926e-02
4.997162893414497375e-02
1.374477744102478027e-01
1.226353347301483154e-01
9.872204810380935669e-02
6.984483450651168823e-02
1.424454450607299805e-01
9.211320430040359497e-02
2.059234492480754852e-02
1.171790901571512222e-02
9.024380706250667572e-03
1.244065761566162109e-01
1.087828651070594788e-01
7.755719870328903198e-02
5.267870798707008362e-02
9.562008082866668701e-02
5.687935948371887207e-01
3.244549334049224854e-01
6.483767926692962646e-02
2.563454210758209229e-02
3.691168129444122314e-01
2.545098364353179932e-01
9.745098650455474854e-02
4.397328197956085205e-02
4.022331163287162781e-02
9.720224887132644653e-02
3.795313462615013123e-02
1.448586732149124146e-01
5.336833596229553223e-01
3.961355239152908325e-02
1.203644648194313049e-01
5.946381017565727234e-02
1.322002559900283813e-01
1.347101628780364990e-01
1.305917352437973022e-01
1.690734624862670898e-01
1.032583341002464294e-01
5.080212354660034180e-01
9.240512251853942871e-01
4.712401330471038818e-01
6.369888037443161011e-02
6.896199192851781845e-03
2.597939781844615936e-02
2.195999771356582642e-02
1.567852124571800232e-02
1.277794688940048218e-02
1.284890342503786087e-02
1.531344279646873474e-02
1.994046010076999664e-02
9.470412507653236389e-03
1.444655507802963257e-01
4.521731287240982056e-02
1.727341860532760620e-01
8.531534671783447266e-02
1.286555081605911255e-01
8.967231959104537964e-02
2.918479032814502716e-02
2.868640422821044922e-02
1.503865569829940796e-01
3.297062516212463379e-01
2.234217673540115356e-01
6.402823328971862793e-02
5.618739500641822815e-02
4.078809320926666260e-01
9.143763184547424316e-01
6.654068827629089355e-02
9.003522247076034546e-02
2.537176907062530518e-01
9.999564886093139648e-01
5.525882542133331299e-02
6.932979822158813477e-02
6.416172534227371216e-02
3.155890405178070068e-01
5.908812582492828369e-02
6.606642901897430420e-02
1.037322729825973511e-01
1.624973677098751068e-02
9.563123434782028198e-02
1.307224780321121216e-01
7.062501460313796997e-02
6.347408145666122437e-02
4.825421050190925598e-02
6.522935628890991211e-02
4.529708623886108398e-02
4.197301566600799561e-01
6.011946126818656921e-02
1.049380972981452942e-01
7.116923928260803223e-01
7.893257737159729004e-01
8.819638937711715698e-02
3.010557219386100769e-02
1.564667820930480957e-01
7.357327640056610107e-02
1.576905101537704468e-01
4.228130728006362915e-02
1.396622359752655029e-01
5.658387392759323120e-02
3.920781984925270081e-02
5.106646940112113953e-02
1.311347335577011108e-01
5.650825053453445435e-02
3.775035217404365540e-02
1.018432527780532837e-01
9.962323307991027832e-02
5.412603169679641724e-02
3.760531172156333923e-02
4.067367315292358398e-02
7.087402343750000000e-01
7.164087295532226562e-01
6.063632667064666748e-02
7.560261338949203491e-02
7.747150659561157227e-01
5.571032762527465820e-01
1.091628596186637878e-01
9.379549324512481689e-02
1.769038476049900055e-02
9.720511734485626221e-02
1.303168088197708130e-01
1.460799723863601685e-01
8.324472606182098389e-02
2.253105863928794861e-02
8.183929324150085449e-02
1.335099041461944580e-01
4.993555545806884766e-01
6.068029403686523438e-01
3.602847754955291748e-01
1.125437766313552856e-01
3.264267742633819580e-01
5.693710967898368835e-02
1.211294829845428467e-01
5.063468590378761292e-02
2.817998528480529785e-01
8.829858154058456421e-02
4.653189331293106079e-02
1.141505986452102661e-01
9.324190765619277954e-02
3.274803608655929565e-02
3.037581443786621094e-01
9.952562302350997925e-02
2.146916240453720093e-01
5.158580467104911804e-02
6.391784548759460449e-02
2.894169464707374573e-02
5.546564236283302307e-02
3.591093793511390686e-02
1.196868065744638443e-02
1.007555574178695679e-01
5.796469002962112427e-02
8.433161377906799316e-01
1.130123436450958252e-01
1.333537604659795761e-02
1.211618855595588684e-01
2.994687855243682861e-01
4.928361624479293823e-02
3.092494979500770569e-02
4.898220673203468323e-02
1.509484946727752686e-01
8.296350836753845215e-01
7.420033216476440430e-01
5.206150561571121216e-02
1.153194252401590347e-02
8.477901108562946320e-03
4.968694224953651428e-02
4.043152183294296265e-02
4.986212402582168579e-02
1.627751439809799194e-02
1.548333317041397095e-01
5.050101131200790405e-02
5.961923673748970032e-02
4.156101495027542114e-02
1.534278392791748047e-01
1.537553779780864716e-02
2.859573811292648315e-02
1.271850429475307465e-02
7.261791825294494629e-02
9.812048077583312988e-02
7.897606492042541504e-02
3.061453253030776978e-02
1.167259290814399719e-01
9.618865698575973511e-02
6.163651868700981140e-02
7.598076760768890381e-02
3.102526962757110596e-01
5.022256448864936829e-02
4.185004904866218567e-02
6.318444758653640747e-02
1.314604431390762329e-01
3.256928920745849609e-02
6.883206963539123535e-02
5.143374577164649963e-02
2.718009240925312042e-02
6.336954236030578613e-02
1.283082962036132812e-01
7.829882949590682983e-02
9.053031355142593384e-02
1.859135627746582031e-01
6.728830933570861816e-02
4.433716461062431335e-02
4.441104233264923096e-01
1.622136235237121582e-01
2.335237413644790649e-01
4.467638581991195679e-02
6.728524714708328247e-02
6.358969211578369141e-02
1.884966716170310974e-02
1.198451220989227295e-02
7.488069683313369751e-02
1.865188628435134888e-01
1.108186095952987671e-01
2.955373562872409821e-02
1.189411357045173645e-01
1.256267130374908447e-01
3.775329515337944031e-02
3.180257976055145264e-02
1.064558178186416626e-01
7.668844610452651978e-02
3.047313541173934937e-03
1.669151149690151215e-02
2.426290698349475861e-02
1.227310206741094589e-02
1.064732111990451813e-02
4.104384034872055054e-02
6.970079541206359863e-01
6.416458487510681152e-01
8.944182842969894409e-02
1.952172070741653442e-02
3.543533384799957275e-02
9.680652059614658356e-03
2.757989801466464996e-02
1.576414331793785095e-02
2.326652035117149353e-02
1.062643826007843018e-01
3.142810612916946411e-02
1.425863150507211685e-02
5.884793773293495178e-02
2.526472508907318115e-01
9.984669089317321777e-01
1.668216884136199951e-01
3.511478379368782043e-02
9.108884632587432861e-02
8.258520811796188354e-02
1.285298019647598267e-01
3.917176276445388794e-03
1.733456552028656006e-02
6.009933724999427795e-02
2.488269060850143433e-01
8.985897153615951538e-02
2.102052271366119385e-01
2.163279056549072266e-01
6.965305656194686890e-02
9.102651476860046387e-02
7.156166434288024902e-02
6.681939959526062012e-02
5.802066326141357422e-01
2.301899492740631104e-01
1.530500315129756927e-02
7.532276213169097900e-03
1.524307299405336380e-02
1.149366945028305054e-01
1.772637963294982910e-01
6.343257427215576172e-02
2.573996596038341522e-02
2.854098938405513763e-02
7.737327367067337036e-02
1.072426736354827881e-01
9.047556668519973755e-02
8.427139520645141602e-01
3.799646720290184021e-02
1.226424425840377808e-02
4.211363196372985840e-02
1.099245995283126831e-01
3.788268193602561951e-02
7.747632265090942383e-02
5.603729188442230225e-02
1.510764956474304199e-01
9.774930477142333984e-01
9.221913814544677734e-01
1.058093905448913574e-01
1.572507917881011963e-01
8.739603310823440552e-02
1.117603927850723267e-01
1.657278090715408325e-01
1.317893564701080322e-01
3.440546393394470215e-01
8.871085196733474731e-02
6.471857428550720215e-02
5.167274922132492065e-02
6.497319042682647705e-02
7.942226529121398926e-02
1.515804827213287354e-01
1.876143217086791992e-01
5.592010542750358582e-02
1.380218565464019775e-01
5.914111062884330750e-02
4.741399362683296204e-02
7.391104102134704590e-02
6.687863916158676147e-02
1.839398220181465149e-02
5.503230169415473938e-02
1.109449937939643860e-01
3.906773328781127930e-01
7.595042884349822998e-02
8.451431989669799805e-02
4.183704778552055359e-02
5.880567058920860291e-02
5.955377966165542603e-02
1.649666018784046173e-02
6.021272391080856323e-03
1.201434992253780365e-02
1.483785510063171387e-01
6.342656910419464111e-02
8.663989603519439697e-02
9.975872933864593506e-02
3.519807383418083191e-02
5.115050449967384338e-02
7.938500493764877319e-02
8.811624348163604736e-02
2.481743842363357544e-01
4.260371252894401550e-02
7.043353468179702759e-02
3.366258740425109863e-02
6.960712373256683350e-02
5.705259367823600769e-02
4.711069166660308838e-02
2.498647011816501617e-02
1.709824055433273315e-01
2.577728033065795898e-01
1.167951375246047974e-01
1.653382480144500732e-01
2.943335846066474915e-02
1.103485673666000366e-01
6.168037652969360352e-02
1.871902123093605042e-02
3.464816510677337646e-02
6.572753936052322388e-02
4.068111628293991089e-02
1.136210560798645020e-01
4.662884026765823364e-02
9.256962686777114868e-02
1.672562025487422943e-02
9.289233386516571045e-02
1.125959828495979309e-01
2.907043322920799255e-02
1.794354990124702454e-02
1.902014017105102539e-02
1.028885021805763245e-01
1.905341632664203644e-02
1.061472147703170776e-01
2.106215506792068481e-01
9.947793930768966675e-02
5.620656535029411316e-02
1.361914575099945068e-01
4.530164599418640137e-01
1.399919688701629639e-01
1.650953441858291626e-01
3.674471378326416016e-02
4.414759203791618347e-02
1.765101999044418335e-01
8.914108872413635254e-01
9.624744653701782227e-01
2.421830296516418457e-01
3.456814959645271301e-02
2.370581589639186859e-02
3.857130184769630432e-02
5.059339478611946106e-02
5.178416967391967773e-01
1.486453413963317871e-01
3.474397957324981689e-02
6.134681031107902527e-02
1.810700297355651855e-01
8.582681417465209961e-01
7.864505648612976074e-01
2.450650483369827271e-01
3.310642763972282410e-02
1.108113974332809448e-01
1.190971955657005310e-01
8.109030127525329590e-02
3.474971950054168701e-01
1.014471426606178284e-01
3.779110312461853027e-02
6.592538952827453613e-02
5.530965328216552734e-02
1.218377351760864258e-01
5.734643340110778809e-02
2.441770583391189575e-02
7.476404309272766113e-02
2.761518210172653198e-02
4.816551879048347473e-02
1.192934960126876831e-01
4.726569727063179016e-02
5.954763665795326233e-02
1.165324226021766663e-01
4.458757117390632629e-02
3.319517150521278381e-02
2.231020331382751465e-01
1.164850965142250061e-01
1.269092559814453125e-01
1.945663802325725555e-02
2.001980692148208618e-02
2.766186185181140900e-02
1.167770698666572571e-01
5.090082809329032898e-02
6.958618760108947754e-02
6.362530589103698730e-02
2.257397472858428955e-01
3.340878486633300781e-01
6.275203824043273926e-02
9.376250207424163818e-02
5.127803683280944824e-01
7.390448451042175293e-01
9.488509297370910645e-01
7.026974856853485107e-02
2.592155039310455322e-01
1.826471462845802307e-02
1.390596106648445129e-02
4.085174947977066040e-02
8.752818405628204346e-02
4.789351671934127808e-02
8.450739830732345581e-02
5.108123645186424255e-03
2.204594761133193970e-02
8.497331291437149048e-03
8.379261009395122528e-03
1.341804396361112595e-02
1.936108991503715515e-02
5.599104762077331543e-01
1.802871525287628174e-01
5.840475112199783325e-02
1.090739369392395020e-01
7.043340802192687988e-02
1.109891943633556366e-02
1.929543726146221161e-02
1.252826303243637085e-02
7.406751066446304321e-02
5.539372563362121582e-02
2.129156887531280518e-02
1.330563891679048538e-02
1.084660738706588745e-01
1.359524726867675781e-01
7.071219384670257568e-02
7.892401516437530518e-02
5.745019391179084778e-02
4.758194088935852051e-02
1.579173207283020020e-01
2.127226814627647400e-02
8.299563825130462646e-02
3.364697098731994629e-02
6.927067041397094727e-02
4.124145209789276123e-01
9.021719545125961304e-02
6.021080538630485535e-02
1.338071972131729126e-01
1.026280000805854797e-01
7.156212627887725830e-02
4.392736032605171204e-02
2.549661509692668915e-02
3.034185804426670074e-02
2.566366083920001984e-02
1.095948368310928345e-01
8.745519071817398071e-02
3.020559810101985931e-02
1.934565752744674683e-01
2.932590246200561523e-02
1.191008985042572021e-01
8.590050786733627319e-02
4.224969074130058289e-02
1.611164659261703491e-01
1.244800612330436707e-01
1.976646482944488525e-02
8.565924316644668579e-02
4.842617735266685486e-02
3.560545295476913452e-02
1.653201505541801453e-02
8.662910759449005127e-02
3.700495511293411255e-02
5.147070437669754028e-02
3.623995184898376465e-02
2.623538300395011902e-02
7.925278507173061371e-03
5.680943280458450317e-02
7.143339514732360840e-02
2.926926501095294952e-02
1.316440291702747345e-02
2.146122604608535767e-02
1.142252702265977859e-02
5.728063732385635376e-02
9.817603975534439087e-02
3.474580124020576477e-02
2.242810651659965515e-02
1.050622388720512390e-01
3.289679437875747681e-02
1.787339895963668823e-02
7.782921940088272095e-02
1.034268885850906372e-01
1.460498124361038208e-01
3.614838793873786926e-02
4.652475193142890930e-02
4.247951135039329529e-02
7.608382403850555420e-02
5.916428565979003906e-01
5.560953915119171143e-02
1.611462607979774475e-02
1.358825806528329849e-02
8.109567686915397644e-03
8.319247514009475708e-03
3.458231687545776367e-02
1.089835911989212036e-02
4.800939187407493591e-02
4.785122349858283997e-02
9.779135137796401978e-02
2.076954767107963562e-02
5.290701240301132202e-02
4.989338293671607971e-02
1.292190235108137131e-02
3.575709462165832520e-02
1.851877011358737946e-02
8.067833632230758667e-02
2.498365491628646851e-01
1.974180191755294800e-01
6.619653105735778809e-02
2.261686511337757111e-02
3.528078496456146240e-01
1.739706471562385559e-02
1.381534337997436523e-01
3.116951137781143188e-02
8.572573959827423096e-02
9.580001235008239746e-02
4.721238836646080017e-02
9.709393382072448730e-01
9.868615269660949707e-01
2.768612466752529144e-02
2.341947257518768311e-01
7.909148186445236206e-02
3.165350481867790222e-02
9.420225024223327637e-02
1.314677000045776367e-01
1.408129781484603882e-01
1.836596280336380005e-01
4.731587171554565430e-01
4.690811336040496826e-01
2.100993096828460693e-01
5.518901944160461426e-01
7.587106525897979736e-02
1.007939502596855164e-01
5.176136642694473267e-02
4.193221628665924072e-01
4.241091758012771606e-02
1.699568778276443481e-01
3.204080164432525635e-01
4.381689801812171936e-02
2.613767087459564209e-01
2.944713532924652100e-01
5.055598542094230652e-02
3.905581682920455933e-02
1.490904577076435089e-02
5.394711345434188843e-02
1.222912129014730453e-02
1.361295115202665329e-02
6.531846523284912109e-02
3.252887725830078125e-02
1.142818033695220947e-01
1.059692725539207458e-02
5.120915547013282776e-02
2.163540571928024292e-02
4.743505269289016724e-02
2.467683330178260803e-02
1.445996481925249100e-02
1.500148884952068329e-02
1.867158114910125732e-01
6.740497052669525146e-02
7.104811072349548340e-02
7.000993937253952026e-02
1.154684051871299744e-01
8.708133548498153687e-02
1.862917542457580566e-01
4.624620378017425537e-01
1.361612677574157715e-01
1.872740238904953003e-01
1.604517847299575806e-01
6.387132406234741211e-02
8.229228854179382324e-02
6.793430447578430176e-02
1.085518151521682739e-01
4.986934363842010498e-01
1.962097734212875366e-02
1.196868624538183212e-02
1.235610805451869965e-02
5.121403560042381287e-02
4.388404637575149536e-02
4.486333951354026794e-02
1.736088544130325317e-01
2.147168517112731934e-01
1.302183717489242554e-01
7.129874825477600098e-02
1.040138080716133118e-01
6.019761413335800171e-02
2.780527621507644653e-02
9.775766730308532715e-01
1.197157502174377441e-01
1.100537106394767761e-01
3.855834156274795532e-02
3.839576989412307739e-02
8.277427405118942261e-02
1.736970543861389160e-01
6.948141753673553467e-02
9.905487298965454102e-02
2.318065762519836426e-01
1.353373378515243530e-01
5.187295377254486084e-02
3.254919499158859253e-02
6.195694208145141602e-02
3.872359171509742737e-02
1.021652296185493469e-01
2.867684699594974518e-02
7.107091695070266724e-02
6.549425423145294189e-02
8.980592340230941772e-02
3.014330565929412842e-02
4.138717800378799438e-02
8.381851762533187866e-02
9.099761396646499634e-02
4.917145073413848877e-01
4.952150210738182068e-02
2.328373938798904419e-01
3.667653799057006836e-01
1.888409107923507690e-01
1.621766984462738037e-01
5.086447671055793762e-02
2.308163344860076904e-01
1.177120879292488098e-01
1.742081195116043091e-01
1.588885784149169922e-01
