6.535050868988037109e-01
1.455359160900115967e-01
5.610666051506996155e-02
5.426153168082237244e-02
2.399428933858871460e-01
3.130016922950744629e-01
1.007585823535919189e-01
5.685328692197799683e-02
4.448390752077102661e-02
1.632431745529174805e-01
3.326368033885955811e-01
9.269659966230392456e-02
7.652668654918670654e-02
5.416528880596160889e-02
6.776853650808334351e-02
4.527604952454566956e-02
5.392030477523803711e-01
1.984455734491348267e-01
2.168740332126617432e-01
2.981059551239013672e-01
3.860927745699882507e-02
2.937927283346652985e-02
5.586112383753061295e-03
8.589047193527221680e-02
5.720549449324607849e-02
1.273295283317565918e-01
1.731451451778411865e-01
6.791242212057113647e-02
1.305737048387527466e-01
1.490888595581054688e-01
9.999889135360717773e-01
9.999892711639404297e-01
3.206643462181091309e-01
1.919640153646469116e-01
3.253737837076187134e-02
9.172055721282958984e-01
9.600434303283691406e-01
1.041991412639617920e-01
1.125906854867935181e-01
1.682971864938735962e-01
2.065100371837615967e-01
5.843845382332801819e-02
8.534033596515655518e-02
4.698954056948423386e-03
8.226794749498367310e-02
4.376133531332015991e-02
1.367650628089904785e-01
3.603695333003997803e-02
3.878438612446188927e-03
7.803174853324890137e-01
9.144931435585021973e-01
8.052805066108703613e-02
4.236408323049545288e-02
2.587771229445934296e-02
4.286816418170928955e-01
5.646122246980667114e-02
7.209961861371994019e-02
1.130924373865127563e-01
1.623277962207794189e-01
7.066204398870468140e-02
2.316343188285827637e-01
7.237086445093154907e-02
3.292548656463623047e-02
3.711501136422157288e-02
7.263323664665222168e-02
3.737004473805427551e-02
9.020770341157913208e-02
4.986654594540596008e-02
1.426580455154180527e-02
1.726559847593307495e-01
1.204800680279731750e-01
5.004042387008666992e-02
8.353767916560173035e-03
2.191555202007293701e-01
5.604409053921699524e-02
3.219976276159286499e-02
6.290207803249359131e-02
9.193430840969085693e-02
4.680304229259490967e-02
1.742933541536331177e-01
1.635519415140151978e-01
1.940129250288009644e-01
9.214340895414352417e-02
5.871230363845825195e-02
1.216952726244926453e-01
1.983044892549514771e-01
4.224041104316711426e-02
4.103863239288330078e-02
1.555554419755935669e-01
1.716954410076141357e-01
4.205924645066261292e-02
2.397118210792541504e-01
3.119803220033645630e-02
7.893530651926994324e-03
2.368055097758769989e-02
5.757200717926025391e-02
3.650578111410140991e-02
1.002657562494277954e-01
9.823092818260192871e-01
1.955818533897399902e-01
3.057714402675628662e-01
8.476769924163818359e-02
9.561111032962799072e-02
7.334049791097640991e-02
1.532982438802719116e-01
9.152534604072570801e-02
9.808019995689392090e-01
5.803567171096801758e-01
5.317031964659690857e-02
1.675825864076614380e-01
1.350745707750320435e-01
5.462907999753952026e-02
3.003304079174995422e-02
6.028610467910766602e-02
8.462172001600265503e-02
8.488715291023254395e-01
1.769478172063827515e-01
1.065364032983779907e-01
2.440692037343978882e-01
1.684316992759704590e-02
7.870200276374816895e-01
3.964662924408912659e-02
8.878545463085174561e-02
3.469867110252380371e-01
2.669574022293090820e-01
8.253853917121887207e-01
8.677131682634353638e-02
1.794438958168029785e-01
1.645710319280624390e-01
3.916282579302787781e-02
3.374510258436203003e-02
7.975773513317108154e-02
2.802440430968999863e-03
8.319837041199207306e-03
4.795613139867782593e-02
5.973329767584800720e-02
9.394404292106628418e-02
9.010583162307739258e-02
8.275587558746337891e-01
6.944255232810974121e-01
2.165024727582931519e-01
1.374847590923309326e-01
5.732515826821327209e-02
7.999622821807861328e-02
9.330728650093078613e-01
9.996340274810791016e-01
1.684951782226562500e-01
5.999651551246643066e-01
4.164667800068855286e-02
3.141297772526741028e-02
1.485145557671785355e-02
2.615313418209552765e-02
9.659750759601593018e-02
4.756504669785499573e-02
8.183397352695465088e-02
5.803683027625083923e-02
9.581432491540908813e-02
4.701521098613739014e-01
9.897384047508239746e-01
1.305921077728271484e-01
2.042574435472488403e-01
1.110611334443092346e-01
1.599103510379791260e-01
9.857867956161499023e-01
5.024036392569541931e-02
3.123305924236774445e-02
1.089079752564430237e-01
6.771586835384368896e-02
6.158899143338203430e-02
1.371721327304840088e-01
9.002433717250823975e-02
1.036688014864921570e-01
7.842205464839935303e-02
2.737138271331787109e-01
1.046552881598472595e-01
1.159320846199989319e-01
7.294920831918716431e-02
4.072614759206771851e-02
7.047186791896820068e-02
4.833479970693588257e-02
4.937949776649475098e-02
1.603872627019882202e-01
7.054886966943740845e-02
1.550962589681148529e-02
2.584975585341453552e-02
1.312672793865203857e-01
6.001399364322423935e-03
4.677904304116964340e-03
3.037095628678798676e-02
3.389220535755157471e-01
7.296745777130126953e-01
6.634368300437927246e-01
5.326124429702758789e-01
9.671146273612976074e-01
3.811121582984924316e-01
1.516237407922744751e-01
3.875414282083511353e-02
9.674364328384399414e-02
6.755451858043670654e-02
3.643385693430900574e-02
6.191076710820198059e-02
5.542267858982086182e-02
1.382218599319458008e-01
2.533089518547058105e-01
1.979853808879852295e-01
4.142256081104278564e-02
5.638682097196578979e-02
1.775531917810440063e-01
9.974825382232666016e-02
1.639567613601684570e-01
2.747691981494426727e-02
7.579980045557022095e-02
4.762753471732139587e-02
5.401816964149475098e-02
2.125765383243560791e-02
2.736401744186878204e-02
7.753003388643264771e-02
7.145995646715164185e-02
7.041724026203155518e-02
7.006957381963729858e-02
2.642002515494823456e-02
7.078596204519271851e-02
2.379070967435836792e-01
6.305094063282012939e-02
4.684749245643615723e-02
8.651301264762878418e-01
9.801583886146545410e-01
3.076024726033210754e-02
7.026139646768569946e-02
2.097310498356819153e-02
3.292726352810859680e-02
3.624346852302551270e-02
8.847570419311523438e-01
7.701767981052398682e-02
6.621864438056945801e-02
5.796141922473907471e-02
1.539378166198730469e-01
2.283684313297271729e-01
8.626667857170104980e-01
2.910558879375457764e-01
3.674452379345893860e-02
3.755380958318710327e-02
1.269677281379699707e-01
9.104034304618835449e-02
2.596013061702251434e-02
3.726053982973098755e-02
1.040775477886199951e-01
7.206536829471588135e-02
9.596652537584304810e-02
6.194273233413696289e-01
3.241693973541259766e-01
1.107401996850967407e-01
1.479810923337936401e-01
1.287555098533630371e-01
1.943318098783493042e-01
1.417583376169204712e-01
9.102197289466857910e-01
8.045989871025085449e-01
1.332437545061111450e-01
5.298618972301483154e-02
6.053135916590690613e-02
6.498943269252777100e-02
6.275265663862228394e-02
7.348284125328063965e-02
7.636737823486328125e-02
1.456196755170822144e-01
3.941772133111953735e-02
1.298242360353469849e-01
8.594729006290435791e-02
7.311177253723144531e-02
1.810202598571777344e-01
3.055836260318756104e-02
3.037697374820709229e-01
1.056704148650169373e-01
1.418423205614089966e-01
3.931092321872711182e-01
8.981452137231826782e-02
5.404121279716491699e-01
3.986631929874420166e-01
2.489113956689834595e-01
2.268336862325668335e-01
1.865028440952301025e-01
2.419011890888214111e-01
2.021953463554382324e-01
4.539408087730407715e-01
7.538753747940063477e-02
1.290055811405181885e-01
1.750746369361877441e-01
3.435538336634635925e-02
4.970274865627288818e-02
6.942338496446609497e-02
8.029672503471374512e-01
4.507705867290496826e-01
7.700059562921524048e-02
1.763408482074737549e-01
5.618244037032127380e-02
2.434474229812622070e-01
1.797899305820465088e-01
6.023901700973510742e-01
1.093505322933197021e-01
5.983659252524375916e-02
6.287546455860137939e-02
7.040972709655761719e-01
3.964351117610931396e-01
1.631742417812347412e-01
4.938304796814918518e-02
6.114994361996650696e-02
8.419003337621688843e-02
6.111929193139076233e-02
1.589509248733520508e-01
2.879143878817558289e-02
1.576336026191711426e-01
6.841230988502502441e-01
3.029178641736507416e-02
5.599685907363891602e-01
2.532864212989807129e-01
7.101199030876159668e-02
1.636201888322830200e-01
1.966698467731475830e-01
1.095061823725700378e-01
8.945131301879882812e-01
1.172199174761772156e-01
9.970619082450866699e-01
7.353662252426147461e-01
1.320272386074066162e-01
4.709745645523071289e-01
3.993845358490943909e-02
3.151326626539230347e-02
1.066805273294448853e-01
1.545641869306564331e-01
3.620021641254425049e-01
1.368699371814727783e-01
5.129795148968696594e-02
3.464124798774719238e-01
3.392355442047119141e-01
9.615544676780700684e-01
1.549960076808929443e-01
6.260930001735687256e-02
2.121681123971939087e-01
5.737273022532463074e-02
2.601840198040008545e-01
9.219145029783248901e-02
5.263622477650642395e-02
2.723539993166923523e-02
3.523325920104980469e-01
3.856765925884246826e-01
3.182739764451980591e-02
8.901742100715637207e-02
6.661407649517059326e-02
7.347543537616729736e-02
4.652085900306701660e-02
1.096930801868438721e-01
1.676332503557205200e-01
5.704902485013008118e-02
6.692368388175964355e-01
8.318588137626647949e-01
8.544284701347351074e-01
9.960385560989379883e-01
1.983962059020996094e-01
1.160257533192634583e-01
5.671380460262298584e-02
6.889805942773818970e-02
6.065138056874275208e-02
5.889784544706344604e-02
1.649033278226852417e-01
1.370756775140762329e-01
6.791379302740097046e-02
4.817929491400718689e-02
1.274818927049636841e-01
3.503311574459075928e-01
9.239789843559265137e-02
1.187986433506011963e-01
2.380723692476749420e-02
3.692663088440895081e-02
7.204843312501907349e-02
9.468753635883331299e-02
1.629382073879241943e-01
3.486725315451622009e-02
7.684141397476196289e-02
3.559088334441184998e-02
1.831740587949752808e-01
1.706921756267547607e-01
2.040979117155075073e-01
6.690142303705215454e-02
4.225371778011322021e-02
5.917613953351974487e-02
2.544398233294487000e-02
9.276135265827178955e-02
3.343320190906524658e-01
5.186791718006134033e-02
9.783560037612915039e-02
1.665629893541336060e-01
8.151927590370178223e-02
1.474454700946807861e-01
8.629415184259414673e-02
4.500221833586692810e-02
1.536582559347152710e-01
