4.071876034140586853e-02
5.417435765266418457e-01
1.613113880157470703e-01
7.050551474094390869e-02
2.790992558002471924e-01
2.392029464244842529e-01
7.550584524869918823e-02
4.254713356494903564e-01
6.425306200981140137e-02
1.139098480343818665e-01
1.615266650915145874e-01
3.862473741173744202e-02
9.838268160820007324e-02
4.746548086404800415e-02
9.192892163991928101e-02
4.975259304046630859e-02
1.807142049074172974e-01
4.636686444282531738e-01
1.000396087765693665e-01
6.041423082351684570e-01
6.055732965469360352e-01
1.141476929187774658e-01
3.367341682314872742e-02
6.106559932231903076e-02
5.466239154338836670e-02
1.074349656701087952e-01
8.743214607238769531e-02
3.656116873025894165e-02
2.366992644965648651e-02
1.943313330411911011e-02
8.491127192974090576e-02
8.640922605991363525e-02
6.700063347816467285e-01
5.635546445846557617e-01
9.994739294052124023e-02
7.452721148729324341e-02
1.632364392280578613e-01
6.031949445605278015e-02
7.677286118268966675e-02
5.790508165955543518e-02
3.947664424777030945e-02
5.939439684152603149e-02
3.802540153264999390e-02
4.358363896608352661e-02
5.603556334972381592e-02
1.518124490976333618e-01
8.848788589239120483e-02
1.032810844480991364e-02
1.405380573123693466e-02
7.246956974267959595e-02
5.379027500748634338e-02
1.360380500555038452e-01
3.402195870876312256e-02
5.074293538928031921e-02
4.145971685647964478e-02
5.836270004510879517e-02
4.534354805946350098e-02
5.155197903513908386e-02
7.006237655878067017e-02
9.997891783714294434e-01
9.999762773513793945e-01
4.487541317939758301e-02
9.662031382322311401e-02
7.807255536317825317e-02
5.262574180960655212e-02
8.536047488451004028e-02
6.634267419576644897e-02
1.211690381169319153e-01
1.212115883827209473e-01
2.348210290074348450e-02
7.045203819870948792e-03
1.401459127664566040e-01
1.066595166921615601e-01
8.818204700946807861e-02
6.912086158990859985e-02
7.669550180435180664e-02
6.564692407846450806e-02
5.572974681854248047e-02
9.350000321865081787e-02
3.519754856824874878e-02
2.678654156625270844e-02
1.722712442278862000e-02
8.178382180631160736e-03
4.593278467655181885e-02
4.572936892509460449e-01
1.965938359498977661e-01
9.003709256649017334e-02
1.159064769744873047e-01
9.397332370281219482e-02
6.370848417282104492e-02
1.703651100397109985e-01
3.530237823724746704e-02
1.172491759061813354e-01
8.657054603099822998e-02
7.998400926589965820e-02
1.237829625606536865e-01
9.331810474395751953e-02
8.871857821941375732e-02
7.267337441444396973e-01
1.192973926663398743e-01
1.464254856109619141e-01
1.634187623858451843e-02
5.084371566772460938e-02
7.362426817417144775e-02
6.342088431119918823e-02
6.415251642465591431e-02
3.685338795185089111e-01
4.364291951060295105e-02
4.133427888154983521e-02
2.253912538290023804e-01
1.225585937500000000e-01
1.100071594119071960e-01
8.979818224906921387e-02
2.050733380019664764e-02
3.787504881620407104e-02
3.946432471275329590e-02
3.342279493808746338e-01
1.130146607756614685e-01
2.837219648063182831e-02
2.512836456298828125e-02
1.253264993429183960e-01
1.321073323488235474e-01
6.268136203289031982e-02
7.271568477153778076e-02
6.562724709510803223e-02
5.760367214679718018e-02
3.487154468894004822e-02
6.739043630659580231e-03
1.443204097449779510e-02
7.227011024951934814e-02
3.582211583852767944e-02
1.052019670605659485e-01
6.017118319869041443e-02
7.862517237663269043e-02
3.463655710220336914e-02
8.484874665737152100e-02
4.770129919052124023e-02
4.544009268283843994e-02
5.628262460231781006e-02
1.002919599413871765e-01
3.701681643724441528e-02
1.129233539104461670e-01
3.480713367462158203e-01
7.098042964935302734e-02
7.897138595581054688e-03
2.077301219105720520e-02
4.842368885874748230e-03
3.126321360468864441e-02
5.914767459034919739e-02
6.299510002136230469e-01
1.025574430823326111e-01
5.010228604078292847e-02
7.553122937679290771e-02
4.255501553416252136e-02
4.212104380130767822e-01
5.318830013275146484e-01
5.951026082038879395e-02
2.802477218210697174e-02
4.263157024979591370e-02
4.445829428732395172e-03
4.768875986337661743e-02
1.417603939771652222e-01
6.958680599927902222e-02
1.656040996313095093e-01
1.329197138547897339e-01
4.937094449996948242e-02
6.063820794224739075e-02
3.898334130644798279e-02
3.008245229721069336e-01
4.351092875003814697e-02
7.915694266557693481e-03
2.049972862005233765e-02
2.738832309842109680e-02
1.293268501758575439e-01
4.219245165586471558e-02
8.295405656099319458e-02
4.826001450419425964e-02
3.678070008754730225e-02
1.403492391109466553e-01
1.090039908885955811e-01
1.925321072340011597e-01
4.563327878713607788e-02
1.017273962497711182e-01
5.205692723393440247e-02
7.280623912811279297e-02
9.202995151281356812e-02
6.502509117126464844e-02
7.432350516319274902e-02
7.801741361618041992e-02
9.748420864343643188e-02
4.088117927312850952e-02
1.594441384077072144e-02
4.093081876635551453e-02
6.045184656977653503e-02
1.663372218608856201e-01
7.504204660654067993e-02
4.475206881761550903e-02
8.161236345767974854e-02
4.797473922371864319e-02
1.218648478388786316e-01
4.768332839012145996e-02
1.172096207737922668e-01
1.202653497457504272e-01
2.531548216938972473e-02
1.031955927610397339e-01
1.681240089237689972e-02
1.379113551229238510e-02
1.092212181538343430e-02
1.116803511977195740e-01
5.104042124003171921e-03
2.779350243508815765e-02
2.270706184208393097e-02
1.071246564388275146e-01
1.882646977901458740e-02
6.739243865013122559e-02
5.358501896262168884e-02
5.514908954501152039e-02
1.046026423573493958e-01
5.983604863286018372e-02
4.672795161604881287e-02
1.711809039115905762e-01
1.497680246829986572e-01
5.813650041818618774e-02
9.008612483739852905e-03
1.389869861304759979e-02
5.264383554458618164e-02
1.744530200958251953e-01
5.127682536840438843e-02
1.268323361873626709e-01
3.756355494260787964e-02
3.009591251611709595e-02
1.966543197631835938e-01
7.689616084098815918e-02
1.130049899220466614e-01
3.933693468570709229e-02
3.744385391473770142e-02
1.080655381083488464e-01
4.143508523702621460e-02
1.482511013746261597e-01
1.064033284783363342e-01
4.126854240894317627e-02
4.370110481977462769e-02
1.074966415762901306e-01
1.107862368226051331e-01
9.735616855323314667e-03
1.539777964353561401e-02
2.242351323366165161e-02
6.931903213262557983e-02
5.366453900933265686e-02
9.871031343936920166e-02
6.113783642649650574e-02
8.531871438026428223e-02
7.357289642095565796e-02
3.618168458342552185e-02
1.122537031769752502e-01
5.084915459156036377e-02
7.795285433530807495e-02
7.833895832300186157e-02
1.088690906763076782e-01
9.223838895559310913e-02
3.853812441229820251e-02
1.822435408830642700e-01
1.103468164801597595e-01
1.776305213570594788e-02
6.857828050851821899e-02
1.239847689867019653e-01
7.506563514471054077e-02
4.918250814080238342e-02
8.835256099700927734e-02
7.559508830308914185e-02
3.612751141190528870e-02
5.833536013960838318e-02
5.485911294817924500e-02
2.090874016284942627e-01
1.227371618151664734e-01
7.988475263118743896e-02
1.657936125993728638e-01
2.766018807888031006e-01
5.950087308883666992e-02
7.210110127925872803e-02
4.325865805149078369e-01
2.105316221714019775e-01
7.059911638498306274e-02
2.309181988239288330e-01
6.475142668932676315e-03
9.703512303531169891e-03
1.625072360038757324e-01
3.575797379016876221e-02
1.991493999958038330e-02
1.229529380798339844e-01
2.182230539619922638e-02
7.260058075189590454e-02
7.460679858922958374e-02
2.768036350607872009e-02
6.865036487579345703e-02
5.720368586480617523e-03
5.896931514143943787e-02
2.211749181151390076e-02
3.920286148786544800e-02
6.256124377250671387e-02
3.756253793835639954e-02
1.163926497101783752e-01
5.112035572528839111e-02
1.156268268823623657e-01
4.643809422850608826e-02
9.155134111642837524e-02
5.438951030373573303e-02
4.487615078687667847e-02
4.370355606079101562e-02
6.993173062801361084e-02
4.624025896191596985e-02
8.517412096261978149e-02
8.846750855445861816e-02
9.316333383321762085e-02
8.569749444723129272e-02
1.627828553318977356e-02
3.391750156879425049e-02
6.429553776979446411e-02
6.221712008118629456e-02
8.722539991140365601e-02
6.419507414102554321e-02
5.805084481835365295e-02
7.543298602104187012e-02
1.011160984635353088e-01
2.604550719261169434e-01
7.156459987163543701e-02
1.144415065646171570e-01
5.914503708481788635e-02
6.520979106426239014e-02
4.299095645546913147e-02
7.782649993896484375e-02
5.249331519007682800e-02
8.010856062173843384e-02
1.110545471310615540e-01
8.614160120487213135e-02
1.141378134489059448e-01
5.238888040184974670e-02
4.992946237325668335e-02
3.303509578108787537e-02
1.016137152910232544e-01
3.715960681438446045e-02
2.189595624804496765e-02
8.456332236528396606e-02
4.156644642353057861e-02
6.886113435029983521e-02
8.640137314796447754e-02
8.073916286230087280e-02
3.878419101238250732e-02
1.218578144907951355e-01
1.112689599394798279e-01
6.295335292816162109e-02
1.137315481901168823e-01
3.995787724852561951e-02
5.777232348918914795e-02
9.684496372938156128e-02
8.399709314107894897e-02
1.254810690879821777e-01
1.656213402748107910e-01
8.811551332473754883e-02
1.181077286601066589e-01
1.465431898832321167e-01
3.523579239845275879e-02
4.724368751049041748e-01
9.813635051250457764e-02
2.944155409932136536e-02
1.209696456789970398e-01
6.080406159162521362e-02
1.106487065553665161e-01
7.836465239524841309e-01
8.007792383432388306e-02
9.731005877256393433e-02
6.981393694877624512e-02
6.372149288654327393e-02
4.302955418825149536e-02
6.155699491500854492e-02
1.042410880327224731e-01
5.826581642031669617e-02
6.260660290718078613e-02
7.995104044675827026e-02
7.158280164003372192e-02
5.586095452308654785e-01
9.968683123588562012e-01
1.269177645444869995e-01
5.617615208029747009e-02
3.133537620306015015e-02
2.658051438629627228e-02
1.361739635467529297e-02
1.093148961663246155e-01
8.080404251813888550e-02
1.670448929071426392e-01
6.418886035680770874e-02
1.147104054689407349e-02
5.816699191927909851e-02
7.888431847095489502e-02
1.124824211001396179e-01
7.878320664167404175e-02
9.619325399398803711e-02
1.002073362469673157e-01
9.693551063537597656e-02
6.458707898855209351e-02
6.320544332265853882e-02
1.243629604578018188e-01
3.005845248699188232e-01
7.151320576667785645e-02
4.006962776184082031e-01
2.347257435321807861e-01
6.598553806543350220e-02
7.177460193634033203e-02
2.547004073858261108e-02
1.053637340664863586e-01
1.133715063333511353e-01
4.546246677637100220e-02
9.739951789379119873e-02
5.386445298790931702e-02
6.931728124618530273e-02
3.663538023829460144e-02
2.103612124919891357e-01
5.401144176721572876e-02
6.550318747758865356e-02
7.897341996431350708e-02
4.681598767638206482e-02
7.604706287384033203e-02
1.275758892297744751e-01
1.190076023340225220e-01
6.994523853063583374e-02
3.687098249793052673e-02
8.594056218862533569e-02
2.885017171502113342e-02
5.848688259720802307e-02
9.960725903511047363e-02
2.742322683334350586e-01
1.732569001615047455e-02
1.628211885690689087e-02
5.777282174676656723e-03
3.351525589823722839e-02
3.756427764892578125e-01
8.154894411563873291e-02
8.908126354217529297e-01
6.553602963685989380e-02
9.359329938888549805e-02
8.467782288789749146e-02
2.662846446037292480e-02
2.291145175695419312e-02
5.130574852228164673e-02
2.131141573190689087e-01
2.022782713174819946e-01
1.121614277362823486e-01
5.491244047880172729e-02
7.766683399677276611e-02
6.462769955396652222e-02
6.349561363458633423e-02
1.603599935770034790e-01
1.461789458990097046e-01
1.591211706399917603e-01
3.404284119606018066e-01
5.590334534645080566e-02
7.295816391706466675e-02
6.050352752208709717e-02
5.318944156169891357e-02
5.738602206110954285e-02
6.726564466953277588e-02
1.164876595139503479e-01
7.462707161903381348e-02
5.281547829508781433e-02
5.431423336267471313e-02
7.543433457612991333e-02
3.582076728343963623e-02
6.373225897550582886e-02
4.657893255352973938e-02
4.020153358578681946e-02
2.549502253532409668e-02
3.009756654500961304e-02
3.471690043807029724e-02
6.308060884475708008e-02
8.309488743543624878e-02
1.565569937229156494e-01
5.628775432705879211e-02
3.704843670129776001e-02
1.279407180845737457e-02
7.972023449838161469e-03
1.862784661352634430e-02
1.365152895450592041e-01
3.746396675705909729e-02
9.006102383136749268e-02
1.026224642992019653e-01
9.809777885675430298e-02
9.653125703334808350e-02
5.309689044952392578e-01
4.712997376918792725e-02
3.174310550093650818e-02
1.585302054882049561e-01
1.023893728852272034e-01
9.069389849901199341e-02
6.030409783124923706e-02
3.730082511901855469e-02
5.842044949531555176e-02
8.856143355369567871e-01
3.739408776164054871e-02
5.120385065674781799e-02
1.862373501062393188e-01
5.807461589574813843e-02
8.699052035808563232e-02
1.144897863268852234e-01
3.212212771177291870e-02
5.596233904361724854e-02
3.567897528409957886e-02
9.974573254585266113e-01
5.977032780647277832e-01
2.371929399669170380e-02
7.940197736024856567e-02
4.389327764511108398e-02
2.891488075256347656e-01
4.395369440317153931e-02
7.618422806262969971e-02
7.485732436180114746e-02
7.198602706193923950e-02
8.422528207302093506e-02
3.296038880944252014e-02
2.766861021518707275e-02
1.758617348968982697e-02
9.543225169181823730e-02
6.808115541934967041e-02
9.472872316837310791e-02
3.190046548843383789e-02
4.360007867217063904e-02
7.750435918569564819e-02
3.034674748778343201e-02
7.626000791788101196e-02
1.134970188140869141e-01
6.701452136039733887e-01
4.965745285153388977e-02
8.502400666475296021e-02
1.276774853467941284e-01
1.831065267324447632e-01
7.316128164529800415e-02
4.967628046870231628e-02
8.428745716810226440e-02
5.161095783114433289e-02
3.537829220294952393e-02
1.470344699919223785e-02
3.998510539531707764e-01
8.070494979619979858e-02
1.445088088512420654e-01
4.081700369715690613e-02
7.870717346668243408e-02
9.538356959819793701e-02
3.967457413673400879e-01
5.105047672986984253e-02
3.600225970149040222e-02
4.838917031884193420e-02
9.230173379182815552e-02
6.520777940750122070e-02
7.785336673259735107e-02
2.655257098376750946e-02
7.411485165357589722e-02
5.476353317499160767e-02
2.469835616648197174e-02
6.464236229658126831e-02
1.032940372824668884e-01
4.152638465166091919e-02
7.615389674901962280e-02
1.842085272073745728e-01
4.497501254081726074e-01
5.377171188592910767e-02
1.408002376556396484e-01
3.953019529581069946e-02
4.445121437311172485e-02
1.016519814729690552e-01
8.599743992090225220e-02
1.871608756482601166e-02
7.934035360813140869e-02
8.148080855607986450e-02
8.409563452005386353e-02
7.994065433740615845e-02
9.940778464078903198e-02
5.286682397127151489e-02
2.626366615295410156e-01
1.374965757131576538e-01
1.482374314218759537e-02
4.858421534299850464e-02
8.411967009305953979e-02
2.755407057702541351e-02
1.280317753553390503e-01
8.401378244161605835e-02
5.818593874573707581e-02
7.489326596260070801e-02
4.864542558789253235e-02
2.958424016833305359e-02
4.039283096790313721e-02
4.774468392133712769e-02
4.645654186606407166e-02
7.777930051088333130e-02
6.602511554956436157e-02
1.140441298484802246e-01
1.342960745096206665e-01
9.273930788040161133e-01
5.826178938150405884e-02
2.132353782653808594e-01
4.917006492614746094e-01
7.816800475120544434e-02
1.478022057563066483e-02
6.569031625986099243e-02
1.684057898819446564e-02
5.143974907696247101e-03
1.840572059154510498e-02
3.765913471579551697e-02
2.273737080395221710e-02
3.857497125864028931e-02
2.443451620638370514e-02
5.071809515357017517e-02
1.233059465885162354e-01
4.250896349549293518e-02
3.162371739745140076e-02
5.915661528706550598e-02
7.178688049316406250e-02
5.861069262027740479e-02
1.778377592563629150e-01
3.543213009834289551e-02
9.873448312282562256e-02
5.735135823488235474e-02
8.571561425924301147e-02
1.393272355198860168e-02
8.569908142089843750e-02
7.518936693668365479e-02
4.317224919795989990e-01
2.300799936056137085e-01
5.617646127939224243e-02
6.428458690643310547e-01
7.576451897621154785e-01
2.005438879132270813e-02
1.351826488971710205e-01
8.351138234138488770e-02
1.137981116771697998e-01
5.716968327760696411e-02
4.612880200147628784e-02
6.886123865842819214e-02
7.067245990037918091e-02
1.003421843051910400e-01
3.284240886569023132e-02
5.866609886288642883e-02
1.334864199161529541e-01
1.093593314290046692e-01
7.536077499389648438e-01
8.514306694269180298e-02
2.411754103377461433e-03
4.783843830227851868e-02
5.233397707343101501e-02
3.791418671607971191e-02
2.313294634222984314e-02
6.502047181129455566e-02
3.712505474686622620e-02
1.781239807605743408e-01
9.696239233016967773e-02
2.727369070053100586e-01
7.927516102790832520e-02
1.105519160628318787e-01
7.667057216167449951e-02
6.771524995565414429e-02
3.704125806689262390e-02
3.948667645454406738e-02
7.047132402658462524e-02
6.998690962791442871e-02
2.678526937961578369e-02
6.492806971073150635e-02
6.775122135877609253e-02
5.025310814380645752e-02
1.276198476552963257e-01
5.606361851096153259e-02
6.626278162002563477e-02
2.830703184008598328e-02
5.851574242115020752e-02
5.676278099417686462e-02
6.038258075714111328e-01
3.818354904651641846e-01
5.013544857501983643e-02
1.001233011484146118e-01
3.487053513526916504e-02
3.299812600016593933e-02
2.957494556903839111e-02
5.432564392685890198e-02
7.388842105865478516e-02
6.961005181074142456e-02
1.118309646844863892e-01
4.922681301832199097e-02
3.158781304955482483e-02
1.284205466508865356e-01
6.613136082887649536e-02
5.873106792569160461e-02
7.332510501146316528e-02
2.110075205564498901e-02
2.982837334275245667e-02
4.177461266517639160e-01
8.581770956516265869e-02
4.530589282512664795e-02
5.868380889296531677e-02
3.673537448048591614e-02
1.372596174478530884e-01
4.824055358767509460e-03
2.754606120288372040e-02
5.149355903267860413e-02
1.220970973372459412e-01
5.109754577279090881e-02
9.474884718656539917e-02
3.676654398441314697e-02
6.102557107806205750e-02
3.632796555757522583e-02
4.266250506043434143e-02
1.019231677055358887e-01
3.807150423526763916e-01
3.960119187831878662e-02
1.266625225543975830e-01
5.232721194624900818e-02
1.396700143814086914e-01
8.595415949821472168e-02
3.322879076004028320e-01
1.339885592460632324e-01
9.120369702577590942e-02
6.471703946590423584e-02
6.363431364297866821e-02
4.589742422103881836e-01
9.737012982368469238e-01
9.885082840919494629e-01
1.446019858121871948e-01
2.406003922224044800e-01
1.332888454198837280e-01
6.831961125135421753e-02
1.132189556956291199e-01
4.662751778960227966e-02
8.798049390316009521e-02
1.308922469615936279e-01
5.609298497438430786e-02
9.395600110292434692e-02
1.167743951082229614e-01
7.237486541271209717e-02
5.579815432429313660e-02
5.506122112274169922e-02
1.789630576968193054e-02
7.884797453880310059e-02
2.755354717373847961e-02
1.506227552890777588e-01
1.205454319715499878e-01
8.469673246145248413e-02
8.795132488012313843e-02
8.252902328968048096e-02
1.581660360097885132e-01
8.151113241910934448e-02
1.080344393849372864e-01
4.784639924764633179e-02
8.740057796239852905e-02
7.111790031194686890e-02
7.879562675952911377e-02
3.188874572515487671e-02
6.781917810440063477e-02
5.268632620573043823e-02
1.038689315319061279e-01
9.460499137639999390e-02
5.810853093862533569e-02
2.773475833237171173e-02
8.109530806541442871e-02
2.256609946489334106e-01
1.491249501705169678e-01
2.441971004009246826e-02
5.735541880130767822e-02
1.534788496792316437e-02
6.981545686721801758e-02
5.111980065703392029e-02
1.112404316663742065e-01
8.461841195821762085e-02
6.096613034605979919e-02
1.169372498989105225e-01
9.179324656724929810e-02
1.307795792818069458e-01
9.220027178525924683e-02
1.400426924228668213e-01
4.920092970132827759e-02
3.346833214163780212e-02
1.846428774297237396e-02
1.611923724412918091e-01
7.111959904432296753e-02
8.261644095182418823e-02
4.929193109273910522e-02
8.194217085838317871e-02
4.878867790102958679e-02
1.463346928358078003e-01
4.782015085220336914e-02
3.127450048923492432e-01
4.934747889637947083e-02
1.083850562572479248e-01
5.727047473192214966e-02
6.092300266027450562e-02
6.735384464263916016e-02
6.493729352951049805e-02
3.729792311787605286e-02
5.572120472788810730e-02
6.509494781494140625e-02
1.993457376956939697e-01
7.518459111452102661e-02
2.085998803377151489e-01
5.953463912010192871e-02
4.015242680907249451e-02
2.247986048460006714e-01
6.246314197778701782e-02
1.290996223688125610e-01
4.829555004835128784e-02
7.252106070518493652e-02
4.190465062856674194e-02
4.766188934445381165e-02
8.778700232505798340e-02
8.757904171943664551e-02
2.277638465166091919e-01
9.316342473030090332e-01
5.571604520082473755e-02
7.953257560729980469e-01
3.701429069042205811e-01
1.395735889673233032e-01
1.528192609548568726e-01
4.235903546214103699e-02
9.034382104873657227e-01
5.785658359527587891e-01
1.256119459867477417e-01
5.340658500790596008e-02
7.449638098478317261e-02
7.023625075817108154e-02
3.909628465771675110e-02
4.923302680253982544e-02
5.918071791529655457e-02
6.055514141917228699e-02
3.286110460758209229e-01
1.000625789165496826e-01
1.342593878507614136e-01
4.069270193576812744e-02
5.903472006320953369e-02
4.740956798195838928e-02
5.812103301286697388e-02
1.469625234603881836e-01
5.922657623887062073e-02
4.592172056436538696e-02
4.652906954288482666e-02
6.007835641503334045e-02
5.839918926358222961e-02
4.499238356947898865e-02
1.787341982126235962e-01
1.590285599231719971e-01
5.625401139259338379e-01
3.679555654525756836e-01
6.080884858965873718e-02
6.723782513290643692e-03
1.495972089469432831e-02
3.607105836272239685e-02
3.749166801571846008e-02
1.525719612836837769e-01
4.661407694220542908e-02
5.372555926442146301e-02
7.943012565374374390e-02
6.556200981140136719e-02
7.777102291584014893e-02
4.562985152006149292e-02
9.629486501216888428e-02
8.304999768733978271e-02
6.060111522674560547e-02
7.910539209842681885e-02
3.076865337789058685e-02
1.393616385757923126e-02
2.310258708894252777e-02
4.272489994764328003e-02
5.311191082000732422e-02
2.530621364712715149e-02
6.448131054639816284e-02
6.292361021041870117e-02
1.092428117990493774e-01
4.902177304029464722e-02
5.436320975422859192e-02
4.552399367094039917e-02
2.557706646621227264e-02
9.887614846229553223e-02
7.445163279771804810e-02
5.667118355631828308e-03
1.638782955706119537e-02
8.127084374427795410e-02
2.800584137439727783e-01
2.541731595993041992e-01
8.254637569189071655e-02
1.357673257589340210e-01
1.485813409090042114e-01
3.299538046121597290e-02
2.073272317647933960e-02
1.226049661636352539e-01
1.010452508926391602e-01
1.113774850964546204e-01
5.072759389877319336e-01
6.866382807493209839e-02
4.693974927067756653e-02
3.923868387937545776e-02
6.603189278393983841e-03
4.366844147443771362e-02
4.729783162474632263e-02
1.673956960439682007e-02
8.077532798051834106e-02
7.918930798768997192e-02
3.458387032151222229e-02
7.324974238872528076e-02
4.691566154360771179e-02
7.560361921787261963e-02
8.306454867124557495e-02
7.093120366334915161e-02
4.428495466709136963e-02
8.333220332860946655e-02
4.593576118350028992e-02
2.020885795354843140e-02
2.899607084691524506e-02
7.172772288322448730e-02
9.763596206903457642e-02
1.018953174352645874e-01
1.653765141963958740e-01
6.533760577440261841e-02
3.507552295923233032e-02
7.442201673984527588e-02
2.352572418749332428e-02
6.634413450956344604e-02
5.377005040645599365e-02
1.829670816659927368e-01
2.289721667766571045e-01
6.939464211463928223e-01
8.677586913108825684e-02
4.784872382879257202e-02
1.011571511626243591e-01
6.048240885138511658e-02
2.362056076526641846e-01
7.162398099899291992e-01
7.284333556890487671e-02
1.121251136064529419e-01
7.156896591186523438e-02
7.077496498823165894e-02
1.015700846910476685e-01
9.712585061788558960e-02
8.189332485198974609e-02
4.954600334167480469e-01
2.932148613035678864e-02
4.266775399446487427e-02
3.715726733207702637e-02
5.640298873186111450e-02
3.455651924014091492e-02
2.985846996307373047e-01
1.525330394506454468e-01
7.822379469871520996e-01
1.057948172092437744e-01
3.610865399241447449e-02
9.999641180038452148e-01
3.236119449138641357e-02
4.808351397514343262e-02
1.347834616899490356e-01
1.407233718782663345e-02
3.572981432080268860e-02
1.038354337215423584e-01
9.423543512821197510e-02
4.759312421083450317e-02
3.688341006636619568e-02
2.776132710278034210e-02
1.523606013506650925e-02
4.610312730073928833e-02
5.165605619549751282e-02
9.286623448133468628e-02
3.165595233440399170e-02
5.254717916250228882e-02
1.634194850921630859e-01
7.084295898675918579e-02
4.869375377893447876e-02
1.114929467439651489e-01
6.050687283277511597e-02
6.106346845626831055e-02
9.999519586563110352e-01
9.999903440475463867e-01
1.105794012546539307e-01
1.925428211688995361e-01
4.593385756015777588e-02
2.310941182076931000e-02
1.955198645591735840e-01
5.550180077552795410e-01
9.019780158996582031e-02
1.494947671890258789e-01
5.286523327231407166e-02
5.855755507946014404e-02
3.017494641244411469e-02
7.768912706524133682e-03
3.106285817921161652e-02
7.882512360811233521e-02
3.781326115131378174e-02
6.119196861982345581e-02
1.075247079133987427e-01
5.086310580372810364e-02
8.992268890142440796e-02
6.629446148872375488e-02
6.399323791265487671e-02
1.238696053624153137e-01
1.613457053899765015e-01
5.620581507682800293e-01
3.321400657296180725e-02
6.296955049037933350e-02
4.671764373779296875e-02
9.960971474647521973e-01
8.534465432167053223e-01
6.394965946674346924e-02
6.020000576972961426e-02
1.018921434879302979e-01
7.757719606161117554e-02
5.418036505579948425e-02
7.123763114213943481e-02
4.010371118783950806e-02
1.682754904031753540e-01
1.429506391286849976e-02
6.240381300449371338e-02
2.719661407172679901e-02
1.316209882497787476e-02
4.629461094737052917e-03
2.579248324036598206e-02
6.012614443898200989e-02
4.522043839097023010e-02
9.972723573446273804e-02
4.026257991790771484e-02
7.447607815265655518e-02
2.909920178353786469e-02
3.304101526737213135e-02
7.806299626827239990e-02
6.632936745882034302e-02
1.248639523983001709e-01
1.048231571912765503e-01
4.004615172743797302e-02
3.091477155685424805e-01
1.760594919323921204e-02
2.588386274874210358e-02
1.102193668484687805e-01
1.598700582981109619e-01
1.014713719487190247e-01
6.544803082942962646e-02
8.872582763433456421e-02
2.319589257240295410e-01
9.999829530715942383e-01
1.036707237362861633e-01
5.406446009874343872e-02
1.598786860704421997e-01
8.344841599464416504e-01
2.034077346324920654e-01
7.140188664197921753e-02
9.295909851789474487e-02
4.677680879831314087e-02
7.838722318410873413e-02
1.812601536512374878e-01
8.229099214076995850e-02
1.172466054558753967e-01
4.905260354280471802e-02
8.827399462461471558e-02
1.108475849032402039e-01
3.196798264980316162e-02
9.102663397789001465e-02
1.592584997415542603e-01
3.855824470520019531e-02
5.429061129689216614e-02
6.311043351888656616e-02
8.117677271366119385e-02
8.656468242406845093e-02
1.837188750505447388e-01
1.307800114154815674e-01
3.249955922365188599e-02
5.215136334300041199e-02
2.672816067934036255e-02
5.148160085082054138e-02
1.075733527541160583e-01
6.233801320195198059e-02
1.390209197998046875e-01
1.537613421678543091e-01
1.471790224313735962e-01
1.106037870049476624e-01
9.658282995223999023e-01
9.954305887222290039e-01
2.152480185031890869e-01
1.180125549435615540e-01
6.950934231281280518e-02
6.441912800073623657e-02
6.993205845355987549e-02
1.172267943620681763e-01
6.302813291549682617e-01
7.980384677648544312e-02
5.301864445209503174e-02
7.194523215293884277e-01
4.588200449943542480e-01
7.248580455780029297e-01
8.318832516670227051e-02
1.288067847490310669e-01
6.614288687705993652e-01
6.297791600227355957e-01
4.291325807571411133e-02
7.923191040754318237e-02
9.234854578971862793e-02
4.097196087241172791e-02
7.804401963949203491e-02
4.247360676527023315e-02
1.566166430711746216e-02
4.363296180963516235e-02
7.125892490148544312e-02
3.209574520587921143e-02
1.099372506141662598e-01
7.246398925781250000e-02
9.504846483469009399e-02
2.131349444389343262e-01
1.314246207475662231e-01
2.739124000072479248e-01
3.964350372552871704e-02
7.100754231214523315e-02
7.158174365758895874e-02
1.103913784027099609e-01
1.158499568700790405e-01
6.924469769001007080e-02
7.544574141502380371e-02
7.749428600072860718e-02
2.610479854047298431e-02
1.014690026640892029e-01
9.981245398521423340e-01
4.107322394847869873e-01
4.729126766324043274e-02
4.793259203433990479e-01
6.037336587905883789e-02
1.204975843429565430e-01
8.130862563848495483e-02
6.941042095422744751e-02
5.130136013031005859e-02
6.556186825037002563e-02
2.050945460796356201e-01
2.739971578121185303e-01
6.021120026707649231e-02
5.600399523973464966e-02
7.254725694656372070e-02
8.638116717338562012e-02
1.290162950754165649e-01
2.612774670124053955e-01
1.199234127998352051e-01
9.386675059795379639e-02
7.609110325574874878e-02
7.107239216566085815e-02
7.779440283775329590e-02
6.129947677254676819e-02
1.535900980234146118e-01
1.184008568525314331e-01
5.261722803115844727e-01
6.144543290138244629e-01
8.964597433805465698e-02
5.899006500840187073e-02
5.687700957059860229e-02
9.226210415363311768e-02
3.923471868038177490e-01
1.866628080606460571e-01
4.977612197399139404e-02
4.804725199937820435e-02
4.466117173433303833e-02
5.613169074058532715e-02
9.996134638786315918e-01
8.973320573568344116e-02
3.254728019237518311e-02
3.550226613879203796e-02
5.635907500982284546e-02
5.041190981864929199e-02
7.304262369871139526e-02
4.549710825085639954e-02
1.618345826864242554e-01
2.866005338728427887e-02
1.777856796979904175e-01
2.016318738460540771e-01
2.728964388370513916e-02
8.002283424139022827e-02
4.858264699578285217e-02
1.482601165771484375e-01
1.264624670147895813e-02
6.020331010222434998e-02
8.606543391942977905e-02
2.744843661785125732e-01
2.030849605798721313e-01
9.146220982074737549e-02
4.178790375590324402e-02
5.555968359112739563e-02
6.333940476179122925e-02
2.777667343616485596e-01
3.812067508697509766e-01
8.534734696149826050e-02
6.493222713470458984e-02
1.565646007657051086e-02
4.567653313279151917e-02
7.453996688127517700e-02
4.307325556874275208e-02
4.043461382389068604e-02
9.387464076280593872e-02
6.697429716587066650e-02
5.401499196887016296e-02
3.667672723531723022e-02
4.184592887759208679e-02
1.070485711097717285e-01
1.071320027112960815e-01
4.650451615452766418e-02
2.901148051023483276e-02
2.767099440097808838e-01
2.149600088596343994e-01
6.978742033243179321e-02
2.022773027420043945e-01
6.359565258026123047e-02
4.446354135870933533e-02
1.158904358744621277e-01
1.172584295272827148e-01
6.330934166908264160e-02
4.564774408936500549e-02
1.058266013860702515e-01
5.698827654123306274e-02
7.858359217643737793e-01
3.712106868624687195e-02
6.354995071887969971e-02
8.113086968660354614e-02
4.755951464176177979e-02
1.192445755004882812e-01
3.697097674012184143e-02
6.187452748417854309e-02
5.829256400465965271e-02
3.214063867926597595e-02
6.755615025758743286e-02
2.335274368524551392e-01
3.446584045886993408e-01
8.503415435552597046e-02
6.624652445316314697e-02
9.516979008913040161e-02
8.283111453056335449e-02
8.787158131599426270e-02
8.755673468112945557e-02
8.638856559991836548e-02
3.650102019309997559e-02
9.597828984260559082e-02
2.257347106933593750e-01
2.267892509698867798e-01
1.523559987545013428e-01
9.250316768884658813e-02
5.998792126774787903e-02
2.903997898101806641e-01
3.287310898303985596e-02
3.124738857150077820e-02
1.508805006742477417e-01
7.279109954833984375e-02
1.129215657711029053e-01
1.463700272142887115e-02
3.195459395647048950e-02
5.753255262970924377e-02
7.247217744588851929e-02
6.610449403524398804e-02
8.414871990680694580e-02
4.023685678839683533e-02
9.784413874149322510e-02
1.475288067013025284e-02
3.159253895282745361e-01
1.195248812437057495e-01
4.343936592340469360e-02
7.705222815275192261e-02
2.714131027460098267e-02
6.205552443861961365e-02
2.261250466108322144e-01
1.703663319349288940e-01
2.566319406032562256e-01
4.153695702552795410e-02
3.576423227787017822e-02
6.474403291940689087e-02
4.719364270567893982e-02
6.008030846714973450e-02
6.750569492578506470e-02
5.088696256279945374e-02
8.344514667987823486e-02
5.277751013636589050e-02
1.294957399368286133e-01
4.202186688780784607e-02
1.061115860939025879e-01
2.044051289558410645e-01
7.727697491645812988e-02
8.059255778789520264e-02
3.048360347747802734e-01
1.286937147378921509e-01
8.059715032577514648e-01
1.670691221952438354e-01
9.266521930694580078e-01
9.440361261367797852e-01
1.021820455789566040e-01
9.407928586006164551e-02
6.597018241882324219e-02
2.257370203733444214e-01
4.824601113796234131e-02
2.655370235443115234e-01
1.516803950071334839e-01
9.814062714576721191e-02
6.844473630189895630e-02
5.200206115841865540e-02
3.760936558246612549e-01
6.187509894371032715e-01
3.447725623846054077e-02
1.656602770090103149e-01
3.451379537582397461e-01
8.740798234939575195e-01
8.097225427627563477e-01
9.990306943655014038e-02
1.165553778409957886e-01
8.732651174068450928e-02
4.708639979362487793e-01
5.845957621932029724e-02
4.145476818084716797e-01
9.515014290809631348e-02
9.172200411558151245e-02
7.111104577779769897e-02
9.589296579360961914e-02
1.001447737216949463e-01
1.493379920721054077e-01
5.610477924346923828e-02
2.461775392293930054e-02
3.409246355295181274e-02
1.667473018169403076e-01
4.684210568666458130e-02
7.310860604047775269e-02
8.793020993471145630e-02
1.660651266574859619e-01
4.340793192386627197e-02
1.734863072633743286e-01
2.783976867794990540e-02
5.585754290223121643e-02
1.056136097759008408e-02
6.772967427968978882e-02
1.229582875967025757e-01
9.506933391094207764e-02
2.546958439052104950e-02
4.921304434537887573e-02
1.865615323185920715e-02
1.846131533384323120e-01
9.573049843311309814e-02
2.727039717137813568e-02
3.855852037668228149e-02
3.834978491067886353e-02
6.194400042295455933e-02
8.321610093116760254e-02
1.746895909309387207e-01
1.018838658928871155e-01
2.801108956336975098e-01
7.357585430145263672e-02
1.027324274182319641e-01
7.778624445199966431e-02
3.394795209169387817e-02
1.332965344190597534e-01
5.743053555488586426e-02
8.615303784608840942e-02
2.252414450049400330e-02
1.151930913329124451e-01
1.147420778870582581e-01
2.569830045104026794e-02
1.016692221164703369e-01
6.525751948356628418e-02
4.203496873378753662e-02
3.868147730827331543e-02
4.996353760361671448e-02
6.067679822444915771e-02
1.189417392015457153e-02
6.580013036727905273e-02
7.593277841806411743e-02
8.403275161981582642e-02
1.658445447683334351e-01
9.010507166385650635e-02
1.041674986481666565e-02
3.712470829486846924e-02
2.354267612099647522e-02
1.347136646509170532e-01
1.571520231664180756e-02
1.345175597816705704e-02
1.540883071720600128e-02
6.078739166259765625e-01
7.060571312904357910e-01
8.953274041414260864e-02
5.869423970580101013e-02
4.769491404294967651e-02
8.910124748945236206e-02
1.196591630578041077e-01
1.483163684606552124e-01
7.231470197439193726e-02
6.476163864135742188e-02
5.074411258101463318e-02
9.738656692206859589e-03
8.001995086669921875e-02
5.980255082249641418e-02
8.307593315839767456e-02
4.794973507523536682e-02
9.348405897617340088e-02
3.699824959039688110e-02
6.315235793590545654e-02
7.143785953521728516e-01
5.232722759246826172e-01
3.464666008949279785e-01
4.907636940479278564e-01
9.986070990562438965e-01
2.526560798287391663e-02
8.088502101600170135e-03
5.308998376131057739e-02
4.551244378089904785e-01
1.114891991019248962e-01
4.251146912574768066e-01
6.623886227607727051e-01
3.122094087302684784e-02
5.385881662368774414e-02
1.656857877969741821e-01
8.360023796558380127e-02
6.952354311943054199e-02
3.340240195393562317e-02
7.874287664890289307e-02
8.984620869159698486e-02
1.559797823429107666e-01
1.067801788449287415e-01
1.533931959420442581e-02
1.024734303355216980e-01
2.113987356424331665e-01
8.336594700813293457e-02
9.094454348087310791e-02
1.048588901758193970e-01
1.710316687822341919e-01
1.115230396389961243e-01
3.917128220200538635e-02
7.339480519294738770e-02
3.194330260157585144e-02
1.641799509525299072e-01
7.003181427717208862e-02
5.728583782911300659e-02
8.198706805706024170e-02
5.093224346637725830e-02
3.199484199285507202e-02
2.036758465692400932e-03
1.157836057245731354e-02
8.984898217022418976e-03
1.963613182306289673e-02
9.250710904598236084e-02
2.609148062765598297e-02
6.074197217822074890e-02
8.001400530338287354e-02
8.918695151805877686e-02
1.011243537068367004e-01
8.945222496986389160e-01
4.102625697851181030e-02
1.039793044328689575e-01
6.894904375076293945e-02
3.775250166654586792e-02
3.976672887802124023e-02
4.959554225206375122e-02
1.016009524464607239e-01
1.784139424562454224e-01
1.701602637767791748e-01
2.873376756906509399e-02
9.520195424556732178e-02
2.169231176376342773e-01
9.128068089485168457e-01
8.019792437553405762e-01
5.279936641454696655e-02
1.035110130906105042e-01
1.372374743223190308e-01
7.406237721443176270e-02
6.040086746215820312e-01
6.706690192222595215e-01
8.340376615524291992e-02
6.366848945617675781e-02
3.216534107923507690e-02
3.475511819124221802e-02
6.683898717164993286e-02
9.202616661787033081e-02
6.022073701024055481e-02
9.154224395751953125e-02
2.998905628919601440e-02
4.399424418807029724e-02
8.581592887639999390e-02
2.543030381202697754e-01
4.121696054935455322e-01
5.959035828709602356e-02
1.642786562442779541e-01
2.827819064259529114e-02
1.264041215181350708e-01
8.150944113731384277e-02
1.100328098982572556e-02
3.473017364740371704e-02
2.815112769603729248e-01
7.521357387304306030e-02
1.112709343433380127e-01
6.459213793277740479e-02
1.200122162699699402e-01
6.063622832298278809e-01
1.030791923403739929e-01
6.347330659627914429e-02
6.569391489028930664e-02
7.055992484092712402e-01
6.371440291404724121e-01
1.092251613736152649e-01
4.572352394461631775e-02
6.523802876472473145e-02
9.895778447389602661e-02
1.201083287596702576e-01
9.641274064779281616e-02
4.410520568490028381e-02
8.378212153911590576e-02
1.191053390502929688e-01
7.974078506231307983e-02
1.684362143278121948e-01
2.591095268726348877e-01
1.153963953256607056e-01
5.470467731356620789e-02
5.177203193306922913e-02
1.040050312876701355e-01
1.236972883343696594e-01
4.454376548528671265e-02
6.498563289642333984e-02
1.228335276246070862e-01
9.463024735450744629e-01
3.926522135734558105e-01
7.269050925970077515e-02
4.588432908058166504e-01
1.674780249595642090e-01
9.877205640077590942e-02
1.424769759178161621e-01
7.330752909183502197e-02
9.394820034503936768e-02
2.214376181364059448e-01
3.313722088932991028e-02
9.070730209350585938e-02
8.887435793876647949e-01
8.130514621734619141e-01
1.276761442422866821e-01
8.095031976699829102e-02
8.853388577699661255e-02
7.738025486469268799e-02
4.131995886564254761e-02
3.312477841973304749e-02
7.772341370582580566e-02
6.506463140249252319e-02
4.744832590222358704e-02
5.615907162427902222e-02
6.286487728357315063e-02
1.214008182287216187e-01
7.642395049333572388e-02
1.620298624038696289e-02
4.180793464183807373e-01
7.060008496046066284e-02
7.756173014640808105e-01
6.144920587539672852e-01
8.441372960805892944e-02
6.891036033630371094e-02
1.412015557289123535e-01
6.941260397434234619e-02
1.205444186925888062e-01
6.609962135553359985e-02
7.947146892547607422e-02
7.475478947162628174e-02
5.095773190259933472e-02
8.753231912851333618e-02
8.476363867521286011e-02
4.907948896288871765e-02
8.919283747673034668e-02
4.290391504764556885e-01
7.119618356227874756e-02
8.695300668478012085e-02
8.999678492546081543e-02
5.113914236426353455e-02
9.830153584480285645e-01
9.324758648872375488e-01
7.938937842845916748e-02
6.869292818009853363e-03
1.585648953914642334e-02
1.870472356677055359e-02
7.217674702405929565e-02
7.190407067537307739e-02
1.600804366171360016e-02
4.560756683349609375e-02
6.467907130718231201e-02
2.710685320198535919e-02
1.937852054834365845e-01
2.577159702777862549e-01
5.931727960705757141e-02
1.525214612483978271e-01
6.390420347452163696e-02
1.056421324610710144e-01
2.808025479316711426e-01
3.693041503429412842e-01
3.913317620754241943e-02
1.013199985027313232e-01
8.165433257818222046e-02
1.437807232141494751e-01
7.833353430032730103e-02
5.943983048200607300e-02
5.286054313182830811e-02
8.749576807022094727e-01
1.175045147538185120e-01
5.055124871432781219e-03
1.498805731534957886e-02
7.460279855877161026e-03
1.480874121189117432e-01
6.733727455139160156e-02
9.003306925296783447e-02
3.275836631655693054e-02
4.870481789112091064e-02
9.517102688550949097e-02
7.508619129657745361e-02
3.794924169778823853e-02
9.644436091184616089e-02
6.794005632400512695e-02
7.566302269697189331e-02
7.287069410085678101e-02
2.632641978561878204e-02
6.078588590025901794e-02
6.976736336946487427e-02
5.665788054466247559e-02
1.725011169910430908e-01
2.657789178192615509e-02
6.507842242717742920e-02
1.186747699975967407e-01
9.183128178119659424e-02
7.062567025423049927e-02
3.928487375378608704e-02
6.172200292348861694e-02
4.526645690202713013e-02
7.533547282218933105e-02
5.660980939865112305e-02
6.787282973527908325e-02
6.616932153701782227e-02
6.936104595661163330e-02
1.246475726366043091e-01
5.628668889403343201e-02
1.225955858826637268e-01
9.157852828502655029e-02
3.333662450313568115e-02
1.922158896923065186e-01
6.531719863414764404e-02
3.888483345508575439e-02
7.551576942205429077e-02
4.207760840654373169e-02
1.019809022545814514e-01
7.960513979196548462e-02
8.294264972209930420e-02
8.562881350517272949e-01
7.363593578338623047e-01
1.038581505417823792e-01
2.640859186649322510e-01
7.593316435813903809e-01
4.161287844181060791e-01
8.139354735612869263e-02
7.441245764493942261e-02
6.800185889005661011e-02
1.410182267427444458e-01
1.404426544904708862e-01
2.489897795021533966e-02
5.542719364166259766e-02
3.790457174181938171e-02
6.174816563725471497e-02
8.571399003267288208e-02
7.170943170785903931e-02
3.968158364295959473e-02
6.090598925948143005e-02
4.529198259115219116e-02
1.701491922140121460e-01
1.189552769064903259e-01
1.167635694146156311e-01
4.319692403078079224e-02
3.320577740669250488e-01
8.836024999618530273e-02
6.190788000822067261e-02
7.943255454301834106e-02
6.448734551668167114e-02
8.955966681241989136e-02
9.648679196834564209e-02
3.881689906120300293e-01
1.778562068939208984e-01
3.788281977176666260e-01
7.101641297340393066e-01
5.161841586232185364e-02
5.057170987129211426e-01
6.128157377243041992e-01
1.364466696977615356e-01
3.128241375088691711e-02
8.015614002943038940e-02
1.033560037612915039e-01
1.982990652322769165e-01
1.311076134443283081e-01
5.192328616976737976e-02
5.692174658179283142e-02
3.795374184846878052e-02
2.999380230903625488e-02
1.171557009220123291e-01
1.227989606559276581e-02
3.221141546964645386e-02
2.043598704040050507e-02
1.206091567873954773e-01
6.959008574485778809e-01
9.647859930992126465e-01
3.914821147918701172e-02
8.423639088869094849e-02
4.932649806141853333e-02
1.649320311844348907e-02
5.103253573179244995e-02
2.835121750831604004e-02
1.142432540655136108e-01
5.285130441188812256e-02
6.531181186437606812e-02
1.141170114278793335e-01
2.796908281743526459e-02
5.390984192490577698e-02
5.562825873494148254e-02
6.812499463558197021e-02
2.880538348108530045e-03
4.092743992805480957e-02
8.375429362058639526e-02
1.637846529483795166e-01
1.186342686414718628e-01
1.878985762596130371e-01
2.221612483263015747e-01
1.849135607481002808e-01
6.976069211959838867e-01
9.973317384719848633e-01
9.617097973823547363e-01
3.197856247425079346e-02
1.199004948139190674e-01
1.332621872425079346e-01
7.661396265029907227e-02
1.075004562735557556e-01
4.998838156461715698e-02
1.132010966539382935e-01
6.620148569345474243e-02
4.719557613134384155e-02
3.449202477931976318e-01
4.554520547389984131e-02
2.298769205808639526e-01
1.047774106264114380e-01
1.586129367351531982e-01
2.256127297878265381e-01
2.223274856805801392e-01
1.438829768449068069e-02
1.408248208463191986e-02
8.004468679428100586e-02
2.448770590126514435e-02
4.250275343656539917e-02
9.421213716268539429e-02
7.070042937994003296e-02
6.637119501829147339e-02
1.077567860484123230e-01
2.953134290874004364e-02
2.861678414046764374e-02
4.442043229937553406e-02
6.095564737915992737e-02
7.113008946180343628e-02
2.235294282436370850e-01
3.745652437210083008e-01
4.313690960407257080e-02
8.365456014871597290e-02
6.254018843173980713e-02
1.470883935689926147e-01
1.702905446290969849e-01
8.349322527647018433e-02
4.526088014245033264e-02
4.298768192529678345e-02
6.636850535869598389e-02
8.346799761056900024e-02
1.198407113552093506e-01
3.049740493297576904e-01
6.310046464204788208e-02
1.050088852643966675e-01
8.355705440044403076e-02
1.092520207166671753e-01
9.679382294416427612e-02
1.626135110855102539e-01
5.381419882178306580e-02
4.280295968055725098e-02
5.808448791503906250e-02
5.703305080533027649e-02
6.858487427234649658e-02
9.667782485485076904e-02
2.488583028316497803e-01
4.406491219997406006e-01
1.395453810691833496e-01
7.024219632148742676e-02
6.093983352184295654e-02
1.177134513854980469e-01
9.981326460838317871e-01
1.016193926334381104e-01
6.030886620283126831e-02
8.498402684926986694e-02
4.791966080665588379e-02
4.818262159824371338e-02
7.584959268569946289e-02
4.076131433248519897e-02
8.164756000041961670e-02
1.209480166435241699e-01
5.269683152437210083e-02
3.473600149154663086e-01
9.113562107086181641e-02
3.472929447889328003e-02
2.246790975332260132e-01
7.263667881488800049e-02
3.559454903006553650e-02
5.331426858901977539e-02
5.282232165336608887e-02
8.386851102113723755e-02
6.073828414082527161e-02
4.013160243630409241e-02
9.631615877151489258e-02
6.055942177772521973e-02
1.219469830393791199e-01
9.250720962882041931e-03
4.422408714890480042e-02
1.703947782516479492e-02
5.616504326462745667e-02
2.460170835256576538e-01
4.949188828468322754e-01
8.462025970220565796e-02
5.316719785332679749e-02
8.459673076868057251e-02
6.282377243041992188e-01
5.011080503463745117e-01
4.949908331036567688e-02
1.196620166301727295e-01
6.534134596586227417e-02
6.670616567134857178e-02
8.022415637969970703e-02
1.085797324776649475e-01
1.583029776811599731e-01
2.350440621376037598e-01
5.435772240161895752e-02
1.114690899848937988e-01
7.955680042505264282e-02
6.366760283708572388e-02
3.011739552021026611e-01
6.993316859006881714e-02
3.836426883935928345e-02
5.335471779108047485e-02
9.103872627019882202e-02
4.777827858924865723e-02
1.416343897581100464e-01
1.303084939718246460e-01
5.457772314548492432e-02
6.577557325363159180e-02
1.088753938674926758e-01
1.412796974182128906e-01
4.019883647561073303e-02
2.577645517885684967e-02
3.613733500242233276e-02
4.192157834768295288e-02
8.774819374084472656e-01
3.091365098953247070e-01
3.682861104607582092e-02
8.108790218830108643e-02
6.643325686454772949e-01
1.543595790863037109e-01
2.977678366005420685e-02
5.105543509125709534e-02
2.118685245513916016e-01
1.206003874540328979e-01
9.809703379869461060e-02
6.179535016417503357e-02
9.724619984626770020e-02
4.588671922683715820e-01
3.535506129264831543e-02
4.590347409248352051e-02
3.914463520050048828e-02
7.330664992332458496e-02
1.107971370220184326e-01
1.177808940410614014e-01
7.605434954166412354e-02
3.471693769097328186e-02
8.261915296316146851e-02
7.776283472776412964e-02
5.050544813275337219e-02
5.195827037096023560e-02
3.229926154017448425e-02
5.402554199099540710e-02
9.244267642498016357e-02
2.795338816940784454e-02
1.003776639699935913e-01
1.819491982460021973e-01
2.621836401522159576e-02
1.099198162555694580e-01
1.808825582265853882e-01
8.801303803920745850e-02
1.184829473495483398e-01
7.227153331041336060e-02
4.755306988954544067e-02
6.867498904466629028e-02
7.999036461114883423e-02
4.298304021358489990e-01
2.112052738666534424e-01
3.273130059242248535e-01
1.880218274891376495e-02
5.324103310704231262e-02
9.015195816755294800e-02
2.399761974811553955e-02
6.075716614723205566e-01
3.157175481319427490e-01
1.073491647839546204e-01
1.035348176956176758e-01
1.053253263235092163e-01
1.737149655818939209e-01
4.781563282012939453e-01
1.398860942572355270e-02
2.000530250370502472e-02
7.583013921976089478e-02
1.499180197715759277e-01
8.139424771070480347e-02
9.264063835144042969e-02
5.726386234164237976e-02
9.529684782028198242e-01
6.947697699069976807e-02
1.096461117267608643e-01
5.458007752895355225e-02
6.415844708681106567e-02
4.659451171755790710e-02
7.367450743913650513e-02
4.868637397885322571e-02
2.311636209487915039e-01
3.856130316853523254e-02
1.641154140233993530e-01
4.194451123476028442e-02
2.040346711874008179e-02
5.224607512354850769e-02
1.002561524510383606e-01
1.165633052587509155e-01
4.900441691279411316e-02
6.857174634933471680e-02
1.854701153934001923e-02
2.663434110581874847e-02
4.833767190575599670e-02
6.163503229618072510e-02
7.096013426780700684e-02
6.272934377193450928e-02
7.302107661962509155e-02
6.081078201532363892e-02
3.462035208940505981e-02
1.129943430423736572e-01
8.779447525739669800e-02
8.766420185565948486e-02
1.429471373558044434e-01
1.877147108316421509e-01
4.979404434561729431e-02
1.453459635376930237e-02
6.728670746088027954e-02
8.689766377210617065e-02
4.719288274645805359e-02
5.101258307695388794e-02
1.527002602815628052e-01
2.878492511808872223e-02
9.562337398529052734e-02
4.024045541882514954e-02
2.168452180922031403e-02
5.743712931871414185e-02
9.539888054132461548e-02
1.507611721754074097e-01
2.239459753036499023e-01
8.654572367668151855e-01
2.131415754556655884e-01
4.551636576652526855e-01
7.686374336481094360e-02
1.979152858257293701e-01
1.060232222080230713e-01
3.795768693089485168e-02
6.950696557760238647e-02
3.740991652011871338e-02
6.918182969093322754e-02
4.085014387965202332e-02
1.021927595138549805e-01
4.703693836927413940e-02
1.313290297985076904e-01
1.229871883988380432e-01
6.592246890068054199e-02
6.836233288049697876e-02
2.640106342732906342e-02
7.170141208916902542e-03
2.152432501316070557e-02
1.204602345824241638e-01
1.061058193445205688e-01
8.563401550054550171e-02
8.223609626293182373e-02
9.840179979801177979e-02
9.143610298633575439e-02
1.351033300161361694e-01
6.939905136823654175e-02
1.706383004784584045e-02
2.685138955712318420e-02
2.821055985987186432e-02
5.800653249025344849e-02
8.222723752260208130e-02
1.039503663778305054e-01
3.033442422747612000e-02
7.674354314804077148e-02
9.259769320487976074e-02
9.253750741481781006e-02
6.010339036583900452e-02
3.597860038280487061e-02
1.112590953707695007e-01
1.472671777009963989e-01
7.740122824907302856e-02
8.087288588285446167e-02
9.947119951248168945e-01
9.967579245567321777e-01
2.911297380924224854e-01
5.690303444862365723e-01
1.003873068839311600e-02
5.734381824731826782e-02
2.931443750858306885e-01
6.541268527507781982e-02
4.385539516806602478e-02
2.196471951901912689e-02
2.828326635062694550e-02
3.330655768513679504e-02
9.764931350946426392e-02
1.028695106506347656e-01
7.979218661785125732e-02
1.035909280180931091e-01
1.678920090198516846e-01
6.136310100555419922e-01
7.372334599494934082e-01
4.371085464954376221e-01
6.707620620727539062e-02
9.158520400524139404e-02
5.216614902019500732e-02
3.371810168027877808e-02
1.040528044104576111e-01
3.119251318275928497e-02
3.479011356830596924e-02
2.920510806143283844e-02
2.273631282150745392e-02
4.536617547273635864e-02
5.051857233047485352e-02
1.541007906198501587e-01
9.044983237981796265e-02
8.865757286548614502e-02
7.761631160974502563e-02
1.965885460376739502e-01
8.526157587766647339e-02
5.532976612448692322e-02
5.391885340213775635e-02
8.534807711839675903e-02
1.487734019756317139e-01
2.596197128295898438e-01
1.672309786081314087e-01
4.756743088364601135e-02
2.378561347723007202e-02
7.691870629787445068e-02
1.207328438758850098e-01
5.085484310984611511e-02
1.152062043547630310e-01
1.319131702184677124e-01
9.600456804037094116e-02
7.641791552305221558e-02
4.068537801504135132e-02
7.914415001869201660e-02
1.273131221532821655e-01
5.621062964200973511e-02
9.956073760986328125e-02
7.414823025465011597e-02
4.313417524099349976e-02
7.923560589551925659e-02
6.173759326338768005e-02
1.010984852910041809e-01
1.519835442304611206e-01
7.621926814317703247e-02
1.071365773677825928e-01
6.524930149316787720e-02
6.083111464977264404e-02
8.079264312982559204e-02
4.962876811623573303e-02
7.577485591173171997e-02
8.589558303356170654e-02
9.932050108909606934e-02
6.323422491550445557e-02
2.969176322221755981e-02
4.805675894021987915e-02
6.748789548873901367e-02
7.709257304668426514e-02
1.298865824937820435e-01
5.094139650464057922e-02
4.188713803887367249e-02
4.564635455608367920e-02
9.838701784610748291e-02
1.141768991947174072e-01
4.385829344391822815e-02
3.510426729917526245e-02
1.110128387808799744e-01
6.089097633957862854e-02
3.996578231453895569e-02
1.330570578575134277e-01
2.669545821845531464e-02
1.897519081830978394e-01
5.668655410408973694e-02
6.924819946289062500e-02
6.728216260671615601e-02
2.609387971460819244e-02
1.572983860969543457e-01
2.879728004336357117e-02
1.098111942410469055e-01
6.327346712350845337e-02
1.651382893323898315e-01
3.775061666965484619e-01
6.707347184419631958e-02
1.395528912544250488e-01
2.633000910282135010e-01
9.866861999034881592e-02
4.149227403104305267e-03
5.906863510608673096e-02
9.067654013633728027e-01
8.949720859527587891e-01
4.132800176739692688e-02
8.416131883859634399e-02
1.256088465452194214e-01
2.898185700178146362e-02
3.052097000181674957e-02
1.322042495012283325e-01
7.282895594835281372e-02
5.100066587328910828e-02
3.871057555079460144e-02
7.389901578426361084e-02
6.466271728277206421e-02
1.194047555327415466e-01
3.372357040643692017e-02
3.701815009117126465e-02
8.170954138040542603e-02
1.229362785816192627e-01
4.911750555038452148e-02
6.957711279392242432e-02
8.190124481916427612e-02
9.324013441801071167e-02
2.436542361974716187e-01
2.324688807129859924e-02
6.700217723846435547e-02
2.489914558827877045e-02
3.979349136352539062e-02
7.050436735153198242e-01
6.728872656822204590e-01
3.907645493745803833e-02
9.094585664570331573e-03
3.978586941957473755e-02
3.119800090789794922e-01
5.383679270744323730e-02
3.960292413830757141e-02
3.307241946458816528e-02
9.518282860517501831e-02
3.713502734899520874e-02
1.167377531528472900e-01
1.613557487726211548e-01
1.387135591357946396e-02
3.334319964051246643e-02
2.447990514338016510e-02
1.443706750869750977e-01
3.985388949513435364e-02
4.866330325603485107e-02
2.432043477892875671e-02
6.700996309518814087e-02
1.010370105504989624e-01
7.295917719602584839e-02
1.617735326290130615e-01
6.549352407455444336e-02
5.291116610169410706e-02
2.664238400757312775e-02
4.251702129840850830e-02
7.606749981641769409e-02
9.109455347061157227e-02
6.689692288637161255e-02
3.966407105326652527e-02
1.379888951778411865e-01
6.470591574907302856e-02
8.105561733245849609e-01
5.745763778686523438e-01
3.451985120773315430e-02
4.831136763095855713e-02
3.120260499417781830e-02
7.947759330272674561e-02
1.626802086830139160e-01
3.672682121396064758e-02
2.105594985187053680e-02
8.446184545755386353e-02
7.533025741577148438e-02
8.152404427528381348e-02
1.251112520694732666e-01
4.470190033316612244e-02
7.526050508022308350e-02
5.280494689941406250e-02
9.818330407142639160e-02
4.054339975118637085e-02
1.454989761114120483e-01
6.663971394300460815e-02
8.409386873245239258e-02
1.029313802719116211e-01
7.942847162485122681e-02
1.127683073282241821e-01
6.223286688327789307e-02
1.183254644274711609e-01
7.211203128099441528e-02
1.675713062286376953e-01
1.107380762696266174e-01
7.454391568899154663e-02
5.867394432425498962e-02
7.400241494178771973e-02
3.270817548036575317e-02
6.526900827884674072e-02
4.349569976329803467e-02
5.578478053212165833e-02
6.603629142045974731e-02
8.491760492324829102e-02
4.306285083293914795e-02
1.593623906373977661e-01
1.274834424257278442e-01
4.729960262775421143e-01
1.561242248862981796e-02
8.901738375425338745e-02
1.357709318399429321e-01
4.235482960939407349e-02
8.806242048740386963e-02
1.715045273303985596e-01
9.468250870704650879e-01
9.491721391677856445e-01
8.395342528820037842e-02
4.137511923909187317e-02
1.775748655200004578e-02
3.927388042211532593e-02
4.873024672269821167e-02
9.779503941535949707e-02
1.625007092952728271e-01
2.185247465968132019e-02
9.982331842184066772e-02
1.079429462552070618e-01
7.893034070730209351e-02
1.180320829153060913e-01
5.986641719937324524e-02
6.993520259857177734e-02
3.522166609764099121e-02
4.077250882983207703e-02
8.894751220941543579e-02
8.034709095954895020e-02
5.415457487106323242e-02
5.881981924176216125e-02
6.542171537876129150e-02
7.937167584896087646e-02
9.694454073905944824e-02
3.003507480025291443e-02
1.239710003137588501e-01
9.392770379781723022e-02
1.083648726344108582e-01
1.413387358188629150e-01
1.039126366376876831e-01
1.681242138147354126e-01
9.717296808958053589e-02
9.837399423122406006e-02
1.638070680201053619e-02
3.172972053289413452e-02
7.534746080636978149e-02
5.275358259677886963e-02
5.438624694943428040e-02
8.097931742668151855e-02
8.295741677284240723e-02
9.335973113775253296e-02
6.927626579999923706e-02
1.010460630059242249e-01
1.163660138845443726e-01
4.238313809037208557e-02
6.727547198534011841e-02
3.900875151157379150e-02
5.533083528280258179e-02
7.263627648353576660e-02
8.382017910480499268e-02
6.271681189537048340e-02
6.035260856151580811e-02
5.984435230493545532e-02
5.544516444206237793e-01
6.407286971807479858e-02
3.100500069558620453e-02
7.675132751464843750e-01
1.406976431608200073e-01
7.440206408500671387e-02
8.129936456680297852e-02
5.789179801940917969e-01
1.784844547510147095e-01
4.509426280856132507e-02
1.013656258583068848e-01
4.714924991130828857e-01
2.270680516958236694e-01
1.349923163652420044e-01
3.760214522480964661e-02
1.059995442628860474e-01
1.510325521230697632e-01
3.119171783328056335e-02
4.908517748117446899e-02
5.933163315057754517e-02
5.516066402196884155e-02
4.119091480970382690e-02
8.767349272966384888e-02
5.495003983378410339e-02
7.301666587591171265e-02
3.075347840785980225e-01
1.681529432535171509e-01
4.915232583880424500e-02
5.540469661355018616e-02
1.567174196243286133e-01
6.915300339460372925e-02
6.671994179487228394e-02
5.236145108938217163e-02
1.202944293618202209e-01
2.221911847591400146e-01
4.062346741557121277e-02
6.630704551935195923e-02
3.060761839151382446e-02
4.862669482827186584e-02
2.672828547656536102e-02
3.880123421549797058e-02
2.783965319395065308e-02
2.215594984591007233e-02
5.208652466535568237e-02
4.166254401206970215e-02
9.545302391052246094e-02
1.292271465063095093e-01
6.667857617139816284e-02
5.110585317015647888e-02
6.278832256793975830e-02
8.317168802022933960e-02
8.679635822772979736e-02
9.251011162996292114e-02
1.169200688600540161e-01
8.639415353536605835e-02
3.853168338537216187e-02
6.727495044469833374e-02
2.965862154960632324e-01
8.581370711326599121e-01
1.830866187810897827e-02
7.423316836357116699e-01
8.000547438859939575e-02
7.937419414520263672e-02
4.510873928666114807e-02
7.323912531137466431e-02
5.660442262887954712e-02
7.357398420572280884e-02
1.735244691371917725e-01
8.688542991876602173e-02
6.852575391530990601e-02
1.255461424589157104e-01
2.158279530704021454e-02
4.598430916666984558e-02
2.349030785262584686e-02
1.445537060499191284e-01
7.026234865188598633e-01
9.755821526050567627e-02
5.581236258149147034e-02
2.976750209927558899e-02
7.915813475847244263e-02
9.455847144126892090e-01
9.268998354673385620e-02
7.050032913684844971e-02
5.467544123530387878e-02
6.463223695755004883e-02
1.060925945639610291e-01
6.308007240295410156e-02
7.174403220415115356e-02
7.285793870687484741e-02
7.510620355606079102e-02
1.690275371074676514e-01
8.484085649251937866e-02
8.773529529571533203e-02
4.892845824360847473e-02
1.017049401998519897e-01
4.661360010504722595e-02
9.588541090488433838e-02
1.465893089771270752e-01
3.690329566597938538e-02
5.172235518693923950e-02
8.882527053356170654e-02
8.275602012872695923e-02
5.551774054765701294e-02
1.057280898094177246e-01
7.899308800697326660e-01
7.358547449111938477e-01
1.939613968133926392e-01
2.348357625305652618e-02
1.179300099611282349e-01
3.602078184485435486e-02
6.052983999252319336e-01
1.611960530281066895e-01
2.034332603216171265e-01
8.600538223981857300e-02
3.562292829155921936e-02
5.704056471586227417e-02
1.384482383728027344e-01
1.134521663188934326e-01
1.288900524377822876e-01
2.776008099317550659e-02
7.807179540395736694e-02
1.183965280652046204e-01
1.380469202995300293e-01
4.762906953692436218e-02
7.219240814447402954e-02
6.323108822107315063e-02
4.928146302700042725e-02
5.048521608114242554e-02
2.272616885602474213e-02
2.790519222617149353e-02
4.822010546922683716e-02
1.239607948809862137e-02
6.822803616523742676e-02
5.703965201973915100e-02
6.211439892649650574e-02
6.757761538028717041e-02
9.877927601337432861e-02
5.081510916352272034e-02
5.371566116809844971e-02
2.790952473878860474e-02
7.345756888389587402e-02
6.367158144712448120e-02
4.029617905616760254e-01
1.047127842903137207e-01
3.043270707130432129e-01
6.869883835315704346e-02
3.536420315504074097e-02
4.758907109498977661e-02
1.143376454710960388e-01
8.299652487039566040e-02
6.222051754593849182e-02
5.610683187842369080e-02
9.300912171602249146e-02
8.132094889879226685e-02
4.668026790022850037e-02
1.313603818416595459e-01
1.121034622192382812e-01
6.048818677663803101e-02
7.794377207756042480e-02
3.493170440196990967e-02
3.302388638257980347e-02
2.071785926818847656e-02
3.259777277708053589e-02
1.087241061031818390e-02
1.047513186931610107e-01
2.070365846157073975e-01
3.363632038235664368e-02
1.286460459232330322e-01
1.108711864799261093e-02
1.014000829309225082e-02
2.539433725178241730e-02
4.336152598261833191e-02
3.341872990131378174e-02
9.818835556507110596e-02
5.944717675447463989e-02
6.232634931802749634e-02
4.581913724541664124e-02
1.095906570553779602e-01
8.559717237949371338e-02
9.080357104539871216e-02
5.032637715339660645e-01
2.238583415746688843e-01
7.237614691257476807e-02
3.318710625171661377e-02
5.730372667312622070e-01
9.988621473312377930e-01
1.115924343466758728e-01
8.914737403392791748e-02
2.799642980098724365e-01
6.175401434302330017e-02
3.371679410338401794e-02
5.183503404259681702e-02
1.226462051272392273e-01
1.453111320734024048e-01
6.552269682288169861e-03
5.959641654044389725e-03
4.394651949405670166e-02
5.347194522619247437e-02
6.674952059984207153e-02
4.284082725644111633e-02
4.504867643117904663e-02
1.273673623800277710e-01
2.204897850751876831e-01
5.862224102020263672e-02
7.261539995670318604e-02
5.923713743686676025e-02
1.880710721015930176e-01
9.868622571229934692e-02
1.156185641884803772e-01
6.336189061403274536e-02
1.834003329277038574e-01
9.556842595338821411e-02
1.196774244308471680e-01
6.744976341724395752e-02
1.404965668916702271e-01
1.579209417104721069e-01
5.354167893528938293e-02
1.262867748737335205e-01
5.006182566285133362e-02
8.553472906351089478e-02
2.998043298721313477e-01
1.923232376575469971e-01
8.483934402465820312e-02
1.146686971187591553e-01
5.361381545662879944e-02
1.199416294693946838e-01
5.945787951350212097e-02
6.180229038000106812e-02
3.662430867552757263e-02
3.067480325698852539e-01
1.139726638793945312e-01
9.980815649032592773e-01
4.324366748332977295e-01
9.483303129673004150e-02
4.219117015600204468e-02
1.937432885169982910e-01
8.121363073587417603e-02
7.602999359369277954e-02
7.689601182937622070e-02
1.069487780332565308e-01
1.566883921623229980e-02
9.971691966056823730e-01
9.817744493484497070e-01
3.536536544561386108e-02
5.472650751471519470e-02
6.538563221693038940e-02
6.464391201734542847e-02
3.650158643722534180e-02
4.826227128505706787e-01
2.208613976836204529e-02
9.288238883018493652e-01
9.878210425376892090e-01
2.256322093307971954e-02
8.995858952403068542e-03
1.006172150373458862e-01
9.296941012144088745e-02
5.750085413455963135e-02
1.602689176797866821e-01
3.467129170894622803e-02
9.284231811761856079e-02
6.683716922998428345e-02
1.376782804727554321e-01
1.119516491889953613e-01
1.076002120971679688e-01
2.042449861764907837e-01
6.132074445486068726e-02
2.874678671360015869e-01
5.541888475418090820e-01
3.587796539068222046e-02
3.691687434911727905e-02
7.321833074092864990e-02
2.019459009170532227e-01
4.236610978841781616e-02
9.531023353338241577e-02
6.889263540506362915e-02
6.510085612535476685e-02
6.110325455665588379e-03
6.894663907587528229e-03
2.834974788129329681e-02
6.318898499011993408e-02
5.272483453154563904e-02
2.724103331565856934e-01
1.020939946174621582e-01
1.063834652304649353e-01
4.011765718460083008e-01
7.685966491699218750e-01
5.870319902896881104e-02
6.088584288954734802e-02
5.640479177236557007e-02
1.399821192026138306e-01
9.981655329465866089e-02
6.278071552515029907e-02
4.564867913722991943e-02
4.281339794397354126e-02
1.620233990252017975e-02
1.800725236535072327e-02
4.675029590725898743e-02
9.672747552394866943e-02
3.729828447103500366e-02
3.661370277404785156e-02
4.416284710168838501e-02
4.328496381640434265e-02
7.753917574882507324e-02
6.404613703489303589e-02
1.183069571852684021e-01
5.528709292411804199e-01
1.105187460780143738e-01
5.433264747262001038e-02
1.218671575188636780e-01
5.727111920714378357e-02
6.252133101224899292e-02
1.238288208842277527e-01
4.200478643178939819e-02
6.311485916376113892e-02
8.992677181959152222e-02
8.223157376050949097e-02
7.658058404922485352e-02
7.042905688285827637e-02
4.832283407449722290e-02
1.125735491514205933e-01
7.559534907341003418e-02
1.270906925201416016e-01
2.982583343982696533e-01
5.196457505226135254e-01
3.301750868558883667e-02
5.768027156591415405e-02
7.400032132863998413e-02
1.490941941738128662e-01
1.107063144445419312e-01
5.817355960607528687e-02
1.188462302088737488e-01
1.306235343217849731e-01
2.562887780368328094e-02
9.973874688148498535e-02
5.082838237285614014e-02
2.216170169413089752e-02
1.371232047677040100e-02
5.905715003609657288e-02
2.377343773841857910e-01
6.151044741272926331e-02
4.112659022212028503e-02
4.396999627351760864e-02
7.247741799801588058e-03
3.423466160893440247e-02
7.126976549625396729e-02
4.419528320431709290e-02
9.114496409893035889e-02
6.566830724477767944e-02
6.484723091125488281e-02
1.470150202512741089e-01
3.283502459526062012e-01
3.423184528946876526e-02
1.611585170030593872e-02
3.112001903355121613e-02
2.166253700852394104e-02
2.108967751264572144e-01
1.163549721240997314e-01
6.428926438093185425e-02
4.235432669520378113e-02
6.208130717277526855e-02
8.521710336208343506e-02
1.043340936303138733e-01
4.814972877502441406e-01
2.715246975421905518e-01
8.073545247316360474e-02
7.208142429590225220e-02
8.512911945581436157e-02
3.543750196695327759e-02
3.814992681145668030e-02
1.625202149152755737e-01
6.548572331666946411e-02
2.128823660314083099e-02
2.544075995683670044e-02
2.792156673967838287e-02
1.817625164985656738e-01
3.424056246876716614e-02
1.457787454128265381e-01
1.308378577232360840e-01
4.339873790740966797e-02
8.071684092283248901e-02
1.040463000535964966e-01
7.788363099098205566e-02
5.937629565596580505e-02
1.229474768042564392e-01
6.473859399557113647e-02
6.973911821842193604e-02
5.291208997368812561e-02
1.068336293101310730e-01
5.048092827200889587e-02
1.682065129280090332e-01
7.454416155815124512e-02
7.180773615837097168e-01
5.539746209979057312e-02
1.195662692189216614e-01
2.260414958000183105e-01
9.187570959329605103e-02
7.677076756954193115e-02
1.076441928744316101e-01
8.551330864429473877e-02
5.013811960816383362e-02
2.831834256649017334e-01
1.259556710720062256e-01
1.170992851257324219e-02
1.494881976395845413e-02
4.416670277714729309e-02
2.284333705902099609e-01
7.918614149093627930e-02
1.056497171521186829e-01
1.091754809021949768e-02
2.064662985503673553e-02
3.489875793457031250e-02
1.422123312950134277e-01
5.813948065042495728e-02
1.445957571268081665e-01
9.860729426145553589e-02
5.862106010317802429e-02
2.677547931671142578e-01
2.524757087230682373e-01
6.307614594697952271e-02
7.894870825111865997e-03
2.739938534796237946e-02
3.739465400576591492e-02
5.027036070823669434e-01
5.758939385414123535e-01
4.350388795137405396e-02
8.994044661521911621e-01
3.272483646869659424e-01
1.077030748128890991e-01
8.018607646226882935e-02
8.464165031909942627e-02
8.392161875963211060e-02
1.780778355896472931e-02
1.277456153184175491e-02
1.785206608474254608e-02
1.933174282312393188e-01
1.031055599451065063e-01
1.372140198945999146e-01
1.714279949665069580e-01
6.570810824632644653e-02
7.712976634502410889e-02
5.189295485615730286e-02
9.682065248489379883e-02
9.899501800537109375e-01
6.708265841007232666e-02
1.545856744050979614e-01
1.848893910646438599e-01
1.698699779808521271e-02
1.669930852949619293e-02
9.995388984680175781e-02
2.534200549125671387e-01
1.094445213675498962e-01
1.078635826706886292e-01
4.861748591065406799e-02
9.663623571395874023e-02
7.411333918571472168e-02
1.571396589279174805e-01
1.184559427201747894e-02
9.211950004100799561e-02
1.258468255400657654e-02
8.644043654203414917e-02
1.501269545406103134e-02
2.991047315299510956e-02
1.409947406500577927e-02
3.807831704616546631e-01
5.763674527406692505e-02
4.758367687463760376e-02
3.059393353760242462e-02
9.202072769403457642e-02
8.560501039028167725e-02
3.635301440954208374e-02
1.107007265090942383e-01
7.977207750082015991e-02
4.545466601848602295e-02
6.394372880458831787e-02
7.746672630310058594e-02
2.602287195622920990e-02
6.155818700790405273e-02
8.520526438951492310e-02
2.042908221483230591e-01
4.001380875706672668e-02
3.506567701697349548e-02
1.237073913216590881e-01
6.850110739469528198e-02
7.018475979566574097e-02
4.711393266916275024e-02
5.315158888697624207e-02
5.698497220873832703e-02
4.928926005959510803e-02
8.938981592655181885e-02
5.682364851236343384e-02
6.228636577725410461e-02
4.096659645438194275e-02
3.441698104143142700e-02
3.406216949224472046e-02
4.618902504444122314e-02
4.303169250488281250e-02
9.133227169513702393e-02
1.040883958339691162e-01
1.385660171508789062e-01
5.112699270248413086e-01
4.907206818461418152e-02
7.037856429815292358e-02
5.936627089977264404e-02
8.243211358785629272e-02
7.757469266653060913e-02
2.109072357416152954e-02
8.192534558475017548e-03
1.374197751283645630e-02
4.881000146269798279e-02
8.437234908342361450e-02
1.104424744844436646e-01
3.084159269928932190e-02
6.483528763055801392e-03
1.144409552216529846e-02
2.813957072794437408e-02
5.544320121407508850e-02
9.721904993057250977e-02
9.090688079595565796e-02
8.035472035408020020e-02
1.269475966691970825e-01
5.721845477819442749e-02
1.260867416858673096e-01
1.095434278249740601e-01
4.807771742343902588e-02
6.172816082835197449e-02
1.796834766864776611e-01
3.414380177855491638e-02
8.795170485973358154e-02
6.394529342651367188e-01
6.740637868642807007e-02
7.280588895082473755e-02
1.148481518030166626e-01
9.471116214990615845e-02
7.283464819192886353e-02
9.856280684471130371e-02
7.015442848205566406e-02
4.443641379475593567e-02
1.237981170415878296e-01
1.262673437595367432e-01
2.445773780345916748e-01
7.315188646316528320e-02
1.097560077905654907e-01
7.934207469224929810e-02
5.685653537511825562e-02
6.865632534027099609e-02
4.459894075989723206e-02
1.124451011419296265e-01
3.052428066730499268e-01
1.423023939132690430e-01
1.554490625858306885e-01
3.034839630126953125e-01
1.813938021659851074e-01
4.450817406177520752e-02
2.792463824152946472e-02
1.989101245999336243e-02
2.722794935107231140e-02
1.627033203840255737e-02
8.178614079952239990e-02
7.362777739763259888e-02
5.055318027734756470e-02
9.184253215789794922e-02
4.756838083267211914e-02
4.627735912799835205e-01
7.180960476398468018e-02
3.913034126162528992e-02
6.198159605264663696e-02
6.262414157390594482e-02
2.269521653652191162e-01
8.231528848409652710e-02
7.951018214225769043e-02
9.381932765245437622e-02
8.322899043560028076e-02
7.292234897613525391e-02
2.493213713169097900e-01
2.717083320021629333e-02
9.361318498849868774e-02
5.321019887924194336e-02
7.818105816841125488e-02
4.432656988501548767e-02
1.062330380082130432e-01
7.231126725673675537e-02
9.978813678026199341e-02
5.427176505327224731e-02
1.526760011911392212e-01
8.475282043218612671e-02
7.114282250404357910e-02
7.123030424118041992e-01
5.307341217994689941e-01
1.932885050773620605e-01
2.209728807210922241e-01
3.383726477622985840e-01
3.102672100067138672e-01
1.477821767330169678e-01
9.921925514936447144e-02
4.467283487319946289e-01
6.354902684688568115e-02
1.834058314561843872e-01
3.916742652654647827e-02
8.292721211910247803e-02
2.030692808330059052e-02
3.838214278221130371e-02
8.677259832620620728e-02
4.526409506797790527e-02
9.514616429805755615e-02
9.963630139827728271e-02
6.409608572721481323e-02
8.155418187379837036e-02
6.368588656187057495e-02
1.632246822118759155e-01
8.350369930267333984e-01
9.095153212547302246e-01
8.064256608486175537e-02
5.824540853500366211e-01
3.222309947013854980e-01
2.652192413806915283e-01
1.527928858995437622e-01
8.214109390974044800e-02
1.663298308849334717e-01
3.201500475406646729e-01
2.319437079131603241e-02
9.017427265644073486e-02
5.442462861537933350e-02
7.902432233095169067e-02
1.248991116881370544e-02
8.981090039014816284e-03
3.299052640795707703e-02
4.875651374459266663e-02
6.570473313331604004e-02
3.015553578734397888e-02
7.077832240611314774e-03
2.845442853868007660e-02
8.278745412826538086e-02
3.945637121796607971e-02
8.101420477032661438e-03
8.713673800230026245e-02
2.618218064308166504e-01
8.910778909921646118e-02
1.798412352800369263e-01
7.626574486494064331e-03
1.093722973018884659e-02
1.951623149216175079e-02
4.416185244917869568e-02
2.273141145706176758e-01
2.424317747354507446e-01
1.221466958522796631e-01
3.435669839382171631e-02
5.759937316179275513e-02
8.029022812843322754e-02
4.893559217453002930e-02
7.407047599554061890e-02
7.087342441082000732e-02
1.323200855404138565e-02
5.059272795915603638e-02
1.129246205091476440e-01
6.025630608201026917e-02
1.074000820517539978e-01
9.965632110834121704e-02
6.396173685789108276e-02
1.195705384016036987e-01
9.079931676387786865e-02
4.248553514480590820e-02
7.572291046380996704e-02
4.271697700023651123e-01
1.508003026247024536e-01
6.327704340219497681e-02
4.905559495091438293e-02
1.061978265643119812e-01
4.190251976251602173e-02
7.452849298715591431e-02
5.077245086431503296e-02
3.391895815730094910e-02
6.451630592346191406e-02
7.675283402204513550e-02
9.842161536216735840e-01
8.757809400558471680e-01
4.160393401980400085e-02
6.556350737810134888e-02
4.600406065583229065e-02
9.057227522134780884e-02
1.128653511404991150e-01
5.817765593528747559e-01
4.021926596760749817e-02
9.730161726474761963e-02
2.723327279090881348e-02
4.382561892271041870e-02
3.248825669288635254e-02
4.239924997091293335e-02
7.219075411558151245e-02
4.246059805154800415e-02
1.508744508028030396e-01
5.687254667282104492e-02
4.780292510986328125e-02
4.757460579276084900e-02
4.072533547878265381e-02
6.488159298896789551e-02
1.150137558579444885e-02
7.030811905860900879e-02
4.501279443502426147e-02
1.551313102245330811e-01
6.145475804805755615e-02
1.558955293148756027e-02
2.134452573955059052e-02
7.218702882528305054e-02
7.845709472894668579e-02
1.433260887861251831e-01
1.046739667654037476e-01
3.505264818668365479e-01
5.375480055809020996e-01
7.094239443540573120e-02
7.595549523830413818e-02
7.800554484128952026e-02
2.748244404792785645e-01
1.014552637934684753e-01
1.297196745872497559e-02
3.198284655809402466e-02
4.132247716188430786e-02
6.091692671179771423e-02
1.195054948329925537e-01
7.007908076047897339e-02
7.027430832386016846e-02
6.933344155550003052e-02
4.616549238562583923e-02
2.145777642726898193e-02
1.179497539997100830e-01
7.178370654582977295e-02
3.517469018697738647e-02
1.113133504986763000e-01
9.835432767868041992e-01
1.104097217321395874e-01
6.806392222642898560e-02
7.499662041664123535e-02
4.330247268080711365e-02
3.511677309870719910e-02
4.234327375888824463e-02
5.465216934680938721e-02
4.495726898312568665e-02
1.878787949681282043e-02
3.283349797129631042e-02
2.633920498192310333e-02
7.129657864570617676e-01
6.266298890113830566e-01
9.836525470018386841e-02
1.317330151796340942e-01
3.483951687812805176e-01
7.278747856616973877e-02
4.118708148598670959e-02
1.086311191320419312e-01
2.023431509733200073e-01
5.019561573863029480e-02
5.306112766265869141e-02
7.891740649938583374e-02
1.376527696847915649e-01
2.603166550397872925e-02
7.038466632366180420e-02
6.281308829784393311e-02
1.048916354775428772e-01
4.852956905961036682e-02
1.678927242755889893e-01
3.533906117081642151e-02
3.825261071324348450e-02
2.847805432975292206e-02
5.413007736206054688e-02
1.175905391573905945e-01
4.928224161267280579e-02
4.067003354430198669e-02
8.739063143730163574e-02
6.542955338954925537e-02
9.397058933973312378e-02
1.172109320759773254e-01
6.148243322968482971e-02
5.197363719344139099e-02
1.002890169620513916e-01
8.769670128822326660e-02
3.345134258270263672e-01
1.174634844064712524e-01
9.936277568340301514e-02
1.265964657068252563e-01
2.010625228285789490e-02
3.256807103753089905e-02
2.405550144612789154e-02
1.343885250389575958e-02
4.617683216929435730e-02
2.457333207130432129e-01
2.517230212688446045e-01
6.071159243583679199e-02
5.622346699237823486e-02
5.754567682743072510e-02
8.497490733861923218e-02
1.231312379240989685e-01
7.092204689979553223e-02
2.692038938403129578e-02
1.593093127012252808e-01
1.005268171429634094e-01
3.897002711892127991e-02
2.596496939659118652e-01
5.893673300743103027e-01
3.809357434511184692e-02
5.947620794177055359e-02
9.326405823230743408e-02
4.181486368179321289e-02
1.007794514298439026e-01
1.848513185977935791e-01
3.305943682789802551e-02
5.018417164683341980e-02
7.292789965867996216e-02
1.363574434071779251e-02
1.593166962265968323e-02
7.709015905857086182e-02
6.709728389978408813e-02
6.865539401769638062e-02
7.499231398105621338e-02
3.884371370077133179e-02
7.282579690217971802e-02
2.815181948244571686e-02
1.461343094706535339e-02
1.828942447900772095e-02
1.920619048178195953e-02
1.965057849884033203e-01
7.146687060594558716e-02
7.673218101263046265e-02
5.389379337430000305e-02
2.906084358692169189e-01
1.027183532714843750e-01
7.567212730646133423e-02
9.422080963850021362e-02
1.520421057939529419e-01
3.531333804130554199e-02
1.623229384422302246e-01
8.198614120483398438e-01
8.444541133940219879e-03
2.686921879649162292e-02
1.117256749421358109e-02
7.656481117010116577e-02
5.101995170116424561e-02
8.838450163602828979e-02
1.127692684531211853e-01
3.028967231512069702e-02
5.360374972224235535e-02
3.737732395529747009e-02
8.351306617259979248e-02
1.450207084417343140e-01
5.870986357331275940e-02
1.745890229940414429e-01
1.515060961246490479e-01
6.175522133708000183e-02
8.406292647123336792e-02
1.103083565831184387e-01
1.838662922382354736e-01
5.090583488345146179e-02
6.305901706218719482e-02
1.228235960006713867e-01
2.460602670907974243e-01
9.705848097801208496e-01
5.623207986354827881e-02
4.577495902776718140e-02
1.839249879121780396e-01
4.328711330890655518e-01
4.687960073351860046e-02
4.435829073190689087e-02
1.358518749475479126e-01
3.945713341236114502e-01
9.722790122032165527e-02
5.695014446973800659e-02
1.019250825047492981e-01
5.081664770841598511e-02
9.004795551300048828e-02
5.205917358398437500e-02
2.036737278103828430e-02
6.808539479970932007e-02
9.071352481842041016e-01
9.662996232509613037e-02
5.480810254812240601e-02
1.127956137061119080e-01
8.013623952865600586e-02
1.509026736021041870e-01
2.043526247143745422e-02
5.180520191788673401e-02
3.991300761699676514e-01
8.458349853754043579e-02
9.668465256690979004e-01
2.076220810413360596e-01
5.144746601581573486e-02
3.949218615889549255e-02
1.123949661850929260e-01
2.324443124234676361e-02
1.067128479480743408e-01
5.629907920956611633e-02
1.230177655816078186e-01
1.198716685175895691e-01
4.526456072926521301e-02
6.210659816861152649e-02
4.566925019025802612e-02
3.156284987926483154e-02
4.832057654857635498e-02
2.884486690163612366e-02
8.742914348840713501e-02
1.005116924643516541e-01
8.491308987140655518e-02
6.006107926368713379e-01
1.372835189104080200e-01
6.539476662874221802e-02
3.379081562161445618e-02
1.711872816085815430e-01
1.703811436891555786e-01
9.323573857545852661e-02
5.114258825778961182e-02
7.188139110803604126e-02
1.667732894420623779e-01
8.697802573442459106e-02
5.693697929382324219e-02
1.047625467181205750e-01
4.241947457194328308e-02
3.715099999681115150e-03
4.307763651013374329e-02
7.000222802162170410e-01
6.829198449850082397e-02
1.234108023345470428e-02
8.015715330839157104e-02
1.293492764234542847e-01
7.926186919212341309e-02
1.231314688920974731e-01
1.068555638194084167e-01
1.173619925975799561e-01
9.530759602785110474e-02
6.326490640640258789e-02
1.833249479532241821e-01
9.159537404775619507e-02
4.350855201482772827e-02
7.661588490009307861e-02
9.529799968004226685e-02
8.989257365465164185e-02
5.523615702986717224e-02
1.300867944955825806e-01
2.004504650831222534e-01
7.733760774135589600e-02
1.711356826126575470e-02
7.626315951347351074e-02
1.008171439170837402e-01
1.048798263072967529e-01
1.750703603029251099e-01
1.159443333745002747e-01
1.121753007173538208e-01
4.381097480654716492e-02
3.303205370903015137e-01
5.203916430473327637e-01
1.026943251490592957e-01
5.435937270522117615e-02
8.493953943252563477e-02
5.764272809028625488e-02
1.665642559528350830e-01
1.248743906617164612e-01
7.214654684066772461e-01
9.359283745288848877e-02
2.193439155817031860e-01
1.518307775259017944e-01
2.285683453083038330e-01
1.018743142485618591e-01
1.203637663275003433e-02
7.925165817141532898e-03
1.030921004712581635e-02
4.775105789303779602e-02
1.022843196988105774e-01
3.226919099688529968e-02
8.956918865442276001e-02
7.093882560729980469e-02
1.954139471054077148e-01
5.992650985717773438e-01
1.267244517803192139e-01
5.203630402684211731e-02
7.585214823484420776e-02
3.826636821031570435e-02
7.198344171047210693e-02
2.059973590075969696e-02
5.895412713289260864e-02
8.842083811759948730e-02
1.956644207239151001e-01
2.833236008882522583e-02
8.733193576335906982e-02
4.374436661601066589e-02
1.670242100954055786e-01
4.432688653469085693e-01
1.704867035150527954e-01
8.445443958044052124e-02
9.951731562614440918e-02
8.196243643760681152e-02
5.007750913500785828e-02
9.127695858478546143e-02
1.501848548650741577e-02
3.942045941948890686e-02
6.253669410943984985e-02
5.783715844154357910e-02
4.024529829621315002e-02
6.497820466756820679e-02
4.094362631440162659e-02
6.703300774097442627e-02
9.526279568672180176e-02
5.396488308906555176e-02
8.121108263731002808e-02
6.372442841529846191e-02
2.219398915767669678e-01
2.220812886953353882e-01
7.952868193387985229e-02
2.777678892016410828e-02
3.757153823971748352e-02
5.756669119000434875e-02
4.516854882240295410e-02
5.903972778469324112e-03
2.395573630928993225e-02
4.202775284647941589e-02
8.542102575302124023e-02
4.538774117827415466e-02
9.130933880805969238e-02
3.962185233831405640e-02
6.849491596221923828e-02
1.526156067848205566e-01
8.565706759691238403e-02
8.594207465648651123e-02
1.652035415172576904e-01
5.505554005503654480e-02
1.373902559280395508e-01
6.219040602445602417e-02
1.041872203350067139e-01
2.654941193759441376e-02
6.596513092517852783e-02
3.381821140646934509e-02
1.286986321210861206e-01
8.637898415327072144e-02
4.429371282458305359e-02
3.760245442390441895e-02
3.169335126876831055e-01
8.245965838432312012e-02
1.131422370672225952e-01
1.138354837894439697e-01
2.578578591346740723e-01
2.897403575479984283e-02
1.183669120073318481e-01
3.411883115768432617e-02
7.098921574652194977e-03
2.063065394759178162e-02
3.650730475783348083e-02
7.981545478105545044e-02
8.803514391183853149e-02
1.024741157889366150e-01
1.314048320055007935e-01
4.263538494706153870e-02
3.377677500247955322e-02
7.629144191741943359e-02
9.133915603160858154e-02
2.098319232463836670e-01
3.795009478926658630e-02
4.774279519915580750e-02
2.691505849361419678e-02
1.662423908710479736e-01
7.453911006450653076e-02
8.815588802099227905e-02
9.251844882965087891e-02
3.075211867690086365e-02
2.599416673183441162e-02
3.035821616649627686e-01
5.329964309930801392e-02
4.173509404063224792e-02
8.833741396665573120e-02
4.037038981914520264e-01
7.061102241277694702e-02
7.842483371496200562e-02
6.045872345566749573e-02
4.679503291845321655e-02
1.007310226559638977e-01
7.929624915122985840e-01
6.258710026741027832e-01
2.792831063270568848e-01
3.404451012611389160e-01
6.334875524044036865e-02
4.861543327569961548e-02
7.399207353591918945e-02
7.027276605367660522e-02
4.688141867518424988e-02
1.111005172133445740e-01
5.803824961185455322e-02
3.380535542964935303e-01
2.450378537178039551e-01
1.316181868314743042e-01
2.292940393090248108e-02
4.171343520283699036e-02
6.879417598247528076e-02
7.211656123399734497e-02
6.488857269287109375e-01
4.683575630187988281e-01
1.053423434495925903e-01
2.915857732295989990e-01
3.012917041778564453e-01
7.411535084247589111e-02
7.178564369678497314e-02
1.044847592711448669e-01
7.119292020797729492e-02
2.893702313303947449e-02
2.528165839612483978e-02
2.577166073024272919e-02
9.243454039096832275e-02
1.152386516332626343e-01
1.532173603773117065e-01
5.376576632261276245e-02
7.405866682529449463e-02
6.745489686727523804e-02
4.935297742486000061e-02
8.188762515783309937e-02
1.180836111307144165e-01
5.810944736003875732e-02
3.120885975658893585e-02
1.745255477726459503e-02
5.418661981821060181e-02
7.143972814083099365e-02
2.437252737581729889e-02
2.689188718795776367e-02
2.902540564537048340e-02
8.611043542623519897e-02
9.720141440629959106e-02
1.782053112983703613e-01
5.001598596572875977e-01
9.383089840412139893e-02
1.341444551944732666e-01
9.592388570308685303e-02
2.210043519735336304e-01
1.554221957921981812e-01
4.902185872197151184e-02
2.034770399332046509e-01
3.298161551356315613e-02
5.031725764274597168e-01
3.653814196586608887e-01
8.515352755784988403e-02
4.844936728477478027e-02
4.184149205684661865e-02
8.841468393802642822e-02
9.579644352197647095e-02
7.042543590068817139e-02
1.051078960299491882e-01
6.437940895557403564e-02
8.615177869796752930e-02
1.613347232341766357e-01
7.720940746366977692e-03
9.687310084700584412e-03
6.480718404054641724e-02
1.565392017364501953e-01
2.842643260955810547e-01
5.535894259810447693e-02
1.849518269300460815e-01
8.739319443702697754e-02
2.399398386478424072e-02
5.493742227554321289e-02
5.990725010633468628e-02
3.186714276671409607e-02
7.708490639925003052e-02
1.487093120813369751e-01
3.201186656951904297e-01
5.457546561956405640e-02
6.008232757449150085e-02
3.549232482910156250e-01
6.030009686946868896e-02
3.279589489102363586e-02
8.615496754646301270e-02
7.163054496049880981e-02
2.169821560382843018e-01
8.495655655860900879e-02
1.115000471472740173e-01
5.941802263259887695e-02
9.953282028436660767e-02
9.860418438911437988e-01
3.817169368267059326e-02
2.679108083248138428e-02
7.639230787754058838e-02
6.529857963323593140e-02
5.056099593639373779e-02
6.866064667701721191e-01
1.162459105253219604e-01
7.704308629035949707e-02
2.065703645348548889e-02
1.795674674212932587e-02
4.760429263114929199e-02
1.057992801070213318e-01
8.977858722209930420e-02
1.650341600179672241e-02
1.465748250484466553e-02
4.769150633364915848e-03
2.249571681022644043e-01
9.923404455184936523e-02
9.792662411928176880e-02
3.480447828769683838e-02
2.085585594177246094e-01
1.927233636379241943e-01
8.237538486719131470e-02
2.948962710797786713e-02
3.364984691143035889e-02
1.192205548286437988e-01
6.053296476602554321e-02
1.171042695641517639e-01
1.628545820713043213e-01
6.784509867429733276e-02
1.706754975020885468e-02
9.441858157515525818e-03
2.350439131259918213e-02
3.869753330945968628e-02
4.364328831434249878e-02
5.849997326731681824e-02
1.047929227352142334e-01
1.264588907361030579e-02
3.464195504784584045e-02
5.575544759631156921e-02
1.010071486234664917e-01
1.448572054505348206e-02
1.247797161340713501e-02
2.344547770917415619e-02
2.530629336833953857e-01
7.105880379676818848e-01
6.363345384597778320e-01
5.561747029423713684e-02
1.095857620239257812e-01
6.580768525600433350e-02
8.008932322263717651e-02
7.818396389484405518e-02
5.648213252425193787e-02
1.088482514023780823e-01
1.653309166431427002e-02
2.724683098495006561e-02
7.341822609305381775e-03
6.029064580798149109e-02
1.034772172570228577e-01
5.991993099451065063e-02
1.829758845269680023e-02
7.712092250585556030e-02
1.326157711446285248e-02
2.395020052790641785e-02
3.720447421073913574e-02
8.383885771036148071e-02
1.792195886373519897e-01
3.276778757572174072e-02
5.773316696286201477e-02
3.915743902325630188e-02
5.666254460811614990e-02
1.286375373601913452e-01
5.221704021096229553e-02
2.840808406472206116e-02
5.955036729574203491e-02
4.605447128415107727e-02
7.563826441764831543e-02
6.220675632357597351e-02
8.307117223739624023e-02
5.893344804644584656e-02
7.376646995544433594e-01
2.129971385002136230e-01
1.660825684666633606e-02
5.464728176593780518e-02
3.781748935580253601e-02
2.564533986151218414e-02
1.530699878931045532e-01
2.998711541295051575e-02
9.924828410148620605e-01
9.394568800926208496e-01
5.144269466400146484e-01
9.413708746433258057e-02
7.522825151681900024e-02
6.233751773834228516e-02
4.957045614719390869e-01
9.844451546669006348e-01
2.320918738842010498e-01
2.115366794168949127e-02
8.660305291414260864e-03
7.227543741464614868e-03
6.354794651269912720e-02
2.063888460397720337e-01
1.827493906021118164e-01
1.398556083440780640e-01
7.967866212129592896e-02
6.256579756736755371e-01
5.239591002464294434e-01
1.710235476493835449e-01
4.502983018755912781e-02
4.076925665140151978e-02
8.375648409128189087e-02
1.529320627450942993e-01
3.267023563385009766e-01
6.781762000173330307e-03
9.085643105208873749e-03
9.060819633305072784e-03
2.343659847974777222e-01
1.044923961162567139e-01
7.202182412147521973e-01
4.815534949302673340e-01
6.066850572824478149e-02
7.500819116830825806e-02
5.787025764584541321e-02
8.379910886287689209e-02
1.909635365009307861e-01
3.726555779576301575e-02
4.776026308536529541e-02
1.128289178013801575e-01
9.729101061820983887e-01
9.085453152656555176e-01
8.967685699462890625e-02
5.519483685493469238e-01
1.268637031316757202e-01
7.759781181812286377e-02
9.888719022274017334e-02
4.877072200179100037e-02
9.278696775436401367e-02
4.978667572140693665e-02
8.265266567468643188e-02
4.113142564892768860e-02
6.359162181615829468e-02
6.377633661031723022e-02
7.676872611045837402e-02
2.856648564338684082e-01
2.481290325522422791e-02
2.736727893352508545e-01
3.844698891043663025e-02
1.942208260297775269e-01
1.043686717748641968e-01
1.465335935354232788e-01
5.356929451227188110e-02
1.166867315769195557e-01
2.166658341884613037e-01
1.818006038665771484e-01
1.154453456401824951e-01
4.774331673979759216e-02
6.196681782603263855e-02
4.699988961219787598e-01
1.161990687251091003e-01
3.607624769210815430e-02
1.802232302725315094e-02
8.425216376781463623e-02
5.194341391324996948e-02
4.245117306709289551e-02
1.200899705290794373e-01
2.410526014864444733e-02
1.373070031404495239e-01
8.999754488468170166e-02
1.859104633331298828e-01
2.539546415209770203e-02
1.053720489144325256e-01
3.888465464115142822e-02
3.693920746445655823e-02
2.556784451007843018e-01
5.676357746124267578e-01
1.171952113509178162e-01
4.121731594204902649e-02
1.155284941196441650e-01
7.051058113574981689e-02
7.100938260555267334e-02
7.789729535579681396e-02
3.222969546914100647e-02
1.005011349916458130e-01
6.293308734893798828e-02
7.292126864194869995e-02
1.112355068325996399e-01
3.917590528726577759e-02
1.373534351587295532e-01
7.451773434877395630e-02
5.043541640043258667e-02
8.371905982494354248e-02
7.236757874488830566e-02
4.212723299860954285e-02
4.319711774587631226e-02
8.171209692955017090e-02
1.816945970058441162e-01
1.998477131128311157e-01
1.801794618368148804e-01
8.874282985925674438e-02
8.011300861835479736e-02
7.544467598199844360e-02
4.388810694217681885e-01
9.865745902061462402e-03
9.154783561825752258e-03
4.988810792565345764e-02
3.860754966735839844e-01
5.407144874334335327e-02
5.848895758390426636e-02
4.449140653014183044e-02
7.152283936738967896e-02
4.336550086736679077e-02
3.769856318831443787e-02
1.928822398185729980e-01
9.260036051273345947e-02
4.551649093627929688e-02
6.118793785572052002e-02
5.277990922331809998e-02
3.069583773612976074e-01
2.072086781263351440e-01
9.847541898488998413e-02
9.813217073678970337e-02
9.990948438644409180e-01
1.107082664966583252e-01
8.728200942277908325e-02
5.239471793174743652e-02
3.514170646667480469e-03
2.433303594589233398e-01
1.438425630331039429e-01
5.286636948585510254e-02
3.096598573029041290e-02
5.039450898766517639e-02
5.222564190626144409e-02
6.823591887950897217e-02
5.916292592883110046e-02
6.585316359996795654e-02
8.048307895660400391e-02
1.553651094436645508e-01
1.403329968452453613e-01
6.983284652233123779e-02
7.864939421415328979e-02
4.642985463142395020e-01
1.157269030809402466e-01
4.021432250738143921e-02
2.195449024438858032e-01
1.606161892414093018e-01
4.820696264505386353e-02
8.763276785612106323e-02
5.141149088740348816e-02
6.503266096115112305e-02
2.494073472917079926e-02
4.812159761786460876e-02
1.493078619241714478e-01
6.471408903598785400e-02
4.415516927838325500e-02
6.263673305511474609e-02
4.882399737834930420e-02
3.742490708827972412e-02
4.046145826578140259e-02
5.034739896655082703e-02
6.227201223373413086e-02
1.204892471432685852e-01
4.831725358963012695e-02
1.093355789780616760e-01
4.849893227219581604e-02
6.061249971389770508e-02
1.658895760774612427e-01
4.478131979703903198e-02
9.903001040220260620e-02
4.041412845253944397e-02
6.391072273254394531e-02
6.537784636020660400e-02
4.269578028470277786e-03
3.023550473153591156e-02
2.554272674024105072e-02
1.098296791315078735e-01
6.274200975894927979e-02
3.798330947756767273e-02
2.034670859575271606e-01
2.619013562798500061e-02
7.492510601878166199e-03
9.308287501335144043e-02
1.045239269733428955e-01
3.003859519958496094e-02
2.862429618835449219e-01
1.404951661825180054e-01
9.807697683572769165e-02
5.774961784482002258e-02
1.933955959975719452e-02
5.894354730844497681e-02
1.424922943115234375e-01
1.079580783843994141e-01
3.735668957233428955e-02
5.040274932980537415e-02
3.328126668930053711e-02
6.705760210752487183e-02
8.775875717401504517e-02
9.484212845563888550e-02
8.441720902919769287e-02
9.388518333435058594e-02
1.244470328092575073e-01
1.013619303703308105e-01
2.965420782566070557e-01
3.042629361152648926e-02
4.968867450952529907e-02
6.167478859424591064e-02
4.759282246232032776e-02
3.188313245773315430e-01
4.052329063415527344e-01
9.235813468694686890e-02
7.185415923595428467e-02
9.864000231027603149e-02
6.272862851619720459e-02
2.845409214496612549e-01
3.251446485519409180e-01
7.529175281524658203e-02
5.533005297183990479e-02
1.115964055061340332e-01
1.406064182519912720e-01
8.177775889635086060e-02
1.181670352816581726e-01
8.191207796335220337e-02
4.442146420478820801e-02
5.874744057655334473e-02
2.157163918018341064e-01
4.561473801732063293e-02
8.123092353343963623e-02
6.520304828882217407e-02
7.476627826690673828e-02
3.054065704345703125e-01
5.787311792373657227e-01
5.245715752243995667e-02
4.700680822134017944e-02
5.162712186574935913e-02
1.494043171405792236e-01
1.356685012578964233e-01
2.595280408859252930e-01
4.831935465335845947e-01
7.878282070159912109e-01
4.060157015919685364e-02
