6.298137456178665161e-02
2.005889266729354858e-01
9.997926354408264160e-01
9.999969005584716797e-01
6.037632226943969727e-01
2.067576497793197632e-01
8.357861638069152832e-02
1.106933876872062683e-01
1.076569259166717529e-01
7.276339083909988403e-02
4.917722195386886597e-02
9.753749519586563110e-02
5.957088619470596313e-02
5.659913644194602966e-02
3.978351950645446777e-01
1.080922856926918030e-01
9.804717898368835449e-01
7.172042876482009888e-02
1.674727909266948700e-02
4.104731231927871704e-02
5.003718733787536621e-01
5.687309801578521729e-02
8.517115712165832520e-01
4.494201242923736572e-01
5.898835062980651855e-01
2.740114629268646240e-01
1.517663747072219849e-01
1.473383158445358276e-01
9.824331849813461304e-02
4.445803165435791016e-02
9.603711962699890137e-01
1.630521267652511597e-01
8.741129934787750244e-02
7.287225127220153809e-02
3.494645059108734131e-01
8.048205822706222534e-02
2.549007534980773926e-01
1.431215703487396240e-01
5.991783365607261658e-02
6.185542419552803040e-02
4.194271937012672424e-02
2.795484103262424469e-02
4.303894937038421631e-02
4.298359900712966919e-02
1.548280194401741028e-02
2.735164761543273926e-01
3.082394897937774658e-01
1.984818279743194580e-02
1.218709815293550491e-02
1.837849617004394531e-02
2.474050037562847137e-02
3.293299674987792969e-02
1.440987922251224518e-02
4.989549517631530762e-02
4.444984719157218933e-02
6.438893824815750122e-02
7.952690124511718750e-02
9.604885429143905640e-02
8.207195252180099487e-02
8.743511438369750977e-01
1.604969650506973267e-01
3.164173290133476257e-02
1.274331063032150269e-01
5.219306424260139465e-02
4.159099236130714417e-02
1.662782728672027588e-01
1.271876096725463867e-01
7.109709829092025757e-02
1.876607537269592285e-02
8.312966674566268921e-02
3.953651711344718933e-02
5.367978662252426147e-02
1.649227291345596313e-01
4.418885335326194763e-02
7.440152019262313843e-02
3.621134161949157715e-02
2.083941847085952759e-01
9.317144751548767090e-03
3.446656093001365662e-02
2.158389240503311157e-02
9.418787807226181030e-02
4.702299460768699646e-02
5.773862823843955994e-02
1.107112020254135132e-01
4.120635986328125000e-02
1.571081876754760742e-01
1.127465218305587769e-01
5.606033653020858765e-02
8.268907666206359863e-02
9.120723605155944824e-02
8.405290246009826660e-01
5.753786563873291016e-01
1.273884475231170654e-01
4.589932039380073547e-02
5.813316255807876587e-02
4.668704792857170105e-02
5.054474622011184692e-02
1.231763977557420731e-02
1.094400975853204727e-02
5.388578027486801147e-02
3.925159201025962830e-02
7.395660877227783203e-02
1.492889225482940674e-02
8.502579294145107269e-03
7.640929426997900009e-03
1.074190065264701843e-01
2.133774459362030029e-01
1.091509126126766205e-02
3.815095126628875732e-02
8.173014968633651733e-02
8.200609683990478516e-02
7.324812561273574829e-02
2.988233044743537903e-02
6.672449409961700439e-02
5.880158022046089172e-02
2.653552889823913574e-01
2.198785729706287384e-02
1.679953336715698242e-01
9.418392181396484375e-01
2.240646630525588989e-01
1.030661836266517639e-01
2.162343114614486694e-01
4.433695673942565918e-01
2.002158761024475098e-01
3.278922662138938904e-02
5.360854044556617737e-02
3.260803222656250000e-02
6.125662848353385925e-02
1.145820599049329758e-02
4.999328777194023132e-02
9.815387725830078125e-01
9.997550845146179199e-01
9.288609959185123444e-03
4.151581227779388428e-02
4.051646962761878967e-02
2.571033313870429993e-02
5.464781448245048523e-02
6.375940442085266113e-01
5.681301355361938477e-01
9.670836851000785828e-03
1.693061925470829010e-02
4.075495302677154541e-01
2.652598917484283447e-01
9.062332659959793091e-02
7.300067692995071411e-02
4.709442332386970520e-02
2.356185205280780792e-02
6.708449684083461761e-03
1.977710574865341187e-01
1.324673742055892944e-01
7.855167984962463379e-02
2.973082102835178375e-02
5.462293326854705811e-02
8.740295767784118652e-01
1.589098125696182251e-01
9.162842482328414917e-02
1.201564446091651917e-01
4.384389892220497131e-02
5.977835878729820251e-02
2.005185745656490326e-02
4.534146562218666077e-02
7.004327327013015747e-02
3.501929715275764465e-02
4.225587472319602966e-02
2.120315097272396088e-02
3.083653002977371216e-02
5.615387484431266785e-02
7.847386412322521210e-03
7.178938016295433044e-03
4.478704184293746948e-02
3.873080760240554810e-02
6.326439976692199707e-02
4.669620394706726074e-01
8.361477255821228027e-01
1.108398661017417908e-02
1.206989958882331848e-02
2.034135162830352783e-01
5.225681886076927185e-02
1.152651160955429077e-01
6.620448827743530273e-02
3.552628308534622192e-02
9.940477460622787476e-02
7.186955213546752930e-02
1.699313893914222717e-02
3.109839744865894318e-02
2.766734547913074493e-02
6.717707961797714233e-02
2.832695245742797852e-01
1.127673871815204620e-02
2.238366380333900452e-02
7.207810878753662109e-02
1.887035518884658813e-01
7.384616136550903320e-02
5.003966763615608215e-02
3.164386749267578125e-02
9.306849539279937744e-02
1.231069788336753845e-01
2.251030653715133667e-01
1.201974228024482727e-01
1.242664083838462830e-01
5.125664174556732178e-03
1.147024054080247879e-02
2.604491263628005981e-02
1.956779323518276215e-02
6.322561763226985931e-03
4.718051292002201080e-03
3.935309499502182007e-02
4.959875345230102539e-02
3.809086605906486511e-02
9.612880647182464600e-02
7.888022810220718384e-02
1.688895747065544128e-02
3.902602791786193848e-01
5.059213191270828247e-02
2.393662184476852417e-02
1.183083467185497284e-02
2.219901382923126221e-01
9.786123782396316528e-02
2.834328450262546539e-02
1.395096927881240845e-01
8.946128934621810913e-02
5.970470234751701355e-02
5.480239540338516235e-02
1.054366119205951691e-02
2.955971285700798035e-03
6.807126849889755249e-02
4.755292832851409912e-02
5.209516733884811401e-02
8.066832274198532104e-02
2.673600427806377411e-02
5.806611478328704834e-02
2.785316295921802521e-02
1.750817149877548218e-02
2.073838189244270325e-02
2.222139090299606323e-01
4.269570410251617432e-01
1.429095212370157242e-02
2.239608615636825562e-01
1.679534465074539185e-02
4.817057028412818909e-02
1.136137545108795166e-01
9.002274870872497559e-01
9.753078222274780273e-01
2.267589420080184937e-01
3.941154181957244873e-01
6.417707353830337524e-02
1.424687653779983521e-01
1.884759590029716492e-02
4.582142829895019531e-02
1.468216478824615479e-01
9.120131731033325195e-01
9.266407489776611328e-01
1.580149680376052856e-01
2.437918931245803833e-01
1.363227665424346924e-01
1.174446344375610352e-01
9.769374877214431763e-02
1.110677868127822876e-01
3.598421439528465271e-02
3.183074593544006348e-01
1.492499113082885742e-01
5.797439441084861755e-02
1.833565533161163330e-01
2.665129490196704865e-02
9.933003038167953491e-02
8.163239806890487671e-02
1.073057129979133606e-01
1.634750328958034515e-02
6.064341962337493896e-02
1.825386285781860352e-02
7.709528207778930664e-01
7.165147662162780762e-01
1.365359872579574585e-01
6.575209647417068481e-02
1.517223864793777466e-01
3.077142685651779175e-02
1.430670768022537231e-01
3.441475629806518555e-01
6.655444949865341187e-02
2.369372546672821045e-01
1.421542614698410034e-01
1.051758825778961182e-01
2.174134701490402222e-01
1.450460106134414673e-01
2.188975363969802856e-01
5.513820424675941467e-02
4.256341606378555298e-02
8.614698797464370728e-02
8.792076259851455688e-02
5.123065784573554993e-02
9.137728214263916016e-01
8.875988721847534180e-01
9.962649941444396973e-01
2.335652261972427368e-01
7.715676724910736084e-02
7.122565805912017822e-02
5.486452579498291016e-01
5.155825987458229065e-02
6.650906801223754883e-02
1.941425800323486328e-01
2.611452937126159668e-01
9.314841777086257935e-02
2.134120762348175049e-01
5.231943726539611816e-02
1.684607714414596558e-01
8.370790630578994751e-02
1.690680682659149170e-01
3.697615265846252441e-01
2.505276799201965332e-01
1.744562238454818726e-01
3.305617719888687134e-02
7.353091239929199219e-02
2.261808067560195923e-01
8.894023299217224121e-01
8.631663322448730469e-01
8.748765289783477783e-02
1.320744156837463379e-01
2.582813426852226257e-02
4.048482701182365417e-02
1.404096782207489014e-01
1.145959123969078064e-01
2.767606452107429504e-02
1.801992580294609070e-02
8.373762667179107666e-02
5.342012271285057068e-02
2.322153374552726746e-02
2.931292168796062469e-02
1.265176832675933838e-01
6.285429000854492188e-01
1.881550252437591553e-01
3.217570483684539795e-01
1.825215518474578857e-01
7.002181410789489746e-01
8.365475535392761230e-01
2.112234234809875488e-01
1.731383055448532104e-01
4.455723166465759277e-01
7.835419774055480957e-01
1.786882877349853516e-01
8.570849895477294922e-01
1.538634747266769409e-01
9.962545633316040039e-01
9.272636175155639648e-01
6.403401494026184082e-02
2.536902427673339844e-01
2.445088028907775879e-01
2.229192703962326050e-01
7.253145426511764526e-02
4.848890751600265503e-02
2.225649952888488770e-01
6.127024888992309570e-01
6.591452360153198242e-01
3.804867565631866455e-01
5.620648860931396484e-01
5.291135311126708984e-01
2.751412615180015564e-02
3.856734186410903931e-02
7.111289352178573608e-02
9.382982552051544189e-02
4.763799533247947693e-02
6.708533316850662231e-02
1.021274477243423462e-01
1.056809946894645691e-01
2.862022221088409424e-01
2.771196961402893066e-01
8.584949374198913574e-02
1.264541447162628174e-01
3.751354292035102844e-02
3.030818700790405273e-02
3.000917099416255951e-02
1.336648613214492798e-01
1.228124350309371948e-01
1.980893611907958984e-01
1.914954483509063721e-01
8.023388385772705078e-01
7.908092737197875977e-01
1.333884149789810181e-01
2.437839657068252563e-01
7.452173531055450439e-02
4.139873757958412170e-02
2.117130905389785767e-02
6.551539991050958633e-03
2.936078049242496490e-02
5.527674034237861633e-02
3.710102289915084839e-02
2.951726317405700684e-02
4.989700019359588623e-02
4.099982604384422302e-02
3.820953145623207092e-02
2.181371748447418213e-01
3.814215213060379028e-02
3.178264945745468140e-02
6.103438511490821838e-02
1.403732597827911377e-01
3.655472770333290100e-02
2.720136381685733795e-02
1.177676692605018616e-01
1.077143475413322449e-01
5.369222536683082581e-02
3.090965747833251953e-02
1.973980963230133057e-01
4.150467216968536377e-01
1.079378798604011536e-01
4.391291141510009766e-01
1.815952062606811523e-01
7.186786830425262451e-02
1.991131156682968140e-01
1.316829957067966461e-02
4.639951139688491821e-02
4.020676016807556152e-02
2.398182451725006104e-01
9.498888254165649414e-02
4.203471913933753967e-02
7.845064997673034668e-02
2.219490520656108856e-02
1.410854756832122803e-01
4.718651622533798218e-02
2.102603577077388763e-02
6.303644925355911255e-02
7.206964492797851562e-01
4.611215889453887939e-01
3.885176777839660645e-01
1.609799712896347046e-01
9.793336689472198486e-02
9.994870424270629883e-01
5.023380741477012634e-02
5.112941190600395203e-02
1.217621378600597382e-02
6.973023712635040283e-02
1.864941045641899109e-02
1.587815731763839722e-01
5.004137754440307617e-02
2.203329503536224365e-01
2.654118835926055908e-01
4.148904979228973389e-02
6.787649542093276978e-02
6.197749078273773193e-02
7.489894330501556396e-02
6.309687346220016479e-02
1.586262136697769165e-01
7.460109144449234009e-02
1.429620534181594849e-01
2.733648717403411865e-01
4.586743190884590149e-03
1.687488518655300140e-02
1.113845556974411011e-01
6.266133487224578857e-02
5.426960587501525879e-01
3.256295248866081238e-02
4.449981078505516052e-02
1.506318747997283936e-01
6.724738329648971558e-02
7.972160726785659790e-02
6.445275992155075073e-02
6.535050868988037109e-01
1.455359160900115967e-01
5.610666051506996155e-02
5.426153168082237244e-02
2.399428933858871460e-01
3.130016922950744629e-01
1.007585823535919189e-01
5.685328692197799683e-02
4.448390752077102661e-02
1.632431745529174805e-01
3.326368033885955811e-01
9.269659966230392456e-02
7.652668654918670654e-02
5.416528880596160889e-02
6.776853650808334351e-02
4.527604952454566956e-02
5.392030477523803711e-01
1.984455734491348267e-01
2.168740332126617432e-01
2.981059551239013672e-01
3.860927745699882507e-02
2.937927283346652985e-02
5.586112383753061295e-03
8.589047193527221680e-02
5.720549449324607849e-02
1.273295283317565918e-01
1.731451451778411865e-01
6.791242212057113647e-02
1.305737048387527466e-01
1.490888595581054688e-01
9.999889135360717773e-01
9.999892711639404297e-01
3.206643462181091309e-01
1.919640153646469116e-01
3.253737837076187134e-02
9.172055721282958984e-01
9.600434303283691406e-01
1.041991412639617920e-01
1.125906854867935181e-01
1.682971864938735962e-01
2.065100371837615967e-01
5.843845382332801819e-02
8.534033596515655518e-02
4.698954056948423386e-03
8.226794749498367310e-02
4.376133531332015991e-02
1.367650628089904785e-01
3.603695333003997803e-02
3.878438612446188927e-03
7.803174853324890137e-01
9.144931435585021973e-01
8.052805066108703613e-02
4.236408323049545288e-02
2.587771229445934296e-02
4.286816418170928955e-01
5.646122246980667114e-02
7.209961861371994019e-02
1.130924373865127563e-01
1.623277962207794189e-01
7.066204398870468140e-02
2.316343188285827637e-01
7.237086445093154907e-02
3.292548656463623047e-02
3.711501136422157288e-02
7.263323664665222168e-02
3.737004473805427551e-02
9.020770341157913208e-02
4.986654594540596008e-02
1.426580455154180527e-02
1.726559847593307495e-01
1.204800680279731750e-01
5.004042387008666992e-02
8.353767916560173035e-03
2.191555202007293701e-01
5.604409053921699524e-02
3.219976276159286499e-02
6.290207803249359131e-02
9.193430840969085693e-02
4.680304229259490967e-02
1.742933541536331177e-01
1.635519415140151978e-01
1.940129250288009644e-01
9.214340895414352417e-02
5.871230363845825195e-02
1.216952726244926453e-01
1.983044892549514771e-01
4.224041104316711426e-02
4.103863239288330078e-02
1.555554419755935669e-01
1.716954410076141357e-01
4.205924645066261292e-02
2.397118210792541504e-01
3.119803220033645630e-02
7.893530651926994324e-03
2.368055097758769989e-02
5.757200717926025391e-02
3.650578111410140991e-02
1.002657562494277954e-01
9.823092818260192871e-01
1.955818533897399902e-01
3.057714402675628662e-01
8.476769924163818359e-02
9.561111032962799072e-02
7.334049791097640991e-02
1.532982438802719116e-01
9.152534604072570801e-02
9.808019995689392090e-01
5.803567171096801758e-01
5.317031964659690857e-02
1.675825864076614380e-01
1.350745707750320435e-01
5.462907999753952026e-02
3.003304079174995422e-02
6.028610467910766602e-02
8.462172001600265503e-02
8.488715291023254395e-01
1.769478172063827515e-01
1.065364032983779907e-01
2.440692037343978882e-01
1.684316992759704590e-02
7.870200276374816895e-01
3.964662924408912659e-02
8.878545463085174561e-02
3.469867110252380371e-01
2.669574022293090820e-01
8.253853917121887207e-01
8.677131682634353638e-02
1.794438958168029785e-01
1.645710319280624390e-01
3.916282579302787781e-02
3.374510258436203003e-02
7.975773513317108154e-02
2.802440430968999863e-03
8.319837041199207306e-03
4.795613139867782593e-02
5.973329767584800720e-02
9.394404292106628418e-02
9.010583162307739258e-02
8.275587558746337891e-01
6.944255232810974121e-01
2.165024727582931519e-01
1.374847590923309326e-01
5.732515826821327209e-02
7.999622821807861328e-02
9.330728650093078613e-01
9.996340274810791016e-01
1.684951782226562500e-01
5.999651551246643066e-01
4.164667800068855286e-02
3.141297772526741028e-02
1.485145557671785355e-02
2.615313418209552765e-02
9.659750759601593018e-02
4.756504669785499573e-02
8.183397352695465088e-02
5.803683027625083923e-02
9.581432491540908813e-02
4.701521098613739014e-01
9.897384047508239746e-01
1.305921077728271484e-01
2.042574435472488403e-01
1.110611334443092346e-01
1.599103510379791260e-01
9.857867956161499023e-01
5.024036392569541931e-02
3.123305924236774445e-02
1.089079752564430237e-01
6.771586835384368896e-02
6.158899143338203430e-02
1.371721327304840088e-01
9.002433717250823975e-02
1.036688014864921570e-01
7.842205464839935303e-02
2.737138271331787109e-01
1.046552881598472595e-01
1.159320846199989319e-01
7.294920831918716431e-02
4.072614759206771851e-02
7.047186791896820068e-02
4.833479970693588257e-02
4.937949776649475098e-02
1.603872627019882202e-01
7.054886966943740845e-02
1.550962589681148529e-02
2.584975585341453552e-02
1.312672793865203857e-01
6.001399364322423935e-03
4.677904304116964340e-03
3.037095628678798676e-02
3.389220535755157471e-01
7.296745777130126953e-01
6.634368300437927246e-01
5.326124429702758789e-01
9.671146273612976074e-01
3.811121582984924316e-01
1.516237407922744751e-01
3.875414282083511353e-02
9.674364328384399414e-02
6.755451858043670654e-02
3.643385693430900574e-02
6.191076710820198059e-02
5.542267858982086182e-02
1.382218599319458008e-01
2.533089518547058105e-01
1.979853808879852295e-01
4.142256081104278564e-02
5.638682097196578979e-02
1.775531917810440063e-01
9.974825382232666016e-02
1.639567613601684570e-01
2.747691981494426727e-02
7.579980045557022095e-02
4.762753471732139587e-02
5.401816964149475098e-02
2.125765383243560791e-02
2.736401744186878204e-02
7.753003388643264771e-02
7.145995646715164185e-02
7.041724026203155518e-02
7.006957381963729858e-02
2.642002515494823456e-02
7.078596204519271851e-02
2.379070967435836792e-01
6.305094063282012939e-02
4.684749245643615723e-02
8.651301264762878418e-01
9.801583886146545410e-01
3.076024726033210754e-02
7.026139646768569946e-02
2.097310498356819153e-02
3.292726352810859680e-02
3.624346852302551270e-02
8.847570419311523438e-01
7.701767981052398682e-02
6.621864438056945801e-02
5.796141922473907471e-02
1.539378166198730469e-01
2.283684313297271729e-01
8.626667857170104980e-01
2.910558879375457764e-01
3.674452379345893860e-02
3.755380958318710327e-02
1.269677281379699707e-01
9.104034304618835449e-02
2.596013061702251434e-02
3.726053982973098755e-02
1.040775477886199951e-01
7.206536829471588135e-02
9.596652537584304810e-02
6.194273233413696289e-01
3.241693973541259766e-01
1.107401996850967407e-01
1.479810923337936401e-01
1.287555098533630371e-01
1.943318098783493042e-01
1.417583376169204712e-01
9.102197289466857910e-01
8.045989871025085449e-01
1.332437545061111450e-01
5.298618972301483154e-02
6.053135916590690613e-02
6.498943269252777100e-02
6.275265663862228394e-02
7.348284125328063965e-02
7.636737823486328125e-02
1.456196755170822144e-01
3.941772133111953735e-02
1.298242360353469849e-01
8.594729006290435791e-02
7.311177253723144531e-02
1.810202598571777344e-01
3.055836260318756104e-02
3.037697374820709229e-01
1.056704148650169373e-01
1.418423205614089966e-01
3.931092321872711182e-01
8.981452137231826782e-02
5.404121279716491699e-01
3.986631929874420166e-01
2.489113956689834595e-01
2.268336862325668335e-01
1.865028440952301025e-01
2.419011890888214111e-01
2.021953463554382324e-01
4.539408087730407715e-01
7.538753747940063477e-02
1.290055811405181885e-01
1.750746369361877441e-01
3.435538336634635925e-02
4.970274865627288818e-02
6.942338496446609497e-02
8.029672503471374512e-01
4.507705867290496826e-01
7.700059562921524048e-02
1.763408482074737549e-01
5.618244037032127380e-02
2.434474229812622070e-01
1.797899305820465088e-01
6.023901700973510742e-01
1.093505322933197021e-01
5.983659252524375916e-02
6.287546455860137939e-02
7.040972709655761719e-01
3.964351117610931396e-01
1.631742417812347412e-01
4.938304796814918518e-02
6.114994361996650696e-02
8.419003337621688843e-02
6.111929193139076233e-02
1.589509248733520508e-01
2.879143878817558289e-02
1.576336026191711426e-01
6.841230988502502441e-01
3.029178641736507416e-02
5.599685907363891602e-01
2.532864212989807129e-01
7.101199030876159668e-02
1.636201888322830200e-01
1.966698467731475830e-01
1.095061823725700378e-01
8.945131301879882812e-01
1.172199174761772156e-01
9.970619082450866699e-01
7.353662252426147461e-01
1.320272386074066162e-01
4.709745645523071289e-01
3.993845358490943909e-02
3.151326626539230347e-02
1.066805273294448853e-01
1.545641869306564331e-01
3.620021641254425049e-01
1.368699371814727783e-01
5.129795148968696594e-02
3.464124798774719238e-01
3.392355442047119141e-01
9.615544676780700684e-01
1.549960076808929443e-01
6.260930001735687256e-02
2.121681123971939087e-01
5.737273022532463074e-02
2.601840198040008545e-01
9.219145029783248901e-02
5.263622477650642395e-02
2.723539993166923523e-02
3.523325920104980469e-01
3.856765925884246826e-01
3.182739764451980591e-02
8.901742100715637207e-02
6.661407649517059326e-02
7.347543537616729736e-02
4.652085900306701660e-02
1.096930801868438721e-01
1.676332503557205200e-01
5.704902485013008118e-02
6.692368388175964355e-01
8.318588137626647949e-01
8.544284701347351074e-01
9.960385560989379883e-01
1.983962059020996094e-01
1.160257533192634583e-01
5.671380460262298584e-02
6.889805942773818970e-02
6.065138056874275208e-02
5.889784544706344604e-02
1.649033278226852417e-01
1.370756775140762329e-01
6.791379302740097046e-02
4.817929491400718689e-02
1.274818927049636841e-01
3.503311574459075928e-01
9.239789843559265137e-02
1.187986433506011963e-01
2.380723692476749420e-02
3.692663088440895081e-02
7.204843312501907349e-02
9.468753635883331299e-02
1.629382073879241943e-01
3.486725315451622009e-02
7.684141397476196289e-02
3.559088334441184998e-02
1.831740587949752808e-01
1.706921756267547607e-01
2.040979117155075073e-01
6.690142303705215454e-02
4.225371778011322021e-02
5.917613953351974487e-02
2.544398233294487000e-02
9.276135265827178955e-02
3.343320190906524658e-01
5.186791718006134033e-02
9.783560037612915039e-02
1.665629893541336060e-01
8.151927590370178223e-02
1.474454700946807861e-01
8.629415184259414673e-02
4.500221833586692810e-02
1.536582559347152710e-01
5.306544899940490723e-01
3.694006204605102539e-01
7.755916565656661987e-02
4.406920447945594788e-02
9.658551961183547974e-02
3.920944035053253174e-02
1.103035453706979752e-02
1.110796723514795303e-02
1.179505735635757446e-01
2.848703265190124512e-01
6.768623739480972290e-02
2.089071087539196014e-02
8.774228394031524658e-02
5.600675195455551147e-02
5.563775077462196350e-02
1.051162630319595337e-01
9.654379636049270630e-02
9.851209819316864014e-02
5.891139805316925049e-02
6.425140053033828735e-02
6.006438285112380981e-02
7.260281592607498169e-02
7.944053411483764648e-02
7.304058969020843506e-02
1.063504070043563843e-01
1.139779686927795410e-01
1.466704607009887695e-01
1.725756675004959106e-01
